50
0.000000 1.000000 2.000000 1.000000 0.063699 1.117822 0.394022 1.609012 1.735509 1.099176 0.408607 0.194514 1.550226 0.163955 1.004768 0.736374 0.590228 0.495347 1.199220 0.060481 1.784405 0.050158 0.727688 0.164643 0.424131 0.490171 1.880458 1.111217 0.736251 1.755270 0.798166 0.144099 1.995996 0.486541 0.015710 1.201578 1.902405 0.394724 1.719090 1.853638 1.073174 1.550368 0.500113 0.422646 0.765402 1.820992 1.443478 0.612080 1.039222 1.461155
1.000000 0.000000 1.000000 2.000000 0.936301 1.882178 1.394022 1.390988 0.735509 0.099176 1.408607 0.805486 1.449774 0.836045 0.004768 1.736374 0.409772 0.504653 0.199220 1.060481 1.215595 1.050158 1.727688 0.835357 1.424131 1.490171 0.880458 1.888783 1.736251 0.755270 1.798166 0.855901 1.004004 1.486541 1.015710 0.201578 1.097595 0.605276 0.719090 0.853638 1.926826 1.449632 0.499887 0.577354 1.765402 1.179008 0.443478 1.612080 1.960778 0.461155
2.000000 1.000000 0.000000 1.000000 1.936301 0.882178 1.605978 0.390988 0.264491 0.900824 1.591393 1.805486 0.449774 1.836045 0.995232 1.263626 1.409772 1.504653 0.800780 1.939519 0.215595 1.949842 1.272312 1.835357 1.575869 1.509829 0.119542 0.888783 1.263749 0.244730 1.201834 1.855901 0.004004 1.513459 1.984290 0.798422 0.097595 1.605276 0.280910 0.146362 0.926826 0.449632 1.499887 1.577354 1.234598 0.179008 0.556522 1.387920 0.960778 0.538845
1.000000 2.000000 1.000000 0.000000 1.063699 0.117822 0.605978 0.609012 1.264491 1.900824 0.591393 1.194514 0.550226 1.163955 1.995232 0.263626 1.590228 1.495347 1.800780 0.939519 0.784405 0.949842 0.272312 1.164643 0.575869 0.509829 1.119542 0.111217 0.263749 1.244730 0.201834 1.144099 0.995996 0.513459 0.984290 1.798422 0.902405 1.394724 1.280910 1.146362 0.073174 0.550368 1.500113 1.422646 0.234598 0.820992 1.556522 0.387920 0.039222 1.538845
0.063699 0.936301 1.936301 1.063699 0.000000 1.181522 0.457721 1.672711 1.671809 1.035477 0.472306 0.130815 1.613925 0.100255 0.941068 0.800074 0.526529 0.431648 1.135521 0.124181 1.848105 0.113857 0.791387 0.100944 0.487830 0.553870 1.816759 1.174917 0.799951 1.691570 0.861866 0.080400 1.940305 0.550240 0.079410 1.137879 1.966104 0.331025 1.655391 1.789938 1.136873 1.614068 0.436414 0.358946 0.829101 1.884691 1.379778 0.675779 1.102922 1.397456
1.117822 1.882178 0.882178 0.117822 1.181522 0.000000 0.723801 0.491189 1.146669 1.783001 0.709216 1.312337 0.432403 1.281777 1.877410 0.381448 1.708051 1.613170 1.682958 1.057341 0.666583 1.067665 0.390135 1.282465 0.693691 0.627652 1.001719 0.006605 0.381571 1.126908 0.319656 1.261922 0.878173 0.631282 1.102112 1.680599 0.784582 1.512547 1.163087 1.028540 0.044648 0.432546 1.617936 1.540468 0.352421 0.703169 1.438700 0.505743 0.078600 1.421022
0.394022 1.394022 1.605978 0.605978 0.457721 0.723801 0.000000 1.214990 1.870470 1.493198 0.014585 0.588536 1.156204 0.557976 1.398789 0.342353 0.984250 0.889369 1.593242 0.333540 1.390384 0.343864 0.333666 0.558664 0.030109 0.096149 1.725520 0.717196 0.342230 1.850709 0.404145 0.538121 1.601974 0.092519 0.378311 1.595600 1.508383 0.788746 1.886888 1.752341 0.679152 1.156347 0.894135 0.816667 0.371380 1.426970 1.837499 0.218058 0.645201 1.855177
1.609012 1.390988 0.390988 0.609012 1.672711 0.491189 1.214990 0.000000 0.655479 1.291812 1.200405 1.803526 0.058786 1.772967 1.386220 0.872638 1.800760 1.895641 1.191768 1.548531 0.175393 1.558854 0.881324 1.773655 1.184881 1.118841 0.510530 0.497795 0.872761 0.635718 0.810846 1.753111 0.386984 1.122471 1.593302 1.189410 0.293393 1.996264 0.671898 0.537350 0.535838 0.058644 1.890875 1.968342 0.843610 0.211980 0.947510 0.996932 0.569790 0.929833
1.735509 0.735509 0.264491 1.264491 1.671809 1.146669 1.870470 0.655479 0.000000 0.636333 1.855884 1.540995 0.714265 1.571554 0.730741 1.528117 1.145281 1.240161 0.536289 1.795990 0.480086 1.785667 1.536804 1.570866 1.840360 1.774320 0.144950 1.153274 1.528240 0.019761 1.466325 1.591410 0.268495 1.777950 1.751219 0.533931 0.362086 1.340784 0.016419 0.118129 1.191317 0.714123 1.235396 1.312863 1.499089 0.443499 0.292031 1.652411 1.225269 0.274354
1.099176 0.099176 0.900824 1.900824 1.035477 1.783001 1.493198 1.291812 0.636333 0.000000 1.507783 0.904662 1.350598 0.935222 0.094409 1.835550 0.508948 0.603829 0.100044 1.159658 1.116419 1.149334 1.826864 0.934533 1.523307 1.589347 0.781282 1.789606 1.835428 0.656093 1.897343 0.955077 0.904828 1.585717 1.114887 0.102402 0.998419 0.704452 0.619914 0.754462 1.827650 1.350455 0.599063 0.676531 1.864578 1.079832 0.344302 1.711256 1.861602 0.361979
0.408607 1.408607 1.591393 0.591393 0.472306 0.709216 0.014585 1.200405 1.855884 1.507783 0.000000 0.603121 1.141619 0.572562 1.413374 0.327767 0.998835 0.903954 1.607827 0.348125 1.375798 0.358449 0.319081 0.573250 0.015524 0.081564 1.710935 0.702610 0.327644 1.836124 0.389559 0.552706 1.587389 0.077934 0.392897 1.610185 1.493798 0.803331 1.872303 1.737755 0.664567 1.141761 0.908720 0.831252 0.356795 1.412385 1.852085 0.203473 0.630615 1.869762
0.194514 0.805486 1.805486 1.194514 0.130815 1.312337 0.588536 1.803526 1.540995 0.904662 0.603121 0.000000 1.744740 0.030559 0.810254 0.930888 0.395714 0.300833 1.004706 0.254995 1.978919 0.244672 0.922202 0.029871 0.618645 0.684685 1.685944 1.305731 0.930765 1.560756 0.992680 0.050415 1.809490 0.681055 0.210224 1.007064 1.903081 0.200210 1.524576 1.659124 1.267688 1.744882 0.305599 0.228131 0.959916 1.984494 1.248964 0.806594 1.233736 1.266641
1.550226 1.449774 0.449774 0.550226 1.613925 0.432403 1.156204 0.058786 0.714265 1.350598 1.141619 1.744740 0.000000 1.714181 1.445006 0.813852 1.859546 1.954427 1.250554 1.489745 0.234179 1.500068 0.822538 1.714869 1.126095 1.060055 0.569316 0.439009 0.813975 0.694504 0.752060 1.694325 0.445770 1.063685 1.534516 1.248196 0.352179 1.944950 0.730684 0.596136 0.477052 0.000142 1.949661 1.972871 0.784824 0.270766 1.006296 0.938146 0.511004 0.988619
0.163955 0.836045 1.836045 1.163955 0.100255 1.281777 0.557976 1.772967 1.571554 0.935222 0.572562 0.030559 1.714181 0.000000 0.840813 0.900329 0.426273 0.331393 1.035265 0.224436 1.948360 0.214113 0.891642 0.000688 0.588086 0.654126 1.716504 1.275172 0.900206 1.591315 0.962121 0.019856 1.840049 0.650496 0.179665 1.037623 1.933640 0.230770 1.555135 1.689683 1.237129 1.714323 0.336158 0.258691 0.929357 1.984947 1.279523 0.776034 1.203177 1.297201
1.004768 0.004768 0.995232 1.995232 0.941068 1.877410 1.398789 1.386220 0.730741 0.094409 1.413374 0.810254 1.445006 0.840813 0.000000 1.741142 0.414540 0.509420 0.194452 1.065249 1.210827 1.054925 1.732455 0.840125 1.428899 1.494939 0.875691 1.884015 1.741019 0.750502 1.802934 0.860669 0.999237 1.491309 1.020478 0.196811 1.092827 0.610043 0.714323 0.848870 1.922058 1.444864 0.504655 0.582122 1.770170 1.174241 0.438710 1.616847 1.956010 0.456388
0.736374 1.736374 1.263626 0.263626 0.800074 0.381448 0.342353 0.872638 1.528117 1.835550 0.327767 0.930888 0.813852 0.900329 1.741142 0.000000 1.326602 1.231722 1.935594 0.675893 1.048031 0.686216 0.008687 0.901017 0.312243 0.246203 1.383167 0.374843 0.000123 1.508356 0.061792 0.880473 1.259622 0.249833 0.720664 1.937952 1.166031 1.131099 1.544536 1.409988 0.336800 0.813994 1.236487 1.159020 0.029028 1.084618 1.820148 0.124295 0.302848 1.802470
0.590228 0.409772 1.409772 1.590228 0.526529 1.708051 0.984250 1.800760 1.145281 0.508948 0.998835 0.395714 1.859546 0.426273 0.414540 1.326602 0.000000 0.094881 0.608992 0.650710 1.625367 0.640386 1.317916 0.425585 1.014359 1.080399 1.290230 1.701445 1.326479 1.165041 1.388394 0.446129 1.413776 1.076769 0.605938 0.611350 1.507367 0.195504 1.128862 1.263410 1.663402 1.859404 0.090115 0.167583 1.355630 1.588780 0.853250 1.202308 1.629450 0.870927
0.495347 0.504653 1.504653 1.495347 0.431648 1.613170 0.889369 1.895641 1.240161 0.603829 0.903954 0.300833 1.954427 0.331393 0.509420 1.231722 0.094881 0.000000 0.703873 0.555829 1.720247 0.545505 1.223035 0.330704 0.919478 0.985518 1.385111 1.606565 1.231599 1.259922 1.293514 0.351248 1.508657 0.981888 0.511058 0.706231 1.602248 0.100623 1.223743 1.358290 1.568521 1.954284 0.004766 0.072702 1.260749 1.683661 0.948130 1.107427 1.534570 0.965808
1.199220 0.199220 0.800780 1.800780 1.135521 1.682958 1.593242 1.191768 0.536289 0.100044 1.607827 1.004706 1.250554 1.035265 0.194452 1.935594 0.608992 0.703873 0.000000 1.259701 1.016375 1.249378 1.926908 1.034577 1.623351 1.689391 0.681238 1.689563 1.935471 0.556050 1.997386 1.055121 0.804784 1.685761 1.214930 0.002358 0.898375 0.804496 0.519870 0.654418 1.727606 1.250412 0.699107 0.776574 1.964622 0.979788 0.244258 1.811300 1.761558 0.261935
0.060481 1.060481 1.939519 0.939519 0.124181 1.057341 0.333540 1.548531 1.795990 1.159658 0.348125 0.254995 1.489745 0.224436 1.065249 0.675893 0.650710 0.555829 1.259701 0.000000 1.723924 0.010324 0.667206 0.225124 0.363650 0.429690 1.940940 1.050736 0.675770 1.815751 0.737685 0.204581 1.935514 0.426059 0.044771 1.262060 1.841924 0.455206 1.779572 1.914119 1.012693 1.489887 0.560594 0.483127 0.704921 1.760510 1.503959 0.551598 0.978741 1.521637
1.784405 1.215595 0.215595 0.784405 1.848105 0.666583 1.390384 0.175393 0.480086 1.116419 1.375798 1.978919 0.234179 1.948360 1.210827 1.048031 1.625367 1.720247 1.016375 1.723924 0.000000 1.734247 1.056718 1.949048 1.360274 1.294234 0.335136 0.673188 1.048154 0.460325 0.986239 1.928504 0.211591 1.297864 1.768695 1.014017 0.118000 1.820870 0.496505 0.361957 0.711231 0.234037 1.715482 1.792949 1.019003 0.036587 0.772117 1.172325 0.745183 0.754440
0.050158 1.050158 1.949842 0.949842 0.113857 1.067665 0.343864 1.558854 1.785667 1.149334 0.358449 0.244672 1.500068 0.214113 1.054925 0.686216 0.640386 0.545505 1.249378 0.010324 1.734247 0.000000 0.677530 0.214801 0.373973 0.440013 1.930616 1.061059 0.686094 1.805427 0.748008 0.194257 1.945838 0.436383 0.034448 1.251736 1.852247 0.444882 1.769248 1.903796 1.023016 1.500211 0.550271 0.472803 0.715244 1.770834 1.493636 0.561922 0.989064 1.511313
0.727688 1.727688 1.272312 0.272312 0.791387 0.390135 0.333666 0.881324 1.536804 1.826864 0.319081 0.922202 0.822538 0.891642 1.732455 0.008687 1.317916 1.223035 1.926908 0.667206 1.056718 0.677530 0.000000 0.892331 0.303557 0.237517 1.391854 0.383530 0.008564 1.517043 0.070479 0.871787 1.268308 0.241147 0.711977 1.929266 1.174717 1.122412 1.553222 1.418675 0.345486 0.822681 1.227801 1.150333 0.037714 1.093304 1.828835 0.115608 0.311534 1.811157
0.164643 0.835357 1.835357 1.164643 0.100944 1.282465 0.558664 1.773655 1.570866 0.934533 0.573250 0.029871 1.714869 0.000688 0.840125 0.901017 0.425585 0.330704 1.034577 0.225124 1.949048 0.214801 0.892331 0.000000 0.588774 0.654814 1.715816 1.275860 0.900894 1.590627 0.962809 0.020544 1.839361 0.651184 0.180353 1.036935 1.932952 0.230082 1.554447 1.688995 1.237817 1.715011 0.335470 0.258003 0.930045 1.985635 1.278835 0.776723 1.203865 1.296512
0.424131 1.424131 1.575869 0.575869 0.487830 0.693691 0.030109 1.184881 1.840360 1.523307 0.015524 0.618645 1.126095 0.588086 1.428899 0.312243 1.014359 0.919478 1.623351 0.363650 1.360274 0.373973 0.303557 0.588774 0.000000 0.066040 1.695411 0.687086 0.312120 1.820599 0.374035 0.568230 1.571865 0.062410 0.408421 1.625709 1.478274 0.818855 1.856779 1.722231 0.649043 1.126237 0.924244 0.846777 0.341271 1.396861 1.867609 0.187949 0.615091 1.885286
0.490171 1.490171 1.509829 0.509829 0.553870 0.627652 0.096149 1.118841 1.774320 1.589347 0.081564 0.684685 1.060055 0.654126 1.494939 0.246203 1.080399 0.985518 1.689391 0.429690 1.294234 0.440013 0.237517 0.654814 0.066040 0.000000 1.629371 0.621046 0.246080 1.754559 0.307995 0.634270 1.505825 0.003630 0.474461 1.691749 1.412234 0.884895 1.790739 1.656191 0.583003 1.060197 0.990284 0.912817 0.275231 1.330821 1.933649 0.121909 0.549051 1.951326
1.880458 0.880458 0.119542 1.119542 1.816759 1.001719 1.725520 0.510530 0.144950 0.781282 1.710935 1.685944 0.569316 1.716504 0.875691 1.383167 1.290230 1.385111 0.681238 1.940940 0.335136 1.930616 1.391854 1.715816 1.695411 1.629371 0.000000 1.008324 1.383290 0.125189 1.321375 1.736359 0.123546 1.633001 1.896169 0.678880 0.217137 1.485734 0.161368 0.026821 1.046367 0.569173 1.380345 1.457813 1.354140 0.298550 0.436981 1.507462 1.080319 0.419303
1.111217 1.888783 0.888783 0.111217 1.174917 0.006605 0.717196 0.497795 1.153274 1.789606 0.702610 1.305731 0.439009 1.275172 1.884015 0.374843 1.701445 1.606565 1.689563 1.050736 0.673188 1.061059 0.383530 1.275860 0.687086 0.621046 1.008324 0.000000 0.374966 1.133513 0.313051 1.255316 0.884778 0.624676 1.095507 1.687204 0.791188 1.505942 1.169693 1.035145 0.038043 0.439151 1.611330 1.533863 0.345815 0.709774 1.445305 0.499138 0.071995 1.427627
0.736251 1.736251 1.263749 0.263749 0.799951 0.381571 0.342230 0.872761 1.528240 1.835428 0.327644 0.930765 0.813975 0.900206 1.741019 0.000123 1.326479 1.231599 1.935471 0.675770 1.048154 0.686094 0.008564 0.900894 0.312120 0.246080 1.383290 0.374966 0.000000 1.508479 0.061915 0.880350 1.259744 0.249710 0.720541 1.937830 1.166154 1.130976 1.544659 1.410111 0.336923 0.814117 1.236364 1.158897 0.029151 1.084740 1.820271 0.124172 0.302971 1.802593
1.755270 0.755270 0.244730 1.244730 1.691570 1.126908 1.850709 0.635718 0.019761 0.656093 1.836124 1.560756 0.694504 1.591315 0.750502 1.508356 1.165041 1.259922 0.556050 1.815751 0.460325 1.805427 1.517043 1.590627 1.820599 1.754559 0.125189 1.133513 1.508479 0.000000 1.446564 1.611171 0.248735 1.758190 1.770980 0.553691 0.342325 1.360545 0.036179 0.098368 1.171556 0.694362 1.255157 1.332624 1.479328 0.423739 0.311792 1.632651 1.205508 0.294114
0.798166 1.798166 1.201834 0.201834 0.861866 0.319656 0.404145 0.810846 1.466325 1.897343 0.389559 0.992680 0.752060 0.962121 1.802934 0.061792 1.388394 1.293514 1.997386 0.737685 0.986239 0.748008 0.070479 0.962809 0.374035 0.307995 1.321375 0.313051 0.061915 1.446564 0.000000 0.942265 1.197829 0.311625 0.782456 1.999745 1.104239 1.192891 1.482744 1.348196 0.275008 0.752202 1.298279 1.220812 0.032764 1.022825 1.758356 0.186087 0.241056 1.740678
0.144099 0.855901 1.855901 1.144099 0.080400 1.261922 0.538121 1.753111 1.591410 0.955077 0.552706 0.050415 1.694325 0.019856 0.860669 0.880473 0.446129 0.351248 1.055121 0.204581 1.928504 0.194257 0.871787 0.020544 0.568230 0.634270 1.736359 1.255316 0.880350 1.611171 0.942265 0.000000 1.859905 0.630640 0.159809 1.057479 1.953496 0.250625 1.574991 1.709539 1.217273 1.694467 0.356014 0.278546 0.909501 1.965091 1.299379 0.756179 1.183321 1.317056
1.995996 1.004004 0.004004 0.995996 1.940305 0.878173 1.601974 0.386984 0.268495 0.904828 1.587389 1.809490 0.445770 1.840049 0.999237 1.259622 1.413776 1.508657 0.804784 1.935514 0.211591 1.945838 1.268308 1.839361 1.571865 1.505825 0.123546 0.884778 1.259744 0.248735 1.197829 1.859905 0.000000 1.509455 1.980285 0.802426 0.093591 1.609280 0.284914 0.150366 0.922822 0.445627 1.503891 1.581359 1.230594 0.175004 0.560526 1.383916 0.956774 0.542849
0.486541 1.486541 1.513459 0.513459 0.550240 0.631282 0.092519 1.122471 1.777950 1.585717 0.077934 0.681055 1.063685 0.650496 1.491309 0.249833 1.076769 0.981888 1.685761 0.426059 1.297864 0.436383 0.241147 0.651184 0.062410 0.003630 1.633001 0.624676 0.249710 1.758190 0.311625 0.630640 1.509455 0.000000 0.470831 1.688119 1.415864 0.881265 1.794369 1.659821 0.586633 1.063827 0.986654 0.909186 0.278861 1.334451 1.930019 0.125539 0.552681 1.947696
0.015710 1.015710 1.984290 0.984290 0.079410 1.102112 0.378311 1.593302 1.751219 1.114887 0.392897 0.210224 1.534516 0.179665 1.020478 0.720664 0.605938 0.511058 1.214930 0.044771 1.768695 0.034448 0.711977 0.180353 0.408421 0.474461 1.896169 1.095507 0.720541 1.770980 0.782456 0.159809 1.980285 0.470831 0.000000 1.217289 1.886695 0.410435 1.734800 1.869348 1.057464 1.534658 0.515823 0.438356 0.749692 1.805281 1.459188 0.596369 1.023512 1.476866
1.201578 0.201578 0.798422 1.798422 1.137879 1.680599 1.595600 1.189410 0.533931 0.102402 1.610185 1.007064 1.248196 1.037623 0.196811 1.937952 0.611350 0.706231 0.002358 1.262060 1.014017 1.251736 1.929266 1.036935 1.625709 1.691749 0.678880 1.687204 1.937830 0.553691 1.999745 1.057479 0.802426 1.688119 1.217289 0.000000 0.896017 0.806854 0.517512 0.652060 1.725248 1.248053 0.701465 0.778933 1.966980 0.977430 0.241900 1.813658 1.759200 0.259577
1.902405 1.097595 0.097595 0.902405 1.966104 0.784582 1.508383 0.293393 0.362086 0.998419 1.493798 1.903081 0.352179 1.933640 1.092827 1.166031 1.507367 1.602248 0.898375 1.841924 0.118000 1.852247 1.174717 1.932952 1.478274 1.412234 0.217137 0.791188 1.166154 0.342325 1.104239 1.953496 0.093591 1.415864 1.886695 0.896017 0.000000 1.702871 0.378505 0.243957 0.829231 0.352037 1.597482 1.674950 1.137003 0.081413 0.654117 1.290325 0.863183 0.636440
0.394724 0.605276 1.605276 1.394724 0.331025 1.512547 0.788746 1.996264 1.340784 0.704452 0.803331 0.200210 1.944950 0.230770 0.610043 1.131099 0.195504 0.100623 0.804496 0.455206 1.820870 0.444882 1.122412 0.230082 0.818855 0.884895 1.485734 1.505942 1.130976 1.360545 1.192891 0.250625 1.609280 0.881265 0.410435 0.806854 1.702871 0.000000 1.324366 1.458913 1.467898 1.945093 0.105389 0.027921 1.160126 1.784284 1.048753 1.006804 1.433947 1.066431
1.719090 0.719090 0.280910 1.280910 1.655391 1.163087 1.886888 0.671898 0.016419 0.619914 1.872303 1.524576 0.730684 1.555135 0.714323 1.544536 1.128862 1.223743 0.519870 1.779572 0.496505 1.769248 1.553222 1.554447 1.856779 1.790739 0.161368 1.169693 1.544659 0.036179 1.482744 1.574991 0.284914 1.794369 1.734800 0.517512 0.378505 1.324366 0.000000 0.134548 1.207736 0.730542 1.218977 1.296445 1.515508 0.459918 0.275612 1.668830 1.241688 0.257935
1.853638 0.853638 0.146362 1.146362 1.789938 1.028540 1.752341 0.537350 0.118129 0.754462 1.737755 1.659124 0.596136 1.689683 0.848870 1.409988 1.263410 1.358290 0.654418 1.914119 0.361957 1.903796 1.418675 1.688995 1.722231 1.656191 0.026821 1.035145 1.410111 0.098368 1.348196 1.709539 0.150366 1.659821 1.869348 0.652060 0.243957 1.458913 0.134548 0.000000 1.073188 0.595994 1.353525 1.430992 1.380960 0.325370 0.410160 1.534282 1.107140 0.392483
1.073174 1.926826 0.926826 0.073174 1.136873 0.044648 0.679152 0.535838 1.191317 1.827650 0.664567 1.267688 0.477052 1.237129 1.922058 0.336800 1.663402 1.568521 1.727606 1.012693 0.711231 1.023016 0.345486 1.237817 0.649043 0.583003 1.046367 0.038043 0.336923 1.171556 0.275008 1.217273 0.922822 0.586633 1.057464 1.725248 0.829231 1.467898 1.207736 1.073188 0.000000 0.477194 1.573287 1.495820 0.307772 0.747818 1.483348 0.461094 0.033952 1.465671
1.550368 1.449632 0.449632 0.550368 1.614068 0.432546 1.156347 0.058644 0.714123 1.350455 1.141761 1.744882 0.000142 1.714323 1.444864 0.813994 1.859404 1.954284 1.250412 1.489887 0.234037 1.500211 0.822681 1.715011 1.126237 1.060197 0.569173 0.439151 0.814117 0.694362 0.752202 1.694467 0.445627 1.063827 1.534658 1.248053 0.352037 1.945093 0.730542 0.595994 0.477194 0.000000 1.949519 1.973014 0.784966 0.270623 1.006154 0.938289 0.511146 0.988476
0.500113 0.499887 1.499887 1.500113 0.436414 1.617936 0.894135 1.890875 1.235396 0.599063 0.908720 0.305599 1.949661 0.336158 0.504655 1.236487 0.090115 0.004766 0.699107 0.560594 1.715482 0.550271 1.227801 0.335470 0.924244 0.990284 1.380345 1.611330 1.236364 1.255157 1.298279 0.356014 1.503891 0.986654 0.515823 0.701465 1.597482 0.105389 1.218977 1.353525 1.573287 1.949519 0.000000 0.077467 1.265515 1.678895 0.943365 1.112193 1.539335 0.961042
0.422646 0.577354 1.577354 1.422646 0.358946 1.540468 0.816667 1.968342 1.312863 0.676531 0.831252 0.228131 1.972871 0.258691 0.582122 1.159020 0.167583 0.072702 0.776574 0.483127 1.792949 0.472803 1.150333 0.258003 0.846777 0.912817 1.457813 1.533863 1.158897 1.332624 1.220812 0.278546 1.581359 0.909186 0.438356 0.778933 1.674950 0.027921 1.296445 1.430992 1.495820 1.973014 0.077467 0.000000 1.188048 1.756363 1.020832 1.034725 1.461868 1.038510
0.765402 1.765402 1.234598 0.234598 0.829101 0.352421 0.371380 0.843610 1.499089 1.864578 0.356795 0.959916 0.784824 0.929357 1.770170 0.029028 1.355630 1.260749 1.964622 0.704921 1.019003 0.715244 0.037714 0.930045 0.341271 0.275231 1.354140 0.345815 0.029151 1.479328 0.032764 0.909501 1.230594 0.278861 0.749692 1.966980 1.137003 1.160126 1.515508 1.380960 0.307772 0.784966 1.265515 1.188048 0.000000 1.055590 1.791120 0.153322 0.273820 1.773443
1.820992 1.179008 0.179008 0.820992 1.884691 0.703169 1.426970 0.211980 0.443499 1.079832 1.412385 1.984494 0.270766 1.984947 1.174241 1.084618 1.588780 1.683661 0.979788 1.760510 0.036587 1.770834 1.093304 1.985635 1.396861 1.330821 0.298550 0.709774 1.084740 0.423739 1.022825 1.965091 0.175004 1.334451 1.805281 0.977430 0.081413 1.784284 0.459918 0.325370 0.747818 0.270623 1.678895 1.756363 1.055590 0.000000 0.735530 1.208912 0.781770 0.717853
1.443478 0.443478 0.556522 1.556522 1.379778 1.438700 1.837499 0.947510 0.292031 0.344302 1.852085 1.248964 1.006296 1.279523 0.438710 1.820148 0.853250 0.948130 0.244258 1.503959 0.772117 1.493636 1.828835 1.278835 1.867609 1.933649 0.436981 1.445305 1.820271 0.311792 1.758356 1.299379 0.560526 1.930019 1.459188 0.241900 0.654117 1.048753 0.275612 0.410160 1.483348 1.006154 0.943365 1.020832 1.791120 0.735530 0.000000 1.944442 1.517300 0.017677
0.612080 1.612080 1.387920 0.387920 0.675779 0.505743 0.218058 0.996932 1.652411 1.711256 0.203473 0.806594 0.938146 0.776034 1.616847 0.124295 1.202308 1.107427 1.811300 0.551598 1.172325 0.561922 0.115608 0.776723 0.187949 0.121909 1.507462 0.499138 0.124172 1.632651 0.186087 0.756179 1.383916 0.125539 0.596369 1.813658 1.290325 1.006804 1.668830 1.534282 0.461094 0.938289 1.112193 1.034725 0.153322 1.208912 1.944442 0.000000 0.427142 1.926765
1.039222 1.960778 0.960778 0.039222 1.102922 0.078600 0.645201 0.569790 1.225269 1.861602 0.630615 1.233736 0.511004 1.203177 1.956010 0.302848 1.629450 1.534570 1.761558 0.978741 0.745183 0.989064 0.311534 1.203865 0.615091 0.549051 1.080319 0.071995 0.302971 1.205508 0.241056 1.183321 0.956774 0.552681 1.023512 1.759200 0.863183 1.433947 1.241688 1.107140 0.033952 0.511146 1.539335 1.461868 0.273820 0.781770 1.517300 0.427142 0.000000 1.499623
1.461155 0.461155 0.538845 1.538845 1.397456 1.421022 1.855177 0.929833 0.274354 0.361979 1.869762 1.266641 0.988619 1.297201 0.456388 1.802470 0.870927 0.965808 0.261935 1.521637 0.754440 1.511313 1.811157 1.296512 1.885286 1.951326 0.419303 1.427627 1.802593 0.294114 1.740678 1.317056 0.542849 1.947696 1.476866 0.259577 0.636440 1.066431 0.257935 0.392483 1.465671 0.988476 0.961042 1.038510 1.773443 0.717853 0.017677 1.926765 1.499623 0.000000
