20
0.000000 1.000000 2.000000 1.000000 0.645718 1.332573 0.221404 1.777732 1.849379 1.879296 1.002461 0.738817 0.902561 1.665012 1.096393 0.016918 0.924529 1.649603 1.945017 0.126153
1.000000 0.000000 1.000000 2.000000 0.354282 1.667427 1.221404 1.222268 1.150621 1.120704 0.002461 1.738817 0.097439 1.334988 1.903607 1.016918 0.075471 0.649603 0.945017 0.873847
2.000000 1.000000 0.000000 1.000000 1.354282 0.667427 1.778596 0.222268 0.150621 0.120704 0.997539 1.261183 1.097439 0.334988 0.903607 1.983082 1.075471 0.350397 0.054983 1.873847
1.000000 2.000000 1.000000 0.000000 1.645718 0.332573 0.778596 0.777732 0.849379 0.879296 1.997539 0.261183 1.902561 0.665012 0.096393 0.983082 1.924529 1.350397 1.054983 1.126153
0.645718 0.354282 1.354282 1.645718 0.000000 1.978290 0.867122 1.576550 1.504903 1.474986 0.356743 1.384534 0.256843 1.689271 1.742111 0.662635 0.278811 1.003885 1.299300 0.519565
1.332573 1.667427 0.667427 0.332573 1.978290 0.000000 1.111169 0.445160 0.516806 0.546723 1.664966 0.593756 1.764866 0.332439 0.236180 1.315655 1.742899 1.017824 0.722410 1.458726
0.221404 1.221404 1.778596 0.778596 0.867122 1.111169 0.000000 1.556328 1.627975 1.657892 1.223865 0.517413 1.123965 1.443607 0.874989 0.204487 1.145933 1.871007 1.833579 0.347557
1.777732 1.222268 0.222268 0.777732 1.576550 0.445160 1.556328 0.000000 0.071647 0.101564 1.219807 1.038916 1.319707 0.112721 0.681339 1.760815 1.297739 0.572665 0.277250 1.903885
1.849379 1.150621 0.150621 0.849379 1.504903 0.516806 1.627975 0.071647 0.000000 0.029917 1.148160 1.110563 1.248060 0.184368 0.752986 1.832462 1.226092 0.501018 0.205604 1.975532
1.879296 1.120704 0.120704 0.879296 1.474986 0.546723 1.657892 0.101564 0.029917 0.000000 1.118243 1.140479 1.218143 0.214285 0.782903 1.862378 1.196175 0.471101 0.175687 1.994551
1.002461 0.002461 0.997539 1.997539 0.356743 1.664966 1.223865 1.219807 1.148160 1.118243 0.000000 1.741278 0.099900 1.332528 1.901146 1.019378 0.077932 0.647142 0.942556 0.876308
0.738817 1.738817 1.261183 0.261183 1.384534 0.593756 0.517413 1.038916 1.110563 1.140479 1.741278 0.000000 1.641378 0.926195 0.357576 0.721899 1.663345 1.611580 1.316166 0.864970
0.902561 0.097439 1.097439 1.902561 0.256843 1.764866 1.123965 1.319707 1.248060 1.218143 0.099900 1.641378 0.000000 1.432428 1.998954 0.919478 0.021968 0.747042 1.042456 0.776408
1.665012 1.334988 0.334988 0.665012 1.689271 0.332439 1.443607 0.112721 0.184368 0.214285 1.332528 0.926195 1.432428 0.000000 0.568618 1.648094 1.410460 0.685386 0.389971 1.791164
1.096393 1.903607 0.903607 0.096393 1.742111 0.236180 0.874989 0.681339 0.752986 0.782903 1.901146 0.357576 1.998954 0.568618 0.000000 1.079476 1.979078 1.254004 0.958590 1.222546
0.016918 1.016918 1.983082 0.983082 0.662635 1.315655 0.204487 1.760815 1.832462 1.862378 1.019378 0.721899 0.919478 1.648094 1.079476 0.000000 0.941446 1.666520 1.961935 0.143070
0.924529 0.075471 1.075471 1.924529 0.278811 1.742899 1.145933 1.297739 1.226092 1.196175 0.077932 1.663345 0.021968 1.410460 1.979078 0.941446 0.000000 0.725074 1.020489 0.798376
1.649603 0.649603 0.350397 1.350397 1.003885 1.017824 1.871007 0.572665 0.501018 0.471101 0.647142 1.611580 0.747042 0.685386 1.254004 1.666520 0.725074 0.000000 0.295414 1.523450
1.945017 0.945017 0.054983 1.054983 1.299300 0.722410 1.833579 0.277250 0.205604 0.175687 0.942556 1.316166 1.042456 0.389971 0.958590 1.961935 1.020489 0.295414 0.000000 1.818864
0.126153 0.873847 1.873847 1.126153 0.519565 1.458726 0.347557 1.903885 1.975532 1.994551 0.876308 0.864970 0.776408 1.791164 1.222546 0.143070 0.798376 1.523450 1.818864 0.000000
