20
0.000000 1.000000 2.000000 1.000000 1.634490 0.313755 0.446888 0.019555 0.326931 0.693639 1.318883 0.388302 0.095406 0.666460 0.403087 0.809464 1.061984 0.705897 0.562932 1.027298
1.000000 0.000000 1.000000 2.000000 1.365510 0.686245 1.446888 0.980445 1.326931 0.306361 0.318883 0.611698 1.095406 1.666460 0.596913 0.190536 0.061984 0.294103 1.562932 0.027298
2.000000 1.000000 0.000000 1.000000 0.365510 1.686245 1.553112 1.980445 1.673069 1.306361 0.681117 1.611698 1.904594 1.333540 1.596913 1.190536 0.938016 1.294103 1.437068 0.972702
1.000000 2.000000 1.000000 0.000000 0.634490 1.313755 0.553112 1.019555 0.673069 1.693639 1.681117 1.388302 0.904594 0.333540 1.403087 1.809464 1.938016 1.705897 0.437068 1.972702
1.634490 1.365510 0.365510 0.634490 0.000000 1.948244 1.187602 1.654045 1.307559 1.671872 1.046628 1.977209 1.539084 0.968029 1.962423 1.556046 1.303526 1.659613 1.071557 1.338213
0.313755 0.686245 1.686245 1.313755 1.948244 0.000000 0.760643 0.294199 0.640686 0.379884 1.005128 0.074547 0.409160 0.980215 0.089332 0.495709 0.748229 0.392143 0.876687 0.713543
0.446888 1.446888 1.553112 0.553112 1.187602 0.760643 0.000000 0.466443 0.119957 1.140527 1.765771 0.835190 0.351482 0.219572 0.849975 1.256352 1.508872 1.152785 0.116044 1.474186
0.019555 0.980445 1.980445 1.019555 1.654045 0.294199 0.466443 0.000000 0.346486 0.674084 1.299328 0.368746 0.114961 0.686016 0.383532 0.789909 1.042429 0.686342 0.582487 1.007743
0.326931 1.326931 1.673069 0.673069 1.307559 0.640686 0.119957 0.346486 0.000000 1.020570 1.645814 0.715233 0.231525 0.339529 0.730018 1.136395 1.388915 1.032828 0.236001 1.354229
0.693639 0.306361 1.306361 1.693639 1.671872 0.379884 1.140527 0.674084 1.020570 0.000000 0.625244 0.305337 0.789044 1.360099 0.290552 0.115825 0.368345 0.012258 1.256571 0.333659
1.318883 0.318883 0.681117 1.681117 1.046628 1.005128 1.765771 1.299328 1.645814 0.625244 0.000000 0.930581 1.414288 1.985343 0.915796 0.509419 0.256899 0.612985 1.881815 0.291585
0.388302 0.611698 1.611698 1.388302 1.977209 0.074547 0.835190 0.368746 0.715233 0.305337 0.930581 0.000000 0.483707 1.054762 0.014785 0.421162 0.673682 0.317596 0.951234 0.638996
0.095406 1.095406 1.904594 0.904594 1.539084 0.409160 0.351482 0.114961 0.231525 0.789044 1.414288 0.483707 0.000000 0.571055 0.498493 0.904870 1.157390 0.801303 0.467527 1.122703
0.666460 1.666460 1.333540 0.333540 0.968029 0.980215 0.219572 0.686016 0.339529 1.360099 1.985343 1.054762 0.571055 0.000000 1.069547 1.475925 1.728445 1.372358 0.103528 1.693758
0.403087 0.596913 1.596913 1.403087 1.962423 0.089332 0.849975 0.383532 0.730018 0.290552 0.915796 0.014785 0.498493 1.069547 0.000000 0.406377 0.658897 0.302810 0.966019 0.624211
0.809464 0.190536 1.190536 1.809464 1.556046 0.495709 1.256352 0.789909 1.136395 0.115825 0.509419 0.421162 0.904870 1.475925 0.406377 0.000000 0.252520 0.103567 1.372396 0.217834
1.061984 0.061984 0.938016 1.938016 1.303526 0.748229 1.508872 1.042429 1.388915 0.368345 0.256899 0.673682 1.157390 1.728445 0.658897 0.252520 0.000000 0.356087 1.624916 0.034686
0.705897 0.294103 1.294103 1.705897 1.659613 0.392143 1.152785 0.686342 1.032828 0.012258 0.612985 0.317596 0.801303 1.372358 0.302810 0.103567 0.356087 0.000000 1.268830 0.321401
0.562932 1.562932 1.437068 0.437068 1.071557 0.876687 0.116044 0.582487 0.236001 1.256571 1.881815 0.951234 0.467527 0.103528 0.966019 1.372396 1.624916 1.268830 0.000000 1.590230
1.027298 0.027298 0.972702 1.972702 1.338213 0.713543 1.474186 1.007743 1.354229 0.333659 0.291585 0.638996 1.122703 1.693758 0.624211 0.217834 0.034686 0.321401 1.590230 0.000000
