40
0.000000 1.000000 2.000000 1.000000 0.204251 0.032612 1.421306 1.766112 1.433044 0.421306 1.796605 1.571965 1.216687 1.234930 1.265542 0.004522 1.592814 1.386413 1.595770 1.985553 0.114479 0.118730 0.447027 1.086523 1.676619 1.163198 0.678663 1.013700 1.618337 0.301511 1.653809 1.484863 1.879501 0.468387 1.596025 1.325739 0.093602 0.409289 1.073061 1.221625
1.000000 0.000000 1.000000 2.000000 1.204251 1.032612 0.421306 0.766112 1.566956 1.421306 0.796605 1.428035 0.216687 1.765070 1.734458 1.004522 1.407186 0.386413 1.404230 1.014447 0.885521 1.118730 0.552973 0.086523 0.676619 1.836802 0.321337 1.986300 0.618337 0.698489 1.346191 0.484863 1.120499 0.531613 0.596025 1.674261 0.906398 1.409289 1.926939 0.221625
2.000000 1.000000 0.000000 1.000000 1.795749 1.967388 0.578694 0.233888 0.566956 1.578694 0.203395 0.428035 0.783313 0.765070 0.734458 1.995478 0.407186 0.613587 0.404230 0.014447 1.885521 1.881270 1.552973 0.913477 0.323381 0.836802 1.321337 0.986300 0.381663 1.698489 0.346191 0.515137 0.120499 1.531613 0.403975 0.674261 1.906398 1.590711 0.926939 0.778375
1.000000 2.000000 1.000000 0.000000 0.795749 0.967388 1.578694 1.233888 0.433044 0.578694 1.203395 0.571965 1.783313 0.234930 0.265542 0.995478 0.592814 1.613587 0.595770 0.985553 1.114479 0.881270 1.447027 1.913477 1.323381 0.163198 1.678663 0.013700 1.381663 1.301511 0.653809 1.515137 0.879501 1.468387 1.403975 0.325739 1.093602 0.590711 0.073061 1.778375
0.204251 1.204251 1.795749 0.795749 0.000000 0.171640 1.625558 1.970363 1.228793 0.217055 1.999144 1.367713 1.420939 1.030679 1.061291 0.199730 1.388563 1.590665 1.391519 1.781302 0.318730 0.085522 0.651278 1.290775 1.880870 0.958947 0.882915 0.809448 1.822589 0.505763 1.449557 1.689115 1.675249 0.672638 1.800277 1.121488 0.297854 0.205038 0.868810 1.425877
0.032612 1.032612 1.967388 0.967388 0.171640 0.000000 1.453918 1.798723 1.400433 0.388694 1.829216 1.539353 1.249299 1.202319 1.232931 0.028090 1.560203 1.419025 1.563159 1.952941 0.147091 0.086118 0.479638 1.119135 1.709230 1.130587 0.711275 0.981088 1.650949 0.334123 1.621197 1.517475 1.846889 0.500998 1.628637 1.293128 0.126214 0.376677 1.040450 1.254237
1.421306 0.421306 0.578694 1.578694 1.625558 1.453918 0.000000 0.344805 1.145649 1.842612 0.375298 1.006729 0.204619 1.343763 1.313151 1.425828 0.985879 0.034893 0.982923 0.593141 1.306827 1.540036 0.974280 0.334783 0.255312 1.415495 0.742643 1.564994 0.197031 1.119795 0.924885 0.063557 0.699193 0.952920 0.174719 1.252954 1.327704 1.830595 1.505632 0.199681
1.766112 0.766112 0.233888 1.233888 1.970363 1.798723 0.344805 0.000000 0.800844 1.812582 0.030493 0.661924 0.549425 0.998958 0.968346 1.770633 0.641074 0.379698 0.638118 0.248335 1.651633 1.884841 1.319085 0.679588 0.089493 1.070690 1.087449 1.220188 0.147774 1.464600 0.580079 0.281248 0.354387 1.297725 0.170087 0.908149 1.672509 1.824599 1.160827 0.544486
1.433044 1.566956 0.566956 0.433044 1.228793 1.400433 1.145649 0.800844 0.000000 1.011738 0.770351 0.138920 1.350269 0.198114 0.167502 1.428523 0.159770 1.180542 0.162726 0.552509 1.547523 1.314314 1.880071 1.480432 0.890337 0.269846 1.888293 0.419344 0.948619 1.734556 0.220765 1.082093 0.446457 1.901431 0.970931 0.107305 1.526647 1.023755 0.359983 1.345330
0.421306 1.421306 1.578694 0.578694 0.217055 0.388694 1.842612 1.812582 1.011738 0.000000 1.782089 1.150659 1.637993 0.813624 0.844236 0.416784 1.171508 1.807720 1.174464 1.564247 0.535785 0.302576 0.868333 1.507830 1.902075 0.741892 1.099969 0.592394 1.960357 0.722818 1.232503 1.906169 1.458195 0.889693 1.982669 0.904433 0.514909 0.012017 0.651755 1.642931
1.796605 0.796605 0.203395 1.203395 1.999144 1.829216 0.375298 0.030493 0.770351 1.782089 0.000000 0.631431 0.579917 0.968465 0.937853 1.801126 0.610581 0.410191 0.607625 0.217843 1.682126 1.915334 1.349578 0.710081 0.119986 1.040197 1.117941 1.189696 0.178267 1.495093 0.549587 0.311741 0.323895 1.328218 0.200579 0.877656 1.703002 1.794106 1.130334 0.574979
1.571965 1.428035 0.428035 0.571965 1.367713 1.539353 1.006729 0.661924 0.138920 1.150659 0.631431 0.000000 1.211348 0.337034 0.306422 1.567443 0.020850 1.041622 0.023806 0.413588 1.686444 1.453235 1.981009 1.341512 0.751417 0.408766 1.749372 0.558265 0.809698 1.873476 0.081844 0.943172 0.307536 1.959649 0.832010 0.246225 1.665567 1.162676 0.498903 1.206410
1.216687 0.216687 0.783313 1.783313 1.420939 1.249299 0.204619 0.549425 1.350269 1.637993 0.579917 1.211348 0.000000 1.548383 1.517770 1.221209 1.190499 0.169726 1.187543 0.797760 1.102208 1.335417 0.769660 0.130164 0.459932 1.620114 0.538024 1.769613 0.401650 0.915176 1.129504 0.268176 0.903812 0.748300 0.379338 1.457573 1.123085 1.625976 1.710251 0.004938
1.234930 1.765070 0.765070 0.234930 1.030679 1.202319 1.343763 0.998958 0.198114 0.813624 0.968465 0.337034 1.548383 0.000000 0.030612 1.230409 0.357884 1.378656 0.360840 0.750623 1.349409 1.116201 1.681957 1.678546 1.088451 0.071732 1.913593 0.221230 1.146732 1.536442 0.418879 1.280207 0.644571 1.703317 1.169045 0.090809 1.328533 0.825641 0.161869 1.543444
1.265542 1.734458 0.734458 0.265542 1.061291 1.232931 1.313151 0.968346 0.167502 0.844236 0.937853 0.306422 1.517770 0.030612 0.000000 1.261021 0.327272 1.348044 0.330228 0.720010 1.380021 1.146813 1.712569 1.647934 1.057839 0.102344 1.944206 0.251843 1.116120 1.567054 0.388266 1.249594 0.613958 1.733929 1.138432 0.060197 1.359145 0.856254 0.192481 1.512832
0.004522 1.004522 1.995478 0.995478 0.199730 0.028090 1.425828 1.770633 1.428523 0.416784 1.801126 1.567443 1.221209 1.230409 1.261021 0.000000 1.588293 1.390935 1.591249 1.981031 0.119001 0.114208 0.451548 1.091045 1.681140 1.158677 0.683185 1.009178 1.622859 0.306033 1.649287 1.489385 1.874979 0.472908 1.600547 1.321218 0.098124 0.404767 1.068540 1.226147
1.592814 1.407186 0.407186 0.592814 1.388563 1.560203 0.985879 0.641074 0.159770 1.171508 0.610581 0.020850 1.190499 0.357884 0.327272 1.588293 0.000000 1.020772 0.002956 0.392739 1.707293 1.474085 1.960159 1.320662 0.730567 0.429616 1.728523 0.579114 0.788849 1.894326 0.060995 0.922323 0.286687 1.938799 0.811161 0.267075 1.686417 1.183525 0.519753 1.185560
1.386413 0.386413 0.613587 1.613587 1.590665 1.419025 0.034893 0.379698 1.180542 1.807720 0.410191 1.041622 0.169726 1.378656 1.348044 1.390935 1.020772 0.000000 1.017816 0.628034 1.271934 1.505143 0.939387 0.299890 0.290205 1.450388 0.707750 1.599887 0.231924 1.084902 0.959778 0.098450 0.734086 0.918027 0.209612 1.287847 1.292811 1.795702 1.540525 0.164788
1.595770 1.404230 0.404230 0.595770 1.391519 1.563159 0.982923 0.638118 0.162726 1.174464 0.607625 0.023806 1.187543 0.360840 0.330228 1.591249 0.002956 1.017816 0.000000 0.389783 1.710249 1.477040 1.957203 1.317706 0.727611 0.432572 1.725567 0.582070 0.785893 1.897282 0.058039 0.919367 0.283731 1.935843 0.808205 0.270031 1.689373 1.186481 0.522709 1.182604
1.985553 1.014447 0.014447 0.985553 1.781302 1.952941 0.593141 0.248335 0.552509 1.564247 0.217843 0.413588 0.797760 0.750623 0.720010 1.981031 0.392739 0.628034 0.389783 0.000000 1.899968 1.866823 1.567420 0.927924 0.337828 0.822355 1.335784 0.971853 0.396110 1.712936 0.331744 0.529584 0.106052 1.546060 0.418422 0.659814 1.920845 1.576264 0.912492 0.792822
0.114479 0.885521 1.885521 1.114479 0.318730 0.147091 1.306827 1.651633 1.547523 0.535785 1.682126 1.686444 1.102208 1.349409 1.380021 0.119001 1.707293 1.271934 1.710249 1.899968 0.000000 0.233209 0.332548 0.972044 1.562140 1.277677 0.564184 1.128179 1.503858 0.187032 1.768288 1.370384 1.993980 0.353908 1.481546 1.440218 0.020877 0.523768 1.187540 1.107146
0.118730 1.118730 1.881270 0.881270 0.085522 0.086118 1.540036 1.884841 1.314314 0.302576 1.915334 1.453235 1.335417 1.116201 1.146813 0.114208 1.474085 1.505143 1.477040 1.866823 0.233209 0.000000 0.565756 1.205253 1.795349 1.044469 0.797393 0.894970 1.737067 0.420241 1.535079 1.603593 1.760771 0.587117 1.714755 1.207010 0.212332 0.290559 0.954332 1.340355
0.447027 0.552973 1.552973 1.447027 0.651278 0.479638 0.974280 1.319085 1.880071 0.868333 1.349578 1.981009 0.769660 1.681957 1.712569 0.451548 1.960159 0.939387 1.957203 1.567420 0.332548 0.565756 0.000000 0.639497 1.229592 1.610225 0.231636 1.460727 1.171310 0.145515 1.899164 1.037836 1.673472 0.021360 1.148998 1.772766 0.353424 0.856316 1.520088 0.774599
1.086523 0.086523 0.913477 1.913477 1.290775 1.119135 0.334783 0.679588 1.480432 1.507830 0.710081 1.341512 0.130164 1.678546 1.647934 1.091045 1.320662 0.299890 1.317706 0.927924 0.972044 1.205253 0.639497 0.000000 0.590095 1.750278 0.407860 1.899777 0.531814 0.785012 1.259668 0.398340 1.033976 0.618137 0.509502 1.587737 0.992921 1.495812 1.840415 0.135102
1.676619 0.676619 0.323381 1.323381 1.880870 1.709230 0.255312 0.089493 0.890337 1.902075 0.119986 0.751417 0.459932 1.088451 1.057839 1.681140 0.730567 0.290205 0.727611 0.337828 1.562140 1.795349 1.229592 0.590095 0.000000 1.160183 0.997956 1.309681 0.058282 1.375107 0.669572 0.191756 0.443880 1.208232 0.080594 0.997642 1.583016 1.914092 1.250320 0.454993
1.163198 1.836802 0.836802 0.163198 0.958947 1.130587 1.415495 1.070690 0.269846 0.741892 1.040197 0.408766 1.620114 0.071732 0.102344 1.158677 0.429616 1.450388 0.432572 0.822355 1.277677 1.044469 1.610225 1.750278 1.160183 0.000000 1.841862 0.149499 1.218464 1.464710 0.490610 1.351938 0.716302 1.631585 1.240776 0.162541 1.256801 0.753909 0.090137 1.615176
0.678663 0.321337 1.321337 1.678663 0.882915 0.711275 0.742643 1.087449 1.888293 1.099969 1.117941 1.749372 0.538024 1.913593 1.944206 0.683185 1.728523 0.707750 1.725567 1.335784 0.564184 0.797393 0.231636 0.407860 0.997956 1.841862 0.000000 1.692363 0.939674 0.377152 1.667528 0.806200 1.441836 0.210276 0.917362 1.995597 0.585061 1.087952 1.751725 0.542962
1.013700 1.986300 0.986300 0.013700 0.809448 0.981088 1.564994 1.220188 0.419344 0.592394 1.189696 0.558265 1.769613 0.221230 0.251843 1.009178 0.579114 1.599887 0.582070 0.971853 1.128179 0.894970 1.460727 1.899777 1.309681 0.149499 1.692363 0.000000 1.367963 1.315211 0.640109 1.501437 0.865801 1.482087 1.390275 0.312040 1.107302 0.604411 0.059362 1.764675
1.618337 0.618337 0.381663 1.381663 1.822589 1.650949 0.197031 0.147774 0.948619 1.960357 0.178267 0.809698 0.401650 1.146732 1.116120 1.622859 0.788849 0.231924 0.785893 0.396110 1.503858 1.737067 1.171310 0.531814 0.058282 1.218464 0.939674 1.367963 0.000000 1.316826 0.727854 0.133474 0.502162 1.149950 0.022312 1.055923 1.524735 1.972374 1.308601 0.396712
0.301511 0.698489 1.698489 1.301511 0.505763 0.334123 1.119795 1.464600 1.734556 0.722818 1.495093 1.873476 0.915176 1.536442 1.567054 0.306033 1.894326 1.084902 1.897282 1.712936 0.187032 0.420241 0.145515 0.785012 1.375107 1.464710 0.377152 1.315211 1.316826 0.000000 1.955320 1.183352 1.818988 0.166875 1.294514 1.627251 0.207909 0.710800 1.374573 0.920114
1.653809 1.346191 0.346191 0.653809 1.449557 1.621197 0.924885 0.580079 0.220765 1.232503 0.549587 0.081844 1.129504 0.418879 0.388266 1.649287 0.060995 0.959778 0.058039 0.331744 1.768288 1.535079 1.899164 1.259668 0.669572 0.490610 1.667528 0.640109 0.727854 1.955320 0.000000 0.861328 0.225692 1.877804 0.750166 0.328069 1.747411 1.244520 0.580747 1.124566
1.484863 0.484863 0.515137 1.515137 1.689115 1.517475 0.063557 0.281248 1.082093 1.906169 0.311741 0.943172 0.268176 1.280207 1.249594 1.489385 0.922323 0.098450 0.919367 0.529584 1.370384 1.603593 1.037836 0.398340 0.191756 1.351938 0.806200 1.501437 0.133474 1.183352 0.861328 0.000000 0.635636 1.016476 0.111162 1.189397 1.391261 1.894152 1.442075 0.263238
1.879501 1.120499 0.120499 0.879501 1.675249 1.846889 0.699193 0.354387 0.446457 1.458195 0.323895 0.307536 0.903812 0.644571 0.613958 1.874979 0.286687 0.734086 0.283731 0.106052 1.993980 1.760771 1.673472 1.033976 0.443880 0.716302 1.441836 0.865801 0.502162 1.818988 0.225692 0.635636 0.000000 1.652112 0.524474 0.553761 1.973103 1.470212 0.806439 0.898874
0.468387 0.531613 1.531613 1.468387 0.672638 0.500998 0.952920 1.297725 1.901431 0.889693 1.328218 1.959649 0.748300 1.703317 1.733929 0.472908 1.938799 0.918027 1.935843 1.546060 0.353908 0.587117 0.021360 0.618137 1.208232 1.631585 0.210276 1.482087 1.149950 0.166875 1.877804 1.016476 1.652112 0.000000 1.127638 1.794126 0.374784 0.877676 1.541448 0.753239
1.596025 0.596025 0.403975 1.403975 1.800277 1.628637 0.174719 0.170087 0.970931 1.982669 0.200579 0.832010 0.379338 1.169045 1.138432 1.600547 0.811161 0.209612 0.808205 0.418422 1.481546 1.714755 1.148998 0.509502 0.080594 1.240776 0.917362 1.390275 0.022312 1.294514 0.750166 0.111162 0.524474 1.127638 0.000000 1.078235 1.502423 1.994686 1.330913 0.374400
1.325739 1.674261 0.674261 0.325739 1.121488 1.293128 1.252954 0.908149 0.107305 0.904433 0.877656 0.246225 1.457573 0.090809 0.060197 1.321218 0.267075 1.287847 0.270031 0.659814 1.440218 1.207010 1.772766 1.587737 0.997642 0.162541 1.995597 0.312040 1.055923 1.627251 0.328069 1.189397 0.553761 1.794126 1.078235 0.000000 1.419342 0.916450 0.252678 1.452635
0.093602 0.906398 1.906398 1.093602 0.297854 0.126214 1.327704 1.672509 1.526647 0.514909 1.703002 1.665567 1.123085 1.328533 1.359145 0.098124 1.686417 1.292811 1.689373 1.920845 0.020877 0.212332 0.353424 0.992921 1.583016 1.256801 0.585061 1.107302 1.524735 0.207909 1.747411 1.391261 1.973103 0.374784 1.502423 1.419342 0.000000 0.502891 1.166664 1.128023
0.409289 1.409289 1.590711 0.590711 0.205038 0.376677 1.830595 1.824599 1.023755 0.012017 1.794106 1.162676 1.625976 0.825641 0.856254 0.404767 1.183525 1.795702 1.186481 1.576264 0.523768 0.290559 0.856316 1.495812 1.914092 0.753909 1.087952 0.604411 1.972374 0.710800 1.244520 1.894152 1.470212 0.877676 1.994686 0.916450 0.502891 0.000000 0.663772 1.630914
1.073061 1.926939 0.926939 0.073061 0.868810 1.040450 1.505632 1.160827 0.359983 0.651755 1.130334 0.498903 1.710251 0.161869 0.192481 1.068540 0.519753 1.540525 0.522709 0.912492 1.187540 0.954332 1.520088 1.840415 1.250320 0.090137 1.751725 0.059362 1.308601 1.374573 0.580747 1.442075 0.806439 1.541448 1.330913 0.252678 1.166664 0.663772 0.000000 1.705313
1.221625 0.221625 0.778375 1.778375 1.425877 1.254237 0.199681 0.544486 1.345330 1.642931 0.574979 1.206410 0.004938 1.543444 1.512832 1.226147 1.185560 0.164788 1.182604 0.792822 1.107146 1.340355 0.774599 0.135102 0.454993 1.615176 0.542962 1.764675 0.396712 0.920114 1.124566 0.263238 0.898874 0.753239 0.374400 1.452635 1.128023 1.630914 1.705313 0.000000
