35
0.000000 1.000000 2.000000 1.000000 0.045250 0.801172 1.908582 1.728458 1.530872 0.292894 0.515753 0.109411 0.687793 1.677655 0.476694 1.563403 0.398448 0.956314 1.889097 1.358819 1.733191 1.600966 0.419446 1.969900 1.425196 0.522455 1.836899 1.621810 1.142027 1.516879 1.261607 1.123709 0.353381 1.104423 1.060016
1.000000 0.000000 1.000000 2.000000 1.045250 1.801172 1.091418 0.728458 1.469128 0.707106 1.515753 0.890589 0.312207 0.677655 0.523306 1.436597 1.398448 1.956314 0.889097 1.641181 1.266809 0.600966 1.419446 1.030100 0.425196 0.477545 0.836899 1.378190 0.142027 1.483121 1.738393 1.876291 1.353381 1.895577 0.060016
2.000000 1.000000 0.000000 1.000000 1.954750 1.198828 0.091418 0.271542 0.469128 1.707106 1.484247 1.890589 1.312207 0.322345 1.523306 0.436597 1.601552 1.043686 0.110903 0.641181 0.266809 0.399034 1.580554 0.030100 0.574804 1.477545 0.163101 0.378190 0.857973 0.483121 0.738393 0.876291 1.646619 0.895577 0.939984
1.000000 2.000000 1.000000 0.000000 0.954750 0.198828 0.908582 1.271542 0.530872 1.292894 0.484247 1.109411 1.687793 1.322345 1.476694 0.563403 0.601552 0.043686 1.110903 0.358819 0.733191 1.399034 0.580554 0.969900 1.574804 1.522455 1.163101 0.621810 1.857973 0.516879 0.261607 0.123709 0.646619 0.104423 1.939984
0.045250 1.045250 1.954750 0.954750 0.000000 0.755922 1.863332 1.773707 1.485623 0.338144 0.470503 0.154661 0.733043 1.722905 0.521944 1.518153 0.353198 0.911064 1.934347 1.313569 1.687941 1.646216 0.374196 1.924651 1.470445 0.567705 1.882149 1.576560 1.187276 1.471630 1.216357 1.078459 0.308131 1.059173 1.105265
0.801172 1.801172 1.198828 0.198828 0.755922 0.000000 1.107409 1.470370 0.729700 1.094067 0.285419 0.910583 1.488965 1.521173 1.277866 0.762231 0.402724 0.155142 1.309731 0.557647 0.932019 1.597862 0.381726 1.168728 1.773632 1.323627 1.361929 0.820637 1.943199 0.715707 0.460434 0.322537 0.447791 0.303250 1.861188
1.908582 1.091418 0.091418 0.908582 1.863332 1.107409 0.000000 0.362961 0.377709 1.798524 1.392829 1.982007 1.403625 0.413763 1.614724 0.345179 1.510133 0.952268 0.202321 0.549763 0.175391 0.490452 1.489136 0.061319 0.666223 1.568963 0.254519 0.286772 0.949392 0.391702 0.646975 0.784873 1.555201 0.804159 1.031403
1.728458 0.728458 0.271542 1.271542 1.773707 1.470370 0.362961 0.000000 0.740670 1.435563 1.755789 1.619046 1.040664 0.050803 1.251763 0.708140 1.873094 1.315229 0.160639 0.912724 0.538352 0.127491 1.852097 0.301642 0.303262 1.206003 0.108441 0.649733 0.586431 0.754663 1.009936 1.147834 1.918161 1.167120 0.668442
1.530872 1.469128 0.469128 0.530872 1.485623 0.729700 0.377709 0.740670 0.000000 1.823767 1.015119 1.640284 1.781335 0.791473 1.992434 0.032531 1.132424 0.574559 0.580031 0.172054 0.202319 0.868162 1.111426 0.439028 1.043932 1.946673 0.632229 0.090937 1.327101 0.013993 0.269266 0.407163 1.177491 0.426450 1.409112
0.292894 0.707106 1.707106 1.292894 0.338144 1.094067 1.798524 1.435563 1.823767 0.000000 0.808647 0.183483 0.394899 1.384761 0.183800 1.856297 0.691343 1.249208 1.596203 1.651713 1.973915 1.308072 0.712340 1.737205 1.132301 0.229561 1.544005 1.914704 0.849132 1.809774 1.554501 1.416603 0.646276 1.397317 0.767121
0.515753 1.515753 1.484247 0.484247 0.470503 0.285419 1.392829 1.755789 1.015119 0.808647 0.000000 0.625164 1.203546 1.806592 0.992447 1.047650 0.117305 0.440561 1.595150 0.843066 1.217438 1.883281 0.096307 1.454147 1.940949 1.038208 1.647348 1.106057 1.657780 1.001126 0.745854 0.607956 0.162372 0.588670 1.575769
0.109411 0.890589 1.890589 1.109411 0.154661 0.910583 1.982007 1.619046 1.640284 0.183483 0.625164 0.000000 0.578382 1.568244 0.367283 1.672814 0.507859 1.065725 1.779686 1.468230 1.842602 1.491555 0.528857 1.920688 1.315784 0.413044 1.727488 1.731221 1.032615 1.626291 1.371018 1.233120 0.462792 1.213834 0.950604
0.687793 0.312207 1.312207 1.687793 0.733043 1.488965 1.403625 1.040664 1.781335 0.394899 1.203546 0.578382 0.000000 0.989862 0.211099 1.748804 1.086241 1.644107 1.201304 1.953388 1.579016 0.913173 1.107239 1.342306 0.737402 0.165338 1.149106 1.690397 0.454233 1.795327 1.949400 1.811502 1.041174 1.792216 0.372223
1.677655 0.677655 0.322345 1.322345 1.722905 1.521173 0.413763 0.050803 0.791473 1.384761 1.806592 1.568244 0.989862 0.000000 1.200961 0.758942 1.923897 1.366031 0.211442 0.963526 0.589154 0.076689 1.902899 0.352445 0.252459 1.155200 0.159244 0.700536 0.535628 0.805466 1.060738 1.198636 1.968964 1.217922 0.617639
0.476694 0.523306 1.523306 1.476694 0.521944 1.277866 1.614724 1.251763 1.992434 0.183800 0.992447 0.367283 0.211099 1.200961 0.000000 1.959903 0.875142 1.433008 1.412403 1.835513 1.790115 1.124272 0.896140 1.553405 0.948501 0.045761 1.360205 1.901496 0.665333 1.993574 1.738301 1.600403 0.830075 1.581117 0.583322
1.563403 1.436597 0.436597 0.563403 1.518153 0.762231 0.345179 0.708140 0.032531 1.856297 1.047650 1.672814 1.748804 0.758942 1.959903 0.000000 1.164955 0.607089 0.547500 0.204584 0.169788 0.835631 1.143957 0.406498 1.011402 1.914142 0.599698 0.058407 1.294571 0.046523 0.301796 0.439694 1.210022 0.458980 1.376581
0.398448 1.398448 1.601552 0.601552 0.353198 0.402724 1.510133 1.873094 1.132424 0.691343 0.117305 0.507859 1.086241 1.923897 0.875142 1.164955 0.000000 0.557866 1.712455 0.960371 1.334743 1.999414 0.020998 1.571452 1.823644 0.920903 1.764653 1.223361 1.540475 1.118431 0.863158 0.725261 0.045067 0.705974 1.458464
0.956314 1.956314 1.043686 0.043686 0.911064 0.155142 0.952268 1.315229 0.574559 1.249208 0.440561 1.065725 1.644107 1.366031 1.433008 0.607089 0.557866 0.000000 1.154589 0.402505 0.776877 1.442720 0.536868 1.013587 1.618491 1.478769 1.206787 0.665496 1.901660 0.560566 0.305293 0.167395 0.602933 0.148109 1.983671
1.889097 0.889097 0.110903 1.110903 1.934347 1.309731 0.202321 0.160639 0.580031 1.596203 1.595150 1.779686 1.201304 0.211442 1.412403 0.547500 1.712455 1.154589 0.000000 0.752084 0.377712 0.288131 1.691457 0.141003 0.463902 1.366642 0.052198 0.489093 0.747070 0.594024 0.849296 0.987194 1.757522 1.006480 0.829081
1.358819 1.641181 0.641181 0.358819 1.313569 0.557647 0.549763 0.912724 0.172054 1.651713 0.843066 1.468230 1.953388 0.963526 1.835513 0.204584 0.960371 0.402505 0.752084 0.000000 0.374372 1.040215 0.939373 0.611082 1.215986 1.881274 0.804282 0.262991 1.499155 0.158061 0.097212 0.235110 1.005438 0.254396 1.581166
1.733191 1.266809 0.266809 0.733191 1.687941 0.932019 0.175391 0.538352 0.202319 1.973915 1.217438 1.842602 1.579016 0.589154 1.790115 0.169788 1.334743 0.776877 0.377712 0.374372 0.000000 0.665843 1.313745 0.236710 0.841614 1.744354 0.429910 0.111381 1.124782 0.216312 0.471584 0.609482 1.379810 0.628768 1.206793
1.600966 0.600966 0.399034 1.399034 1.646216 1.597862 0.490452 0.127491 0.868162 1.308072 1.883281 1.491555 0.913173 0.076689 1.124272 0.835631 1.999414 1.442720 0.288131 1.040215 0.665843 0.000000 1.979588 0.429133 0.175771 1.078511 0.235933 0.777224 0.458940 0.882154 1.137427 1.275325 1.954347 1.294611 0.540950
0.419446 1.419446 1.580554 0.580554 0.374196 0.381726 1.489136 1.852097 1.111426 0.712340 0.096307 0.528857 1.107239 1.902899 0.896140 1.143957 0.020998 0.536868 1.691457 0.939373 1.313745 1.979588 0.000000 1.550455 1.844641 0.941901 1.743655 1.202364 1.561473 1.097434 0.842161 0.704263 0.066065 0.684977 1.479462
1.969900 1.030100 0.030100 0.969900 1.924651 1.168728 0.061319 0.301642 0.439028 1.737205 1.454147 1.920688 1.342306 0.352445 1.553405 0.406498 1.571452 1.013587 0.141003 0.611082 0.236710 0.429133 1.550455 0.000000 0.604904 1.507645 0.193201 0.348091 0.888073 0.453021 0.708294 0.846192 1.616519 0.865478 0.970084
1.425196 0.425196 0.574804 1.574804 1.470445 1.773632 0.666223 0.303262 1.043932 1.132301 1.940949 1.315784 0.737402 0.252459 0.948501 1.011402 1.823644 1.618491 0.463902 1.215986 0.841614 0.175771 1.844641 0.604904 0.000000 0.902741 0.411703 0.952995 0.283169 1.057925 1.313198 1.451096 1.778577 1.470382 0.365180
0.522455 0.477545 1.477545 1.522455 0.567705 1.323627 1.568963 1.206003 1.946673 0.229561 1.038208 0.413044 0.165338 1.155200 0.045761 1.914142 0.920903 1.478769 1.366642 1.881274 1.744354 1.078511 0.941901 1.507645 0.902741 0.000000 1.314444 1.855735 0.619572 1.960666 1.784062 1.646164 0.875836 1.626878 0.537561
1.836899 0.836899 0.163101 1.163101 1.882149 1.361929 0.254519 0.108441 0.632229 1.544005 1.647348 1.727488 1.149106 0.159244 1.360205 0.599698 1.764653 1.206787 0.052198 0.804282 0.429910 0.235933 1.743655 0.193201 0.411703 1.314444 0.000000 0.541291 0.694872 0.646222 0.901494 1.039392 1.809720 1.058678 0.776883
1.621810 1.378190 0.378190 0.621810 1.576560 0.820637 0.286772 0.649733 0.090937 1.914704 1.106057 1.731221 1.690397 0.700536 1.901496 0.058407 1.223361 0.665496 0.489093 0.262991 0.111381 0.777224 1.202364 0.348091 0.952995 1.855735 0.541291 0.000000 1.236164 0.104930 0.360203 0.498101 1.268428 0.517387 1.318175
1.142027 0.142027 0.857973 1.857973 1.187276 1.943199 0.949392 0.586431 1.327101 0.849132 1.657780 1.032615 0.454233 0.535628 0.665333 1.294571 1.540475 1.901660 0.747070 1.499155 1.124782 0.458940 1.561473 0.888073 0.283169 0.619572 0.694872 1.236164 0.000000 1.341094 1.596367 1.734264 1.495408 1.753551 0.082011
1.516879 1.483121 0.483121 0.516879 1.471630 0.715707 0.391702 0.754663 0.013993 1.809774 1.001126 1.626291 1.795327 0.805466 1.993574 0.046523 1.118431 0.560566 0.594024 0.158061 0.216312 0.882154 1.097434 0.453021 1.057925 1.960666 0.646222 0.104930 1.341094 0.000000 0.255273 0.393171 1.163498 0.412457 1.423105
1.261607 1.738393 0.738393 0.261607 1.216357 0.460434 0.646975 1.009936 0.269266 1.554501 0.745854 1.371018 1.949400 1.060738 1.738301 0.301796 0.863158 0.305293 0.849296 0.097212 0.471584 1.137427 0.842161 0.708294 1.313198 1.784062 0.901494 0.360203 1.596367 0.255273 0.000000 0.137898 0.908225 0.157184 1.678378
1.123709 1.876291 0.876291 0.123709 1.078459 0.322537 0.784873 1.147834 0.407163 1.416603 0.607956 1.233120 1.811502 1.198636 1.600403 0.439694 0.725261 0.167395 0.987194 0.235110 0.609482 1.275325 0.704263 0.846192 1.451096 1.646164 1.039392 0.498101 1.734264 0.393171 0.137898 0.000000 0.770328 0.019286 1.816275
0.353381 1.353381 1.646619 0.646619 0.308131 0.447791 1.555201 1.918161 1.177491 0.646276 0.162372 0.462792 1.041174 1.968964 0.830075 1.210022 0.045067 0.602933 1.757522 1.005438 1.379810 1.954347 0.066065 1.616519 1.778577 0.875836 1.809720 1.268428 1.495408 1.163498 0.908225 0.770328 0.000000 0.751041 1.413397
1.104423 1.895577 0.895577 0.104423 1.059173 0.303250 0.804159 1.167120 0.426450 1.397317 0.588670 1.213834 1.792216 1.217922 1.581117 0.458980 0.705974 0.148109 1.006480 0.254396 0.628768 1.294611 0.684977 0.865478 1.470382 1.626878 1.058678 0.517387 1.753551 0.412457 0.157184 0.019286 0.751041 0.000000 1.835562
1.060016 0.060016 0.939984 1.939984 1.105265 1.861188 1.031403 0.668442 1.409112 0.767121 1.575769 0.950604 0.372223 0.617639 0.583322 1.376581 1.458464 1.983671 0.829081 1.581166 1.206793 0.540950 1.479462 0.970084 0.365180 0.537561 0.776883 1.318175 0.082011 1.423105 1.678378 1.816275 1.413397 1.835562 0.000000
