45
0.000000 1.000000 2.000000 1.000000 1.502642 1.693380 0.744847 0.605235 0.551257 0.269465 1.950127 1.155877 0.676510 0.479299 1.896020 1.835075 0.237612 0.823504 1.820653 0.621501 1.172020 0.494039 0.237480 0.858407 1.014721 1.462907 1.898774 1.636518 1.258241 0.879537 0.387875 1.655624 0.720058 1.622601 0.175158 0.224581 1.025220 0.010920 0.471205 1.431347 1.484936 0.791822 1.442687 0.175484 1.104364
1.000000 0.000000 1.000000 2.000000 1.497358 1.306620 1.744847 0.394765 0.448743 0.730535 1.049873 1.844123 1.676510 0.520701 0.896020 0.835075 0.762388 0.176496 0.820653 0.378499 1.827980 0.505961 0.762520 1.858407 1.985279 0.462907 0.898774 1.363482 1.741759 0.120463 1.387875 0.655624 0.279942 1.377399 1.175158 1.224581 0.025220 1.010920 0.528795 1.568653 0.484936 0.208178 1.557313 1.175484 1.895636
2.000000 1.000000 0.000000 1.000000 0.497358 0.306620 1.255153 1.394765 1.448743 1.730535 0.049873 0.844123 1.323490 1.520701 0.103980 0.164925 1.762388 1.176496 0.179347 1.378499 0.827980 1.505961 1.762520 1.141593 0.985279 0.537093 0.101226 0.363482 0.741759 1.120463 1.612125 0.344376 1.279942 0.377399 1.824842 1.775419 0.974780 1.989080 1.528795 0.568653 0.515064 1.208178 0.557313 1.824516 0.895636
1.000000 2.000000 1.000000 0.000000 0.502642 0.693380 0.255153 1.605235 1.551257 1.269465 0.950127 0.155877 0.323490 1.479299 1.103980 1.164925 1.237612 1.823504 1.179347 1.621501 0.172020 1.494039 1.237480 0.141593 0.014721 1.537093 1.101226 0.636518 0.258241 1.879537 0.612125 1.344376 1.720058 0.622601 0.824842 0.775419 1.974780 0.989080 1.471205 0.431347 1.515064 1.791822 0.442687 0.824516 0.104364
1.502642 1.497358 0.497358 0.502642 0.000000 0.190738 0.757795 1.892123 1.946101 1.772107 0.447486 0.346765 0.826132 1.981941 0.601338 0.662283 1.740254 1.673854 0.676705 1.875857 0.330622 1.996681 1.740122 0.644235 0.487921 1.034451 0.598584 0.133876 0.244401 1.617821 1.114767 0.841734 1.777300 0.119959 1.327484 1.278061 1.472138 1.491722 1.973847 0.071294 1.012422 1.705536 0.059955 1.327158 0.398278
1.693380 1.306620 0.306620 0.693380 0.190738 0.000000 0.948534 1.701385 1.755363 1.962846 0.256747 0.537503 1.016870 1.827320 0.410599 0.471545 1.930993 1.483116 0.485966 1.685119 0.521360 1.812580 1.930861 0.834973 0.678660 0.843712 0.407846 0.056862 0.435140 1.427082 1.305506 0.650996 1.586562 0.070780 1.518223 1.468799 1.281399 1.682460 1.835415 0.262033 0.821684 1.514797 0.250694 1.517896 0.589016
0.744847 1.744847 1.255153 0.255153 0.757795 0.948534 0.000000 1.350081 1.296104 1.014312 1.205281 0.411030 0.068337 1.224146 1.359133 1.420079 0.982459 1.568351 1.434500 1.366348 0.427173 1.238886 0.982327 0.113560 0.269874 1.792246 1.356380 0.891672 0.513394 1.624384 0.356972 1.599529 1.464904 0.877754 0.569689 0.520265 1.770067 0.733927 1.216052 0.686501 1.770218 1.536669 0.697840 0.569363 0.359517
0.605235 0.394765 1.394765 1.605235 1.892123 1.701385 1.350081 0.000000 0.053978 0.335769 1.444638 1.761112 1.281745 0.125935 1.290786 1.229840 0.367622 0.218269 1.215419 0.016266 1.777255 0.111196 0.367754 1.463642 1.619956 0.857673 1.293539 1.758247 1.863475 0.274303 0.993109 1.050389 0.114823 1.772165 0.780392 0.829816 0.419986 0.616155 0.134030 1.963418 0.879701 0.186588 1.952079 0.780719 1.709599
0.551257 0.448743 1.448743 1.551257 1.946101 1.755363 1.296104 0.053978 0.000000 0.281792 1.498615 1.707134 1.227767 0.071958 1.344763 1.283817 0.313645 0.272247 1.269396 0.070244 1.723277 0.057218 0.313777 1.409664 1.565978 0.911650 1.347517 1.812225 1.809498 0.328280 0.939132 1.104367 0.168800 1.826142 0.726415 0.775838 0.473963 0.562177 0.080052 1.982605 0.933679 0.240565 1.993944 0.726741 1.655621
0.269465 0.730535 1.730535 1.269465 1.772107 1.962846 1.014312 0.335769 0.281792 0.000000 1.780407 1.425342 0.945975 0.209834 1.626555 1.565609 0.031853 0.554039 1.551188 0.352036 1.441485 0.224574 0.031985 1.127872 1.284186 1.193442 1.629308 1.905984 1.527706 0.610072 0.657340 1.386159 0.450592 1.892066 0.444623 0.494047 0.755755 0.280385 0.201740 1.700813 1.215470 0.522357 1.712152 0.444949 1.373829
1.950127 1.049873 0.049873 0.950127 0.447486 0.256747 1.205281 1.444638 1.498615 1.780407 0.000000 0.794250 1.273617 1.570573 0.153852 0.214798 1.812260 1.226369 0.229219 1.428372 0.778107 1.555833 1.812392 1.091721 0.935407 0.586965 0.151099 0.313609 0.691887 1.170335 1.562253 0.394249 1.329815 0.327527 1.774970 1.725546 1.024652 1.939208 1.578668 0.518780 0.564937 1.258050 0.507441 1.774643 0.845763
1.155877 1.844123 0.844123 0.155877 0.346765 0.537503 0.411030 1.761112 1.707134 1.425342 0.794250 0.000000 0.479367 1.635177 0.948103 1.009048 1.393490 1.979381 1.023469 1.777378 0.016143 1.649916 1.393357 0.297470 0.141156 1.381215 0.945349 0.480641 0.102363 1.964585 0.768003 1.188499 1.875935 0.466723 0.980720 0.931296 1.818902 1.144957 1.627082 0.275470 1.359187 1.947699 0.286810 0.980393 0.051513
0.676510 1.676510 1.323490 0.323490 0.826132 1.016870 0.068337 1.281745 1.227767 0.945975 1.273617 0.479367 0.000000 1.155809 1.427470 1.488415 0.914123 1.500014 1.502837 1.298011 0.495510 1.170549 0.913990 0.181897 0.338211 1.860582 1.424716 0.960008 0.581730 1.556048 0.288636 1.667866 1.396568 0.946090 0.501353 0.451929 1.701730 0.665590 1.147715 0.754837 1.838554 1.468332 0.766177 0.501026 0.427854
0.479299 0.520701 1.520701 1.479299 1.981941 1.827320 1.224146 0.125935 0.071958 0.209834 1.570573 1.635177 1.155809 0.000000 1.416721 1.355775 0.241687 0.344205 1.341354 0.142202 1.651319 0.014740 0.241819 1.337706 1.494020 0.983608 1.419474 1.884182 1.737540 0.400238 0.867174 1.176325 0.240758 1.898100 0.654457 0.703881 0.545921 0.490219 0.008094 1.910647 1.005636 0.312523 1.921986 0.654783 1.583663
1.896020 0.896020 0.103980 1.103980 0.601338 0.410599 1.359133 1.290786 1.344763 1.626555 0.153852 0.948103 1.427470 1.416721 0.000000 0.060946 1.658408 1.072516 0.075367 1.274519 0.931960 1.401981 1.658540 1.245573 1.089259 0.433113 0.002753 0.467461 0.845739 1.016483 1.716105 0.240396 1.175963 0.481379 1.928822 1.879398 0.870800 1.906940 1.424815 0.672632 0.411085 1.104198 0.661293 1.928496 0.999616
1.835075 0.835075 0.164925 1.164925 0.662283 0.471545 1.420079 1.229840 1.283817 1.565609 0.214798 1.009048 1.488415 1.355775 0.060946 0.000000 1.597462 1.011571 0.014421 1.213574 0.992905 1.341035 1.597594 1.306519 1.150205 0.372167 0.063699 0.528407 0.906685 0.955537 1.777051 0.179451 1.115017 0.542325 1.989768 1.940344 0.809854 1.845995 1.363870 0.733578 0.350139 1.043252 0.722239 1.989441 1.060561
0.237612 0.762388 1.762388 1.237612 1.740254 1.930993 0.982459 0.367622 0.313645 0.031853 1.812260 1.393490 0.914123 0.241687 1.658408 1.597462 0.000000 0.585891 1.583041 0.383888 1.409633 0.256427 0.000132 1.096019 1.252333 1.225295 1.661161 1.874131 1.495853 0.641925 0.625487 1.418011 0.482445 1.860213 0.412770 0.462194 0.787608 0.248532 0.233592 1.668960 1.247323 0.554210 1.680299 0.413097 1.341977
0.823504 0.176496 1.176496 1.823504 1.673854 1.483116 1.568351 0.218269 0.272247 0.554039 1.226369 1.979381 1.500014 0.344205 1.072516 1.011571 0.585891 0.000000 0.997150 0.202003 1.995524 0.329465 0.586024 1.681911 1.838225 0.639404 1.075270 1.539978 1.918256 0.056034 1.211378 0.832120 0.103446 1.553896 0.998661 1.048085 0.201716 0.834424 0.352299 1.745149 0.661432 0.031682 1.733809 0.998988 1.927868
1.820653 0.820653 0.179347 1.179347 0.676705 0.485966 1.434500 1.215419 1.269396 1.551188 0.229219 1.023469 1.502837 1.341354 0.075367 0.014421 1.583041 0.997150 0.000000 1.199152 1.007327 1.326614 1.583173 1.320940 1.164626 0.357746 0.078120 0.542828 0.921106 0.941116 1.791472 0.165029 1.100596 0.556746 1.995811 1.954765 0.795433 1.831573 1.349448 0.747999 0.335718 1.028831 0.736660 1.996137 1.074983
0.621501 0.378499 1.378499 1.621501 1.875857 1.685119 1.366348 0.016266 0.070244 0.352036 1.428372 1.777378 1.298011 0.142202 1.274519 1.213574 0.383888 0.202003 1.199152 0.000000 1.793521 0.127462 0.384021 1.479908 1.636222 0.841406 1.277273 1.741981 1.879742 0.258036 1.009375 1.034123 0.098557 1.755898 0.796659 0.846082 0.403719 0.632421 0.150296 1.947152 0.863435 0.170321 1.935812 0.796985 1.725865
1.172020 1.827980 0.827980 0.172020 0.330622 0.521360 0.427173 1.777255 1.723277 1.441485 0.778107 0.016143 0.495510 1.651319 0.931960 0.992905 1.409633 1.995524 1.007327 1.793521 0.000000 1.666059 1.409500 0.313613 0.157299 1.365072 0.929206 0.464498 0.086220 1.948442 0.784146 1.172356 1.892078 0.450580 0.996863 0.947439 1.802760 1.161100 1.643225 0.259327 1.343044 1.963842 0.270667 0.996536 0.067656
0.494039 0.505961 1.505961 1.494039 1.996681 1.812580 1.238886 0.111196 0.057218 0.224574 1.555833 1.649916 1.170549 0.014740 1.401981 1.341035 0.256427 0.329465 1.326614 0.127462 1.666059 0.000000 0.256559 1.352446 1.508760 0.968868 1.404735 1.869442 1.752280 0.385498 0.881914 1.161585 0.226018 1.883360 0.669197 0.718620 0.531181 0.504959 0.022834 1.925387 0.990897 0.297783 1.936726 0.669523 1.598403
0.237480 0.762520 1.762520 1.237480 1.740122 1.930861 0.982327 0.367754 0.313777 0.031985 1.812392 1.393357 0.913990 0.241819 1.658540 1.597594 0.000132 0.586024 1.583173 0.384021 1.409500 0.256559 0.000000 1.095887 1.252201 1.225427 1.661293 1.873999 1.495721 0.642057 0.625355 1.418144 0.482577 1.860081 0.412638 0.462062 0.787740 0.248400 0.233725 1.668828 1.247455 0.554342 1.680167 0.412964 1.341844
0.858407 1.858407 1.141593 0.141593 0.644235 0.834973 0.113560 1.463642 1.409664 1.127872 1.091721 0.297470 0.181897 1.337706 1.245573 1.306519 1.096019 1.681911 1.320940 1.479908 0.313613 1.352446 1.095887 0.000000 0.156314 1.678686 1.242819 0.778111 0.399834 1.737944 0.470532 1.485969 1.578464 0.764194 0.683249 0.633826 1.883627 0.847487 1.329612 0.572941 1.656657 1.650229 0.584280 0.682923 0.245957
1.014721 1.985279 0.985279 0.014721 0.487921 0.678660 0.269874 1.619956 1.565978 1.284186 0.935407 0.141156 0.338211 1.494020 1.089259 1.150205 1.252333 1.838225 1.164626 1.636222 0.157299 1.508760 1.252201 0.156314 0.000000 1.522372 1.086505 0.621797 0.243520 1.894258 0.626846 1.329655 1.734778 0.607880 0.839563 0.790140 1.960059 1.003801 1.485926 0.416627 1.500343 1.806543 0.427966 0.839237 0.089643
1.462907 0.462907 0.537093 1.537093 1.034451 0.843712 1.792246 0.857673 0.911650 1.193442 0.586965 1.381215 1.860582 0.983608 0.433113 0.372167 1.225295 0.639404 0.357746 0.841406 1.365072 0.968868 1.225427 1.678686 1.522372 0.000000 0.435866 0.900574 1.278852 0.583370 1.850782 0.192717 0.742850 0.914492 1.638065 1.687489 0.437687 1.473827 0.991702 1.105745 0.022028 0.671085 1.094406 1.638391 1.432729
1.898774 0.898774 0.101226 1.101226 0.598584 0.407846 1.356380 1.293539 1.347517 1.629308 0.151099 0.945349 1.424716 1.419474 0.002753 0.063699 1.661161 1.075270 0.078120 1.277273 0.929206 1.404735 1.661293 1.242819 1.086505 0.435866 0.000000 0.464708 0.842986 1.019236 1.713352 0.243150 1.178716 0.478626 1.926069 1.876645 0.873553 1.909694 1.427569 0.669879 0.413838 1.106952 0.658540 1.925742 0.996862
1.636518 1.363482 0.363482 0.636518 0.133876 0.056862 0.891672 1.758247 1.812225 1.905984 0.313609 0.480641 0.960008 1.884182 0.467461 0.528407 1.874131 1.539978 0.542828 1.741981 0.464498 1.869442 1.873999 0.778111 0.621797 0.900574 0.464708 0.000000 0.378278 1.483944 1.248644 0.707858 1.643424 0.013918 1.461361 1.411937 1.338261 1.625598 1.892277 0.205171 0.878546 1.571659 0.193832 1.461034 0.532154
1.258241 1.741759 0.741759 0.258241 0.244401 0.435140 0.513394 1.863475 1.809498 1.527706 0.691887 0.102363 0.581730 1.737540 0.845739 0.906685 1.495853 1.918256 0.921106 1.879742 0.086220 1.752280 1.495721 0.399834 0.243520 1.278852 0.842986 0.378278 0.000000 1.862222 0.870366 1.086135 1.978298 0.364360 1.083083 1.033659 1.716539 1.247321 1.729446 0.173107 1.256824 1.949937 0.184446 1.082757 0.153877
0.879537 0.120463 1.120463 1.879537 1.617821 1.427082 1.624384 0.274303 0.328280 0.610072 1.170335 1.964585 1.556048 0.400238 1.016483 0.955537 0.641925 0.056034 0.941116 0.258036 1.948442 0.385498 0.642057 1.737944 1.894258 0.583370 1.019236 1.483944 1.862222 0.000000 1.267412 0.776087 0.159480 1.497862 1.054695 1.104119 0.145683 0.890457 0.408332 1.689115 0.605398 0.087715 1.677776 1.055021 1.983901
0.387875 1.387875 1.612125 0.612125 1.114767 1.305506 0.356972 0.993109 0.939132 0.657340 1.562253 0.768003 0.288636 0.867174 1.716105 1.777051 0.625487 1.211378 1.791472 1.009375 0.784146 0.881914 0.625355 0.470532 0.626846 1.850782 1.713352 1.248644 0.870366 1.267412 0.000000 1.956502 1.107932 1.234726 0.212717 0.163293 1.413095 0.376955 0.859079 1.043473 1.872810 1.179697 1.054812 0.212390 0.716490
1.655624 0.655624 0.344376 1.344376 0.841734 0.650996 1.599529 1.050389 1.104367 1.386159 0.394249 1.188499 1.667866 1.176325 0.240396 0.179451 1.418011 0.832120 0.165029 1.034123 1.172356 1.161585 1.418144 1.485969 1.329655 0.192717 0.243150 0.707858 1.086135 0.776087 1.956502 0.000000 0.935566 0.721775 1.830781 1.880205 0.630404 1.666544 1.184419 0.913029 0.170688 0.863802 0.901689 1.831108 1.240012
0.720058 0.279942 1.279942 1.720058 1.777300 1.586562 1.464904 0.114823 0.168800 0.450592 1.329815 1.875935 1.396568 0.240758 1.175963 1.115017 0.482445 0.103446 1.100596 0.098557 1.892078 0.226018 0.482577 1.578464 1.734778 0.742850 1.178716 1.643424 1.978298 0.159480 1.107932 0.935566 0.000000 1.657342 0.895215 0.944639 0.305163 0.730978 0.248853 1.848595 0.764878 0.071765 1.837256 0.895542 1.824422
1.622601 1.377399 0.377399 0.622601 0.119959 0.070780 0.877754 1.772165 1.826142 1.892066 0.327527 0.466723 0.946090 1.898100 0.481379 0.542325 1.860213 1.553896 0.556746 1.755898 0.450580 1.883360 1.860081 0.764194 0.607880 0.914492 0.478626 0.013918 0.364360 1.497862 1.234726 0.721775 1.657342 0.000000 1.447443 1.398019 1.352179 1.611681 1.906194 0.191253 0.892464 1.585577 0.179914 1.447117 0.518237
0.175158 1.175158 1.824842 0.824842 1.327484 1.518223 0.569689 0.780392 0.726415 0.444623 1.774970 0.980720 0.501353 0.654457 1.928822 1.989768 0.412770 0.998661 1.995811 0.796659 0.996863 0.669197 0.412638 0.683249 0.839563 1.638065 1.926069 1.461361 1.083083 1.054695 0.212717 1.830781 0.895215 1.447443 0.000000 0.049424 1.200378 0.164238 0.646363 1.256190 1.660093 0.966980 1.267529 0.000327 0.929207
0.224581 1.224581 1.775419 0.775419 1.278061 1.468799 0.520265 0.829816 0.775838 0.494047 1.725546 0.931296 0.451929 0.703881 1.879398 1.940344 0.462194 1.048085 1.954765 0.846082 0.947439 0.718620 0.462062 0.633826 0.790140 1.687489 1.876645 1.411937 1.033659 1.104119 0.163293 1.880205 0.944639 1.398019 0.049424 0.000000 1.249802 0.213661 0.695786 1.206766 1.709517 1.016403 1.218105 0.049097 0.879783
1.025220 0.025220 0.974780 1.974780 1.472138 1.281399 1.770067 0.419986 0.473963 0.755755 1.024652 1.818902 1.701730 0.545921 0.870800 0.809854 0.787608 0.201716 0.795433 0.403719 1.802760 0.531181 0.787740 1.883627 1.960059 0.437687 0.873553 1.338261 1.716539 0.145683 1.413095 0.630404 0.305163 1.352179 1.200378 1.249802 0.000000 1.036140 0.554015 1.543432 0.459715 0.233398 1.532093 1.200704 1.870416
0.010920 1.010920 1.989080 0.989080 1.491722 1.682460 0.733927 0.616155 0.562177 0.280385 1.939208 1.144957 0.665590 0.490219 1.906940 1.845995 0.248532 0.834424 1.831573 0.632421 1.161100 0.504959 0.248400 0.847487 1.003801 1.473827 1.909694 1.625598 1.247321 0.890457 0.376955 1.666544 0.730978 1.611681 0.164238 0.213661 1.036140 0.000000 0.482125 1.420427 1.495856 0.802742 1.431767 0.164564 1.093444
0.471205 0.528795 1.528795 1.471205 1.973847 1.835415 1.216052 0.134030 0.080052 0.201740 1.578668 1.627082 1.147715 0.008094 1.424815 1.363870 0.233592 0.352299 1.349448 0.150296 1.643225 0.022834 0.233725 1.329612 1.485926 0.991702 1.427569 1.892277 1.729446 0.408332 0.859079 1.184419 0.248853 1.906194 0.646363 0.695786 0.554015 0.482125 0.000000 1.902552 1.013731 0.320617 1.913892 0.646689 1.575569
1.431347 1.568653 0.568653 0.431347 0.071294 0.262033 0.686501 1.963418 1.982605 1.700813 0.518780 0.275470 0.754837 1.910647 0.672632 0.733578 1.668960 1.745149 0.747999 1.947152 0.259327 1.925387 1.668828 0.572941 0.416627 1.105745 0.669879 0.205171 0.173107 1.689115 1.043473 0.913029 1.848595 0.191253 1.256190 1.206766 1.543432 1.420427 1.902552 0.000000 1.083717 1.776830 0.011339 1.255863 0.326983
1.484936 0.484936 0.515064 1.515064 1.012422 0.821684 1.770218 0.879701 0.933679 1.215470 0.564937 1.359187 1.838554 1.005636 0.411085 0.350139 1.247323 0.661432 0.335718 0.863435 1.343044 0.990897 1.247455 1.656657 1.500343 0.022028 0.413838 0.878546 1.256824 0.605398 1.872810 0.170688 0.764878 0.892464 1.660093 1.709517 0.459715 1.495856 1.013731 1.083717 0.000000 0.693114 1.072378 1.660420 1.410700
0.791822 0.208178 1.208178 1.791822 1.705536 1.514797 1.536669 0.186588 0.240565 0.522357 1.258050 1.947699 1.468332 0.312523 1.104198 1.043252 0.554210 0.031682 1.028831 0.170321 1.963842 0.297783 0.554342 1.650229 1.806543 0.671085 1.106952 1.571659 1.949937 0.087715 1.179697 0.863802 0.071765 1.585577 0.966980 1.016403 0.233398 0.802742 0.320617 1.776830 0.693114 0.000000 1.765491 0.967306 1.896186
1.442687 1.557313 0.557313 0.442687 0.059955 0.250694 0.697840 1.952079 1.993944 1.712152 0.507441 0.286810 0.766177 1.921986 0.661293 0.722239 1.680299 1.733809 0.736660 1.935812 0.270667 1.936726 1.680167 0.584280 0.427966 1.094406 0.658540 0.193832 0.184446 1.677776 1.054812 0.901689 1.837256 0.179914 1.267529 1.218105 1.532093 1.431767 1.913892 0.011339 1.072378 1.765491 0.000000 1.267203 0.338323
0.175484 1.175484 1.824516 0.824516 1.327158 1.517896 0.569363 0.780719 0.726741 0.444949 1.774643 0.980393 0.501026 0.654783 1.928496 1.989441 0.413097 0.998988 1.996137 0.796985 0.996536 0.669523 0.412964 0.682923 0.839237 1.638391 1.925742 1.461034 1.082757 1.055021 0.212390 1.831108 0.895542 1.447117 0.000327 0.049097 1.200704 0.164564 0.646689 1.255863 1.660420 0.967306 1.267203 0.000000 0.928880
1.104364 1.895636 0.895636 0.104364 0.398278 0.589016 0.359517 1.709599 1.655621 1.373829 0.845763 0.051513 0.427854 1.583663 0.999616 1.060561 1.341977 1.927868 1.074983 1.725865 0.067656 1.598403 1.341844 0.245957 0.089643 1.432729 0.996862 0.532154 0.153877 1.983901 0.716490 1.240012 1.824422 0.518237 0.929207 0.879783 1.870416 1.093444 1.575569 0.326983 1.410700 1.896186 0.338323 0.928880 0.000000
