10
0.000000 1.000000 2.000000 1.000000 0.077926 0.971380 0.897863 1.302184 0.203702 1.325539
1.000000 0.000000 1.000000 2.000000 1.077926 1.971380 0.102137 1.697816 1.203702 0.325539
2.000000 1.000000 0.000000 1.000000 1.922074 1.028620 1.102137 0.697816 1.796298 0.674461
1.000000 2.000000 1.000000 0.000000 0.922074 0.028620 1.897863 0.302184 0.796298 1.674461
0.077926 1.077926 1.922074 0.922074 0.000000 0.893454 0.975790 1.224258 0.125776 1.403465
0.971380 1.971380 1.028620 0.028620 0.893454 0.000000 1.869244 0.330803 0.767679 1.703081
0.897863 0.102137 1.102137 1.897863 0.975790 1.869244 0.000000 1.799953 1.101565 0.427675
1.302184 1.697816 0.697816 0.302184 1.224258 0.330803 1.799953 0.000000 1.098482 1.372277
0.203702 1.203702 1.796298 0.796298 0.125776 0.767679 1.101565 1.098482 0.000000 1.529241
1.325539 0.325539 0.674461 1.674461 1.403465 1.703081 0.427675 1.372277 1.529241 0.000000
