15
0.000000 1.000000 2.000000 1.000000 1.216152 1.111870 1.493088 0.556162 1.756306 0.818922 0.639129 1.682599 0.748250 0.279907 0.492779
1.000000 0.000000 1.000000 2.000000 0.216152 1.888130 0.493088 0.443838 1.243694 0.181078 1.639129 0.682599 1.748250 0.720093 0.507221
2.000000 1.000000 0.000000 1.000000 0.783848 0.888130 0.506912 1.443838 0.243694 1.181078 1.360871 0.317401 1.251750 1.720093 1.507221
1.000000 2.000000 1.000000 0.000000 1.783848 0.111870 1.506912 1.556162 0.756306 1.818922 0.360871 1.317401 0.251750 1.279907 1.492779
1.216152 0.216152 0.783848 1.783848 0.000000 1.671978 0.276937 0.659990 1.027543 0.397230 1.855281 0.466447 1.964402 0.936244 0.723373
1.111870 1.888130 0.888130 0.111870 1.671978 0.000000 1.395042 1.668032 0.644435 1.930792 0.472741 1.205531 0.363620 1.391777 1.604649
1.493088 0.493088 0.506912 1.506912 0.276937 1.395042 0.000000 0.936927 0.750606 0.674167 1.867782 0.189510 1.758661 1.213181 1.000310
0.556162 0.443838 1.443838 1.556162 0.659990 1.668032 0.936927 0.000000 1.687533 0.262760 1.195291 1.126437 1.304412 0.276254 0.063383
1.756306 1.243694 0.243694 0.756306 1.027543 0.644435 0.750606 1.687533 0.000000 1.424773 1.117176 0.561096 1.008055 1.963787 1.750916
0.818922 0.181078 1.181078 1.818922 0.397230 1.930792 0.674167 0.262760 1.424773 0.000000 1.458051 0.863677 1.567172 0.539014 0.326143
0.639129 1.639129 1.360871 0.360871 1.855281 0.472741 1.867782 1.195291 1.117176 1.458051 0.000000 1.678272 0.109121 0.919036 1.131908
1.682599 0.682599 0.317401 1.317401 0.466447 1.205531 0.189510 1.126437 0.561096 0.863677 1.678272 0.000000 1.569151 1.402691 1.189820
0.748250 1.748250 1.251750 0.251750 1.964402 0.363620 1.758661 1.304412 1.008055 1.567172 0.109121 1.569151 0.000000 1.028158 1.241029
0.279907 0.720093 1.720093 1.279907 0.936244 1.391777 1.213181 0.276254 1.963787 0.539014 0.919036 1.402691 1.028158 0.000000 0.212871
0.492779 0.507221 1.507221 1.492779 0.723373 1.604649 1.000310 0.063383 1.750916 0.326143 1.131908 1.189820 1.241029 0.212871 0.000000
