20
0.000000 1.000000 2.000000 1.000000 1.258797 0.046086 1.450254 0.303917 1.448156 0.448546 0.667378 0.954461 1.293521 1.667592 1.661774 1.581479 1.859152 1.533282 1.178786 0.164776
1.000000 0.000000 1.000000 2.000000 0.258797 0.953914 1.549746 1.303917 0.448156 1.448546 0.332622 1.954461 0.293521 0.667592 0.661774 0.581479 0.859152 0.533282 0.178786 0.835224
2.000000 1.000000 0.000000 1.000000 0.741203 1.953914 0.549746 1.696083 0.551844 1.551454 1.332622 1.045539 0.706479 0.332408 0.338226 0.418521 0.140848 0.466718 0.821214 1.835224
1.000000 2.000000 1.000000 0.000000 1.741203 1.046086 0.450254 0.696083 1.551844 0.551454 1.667378 0.045539 1.706479 1.332408 1.338226 1.418521 1.140848 1.466718 1.821214 1.164776
1.258797 0.258797 0.741203 1.741203 0.000000 1.212711 1.290949 1.562714 0.189359 1.707342 0.591419 1.786743 0.034724 0.408796 0.402977 0.322682 0.600356 0.274485 0.080011 1.094021
0.046086 0.953914 1.953914 1.046086 1.212711 0.000000 1.496340 0.350003 1.402070 0.494632 0.621292 1.000547 1.247435 1.621506 1.615688 1.535393 1.813066 1.487196 1.132700 0.118690
1.450254 1.549746 0.549746 0.450254 1.290949 1.496340 0.000000 1.146337 1.101591 1.001708 1.882368 0.495793 1.256225 0.882154 0.887972 0.968267 0.690594 1.016464 1.370960 1.615030
0.303917 1.303917 1.696083 0.696083 1.562714 0.350003 1.146337 0.000000 1.752072 0.144629 0.971295 0.650544 1.597438 1.971509 1.965691 1.885396 1.836931 1.837198 1.482703 0.468693
1.448156 0.448156 0.551844 1.551844 0.189359 1.402070 1.101591 1.752072 0.000000 1.896701 0.780777 1.597384 0.154635 0.219437 0.213618 0.133323 0.410997 0.085126 0.269370 1.283380
0.448546 1.448546 1.551454 0.551454 1.707342 0.494632 1.001708 0.144629 1.896701 0.000000 1.115924 0.505915 1.742066 1.883862 1.889681 1.969976 1.692302 1.981827 1.627331 0.613321
0.667378 0.332622 1.332622 1.667378 0.591419 0.621292 1.882368 0.971295 0.780777 1.115924 0.000000 1.621839 0.626143 1.000214 0.994396 0.914101 1.191774 0.865904 0.511408 0.502602
0.954461 1.954461 1.045539 0.045539 1.786743 1.000547 0.495793 0.650544 1.597384 0.505915 1.621839 0.000000 1.752019 1.377947 1.383765 1.464061 1.186387 1.512258 1.866753 1.119236
1.293521 0.293521 0.706479 1.706479 0.034724 1.247435 1.256225 1.597438 0.154635 1.742066 0.626143 1.752019 0.000000 0.374072 0.368253 0.287958 0.565632 0.239761 0.114735 1.128745
1.667592 0.667592 0.332408 1.332408 0.408796 1.621506 0.882154 1.971509 0.219437 1.883862 1.000214 1.377947 0.374072 0.000000 0.005818 0.086113 0.191560 0.134311 0.488806 1.502816
1.661774 0.661774 0.338226 1.338226 0.402977 1.615688 0.887972 1.965691 0.213618 1.889681 0.994396 1.383765 0.368253 0.005818 0.000000 0.080295 0.197378 0.128492 0.482988 1.496998
1.581479 0.581479 0.418521 1.418521 0.322682 1.535393 0.968267 1.885396 0.133323 1.969976 0.914101 1.464061 0.287958 0.086113 0.080295 0.000000 0.277673 0.048197 0.402693 1.416703
1.859152 0.859152 0.140848 1.140848 0.600356 1.813066 0.690594 1.836931 0.410997 1.692302 1.191774 1.186387 0.565632 0.191560 0.197378 0.277673 0.000000 0.325871 0.680366 1.694376
1.533282 0.533282 0.466718 1.466718 0.274485 1.487196 1.016464 1.837198 0.085126 1.981827 0.865904 1.512258 0.239761 0.134311 0.128492 0.048197 0.325871 0.000000 0.354496 1.368506
1.178786 0.178786 0.821214 1.821214 0.080011 1.132700 1.370960 1.482703 0.269370 1.627331 0.511408 1.866753 0.114735 0.488806 0.482988 0.402693 0.680366 0.354496 0.000000 1.014010
0.164776 0.835224 1.835224 1.164776 1.094021 0.118690 1.615030 0.468693 1.283380 0.613321 0.502602 1.119236 1.128745 1.502816 1.496998 1.416703 1.694376 1.368506 1.014010 0.000000
