45
0.000000 1.000000 2.000000 1.000000 1.208950 0.217061 0.987919 0.308166 0.290957 0.051145 0.529798 1.049249 1.269141 0.546364 1.493235 1.809584 0.474492 0.437308 1.166041 0.308795 1.730688 1.690214 0.395658 0.570024 1.878050 0.861594 0.293843 1.404092 0.595999 1.513688 0.532946 1.431573 1.535208 0.374644 1.063362 1.971085 1.951376 1.677999 0.293329 1.985898 1.081268 0.722010 1.547494 1.280014 1.971970
1.000000 0.000000 1.000000 2.000000 1.791050 1.217061 0.012081 0.691834 0.709043 1.051145 1.529798 0.049249 1.730859 1.546364 0.493235 0.809584 1.474492 1.437308 1.833959 0.691205 1.269312 0.690214 1.395658 0.429976 0.878050 1.861594 1.293843 0.404092 1.595999 0.513688 1.532946 1.568427 0.535208 0.625356 0.063362 1.028915 1.048624 1.322001 0.706671 0.985898 0.081268 0.277990 0.547494 1.719986 1.028030
2.000000 1.000000 0.000000 1.000000 0.791050 1.782939 1.012081 1.691834 1.709043 1.948855 1.470202 0.950751 0.730859 1.453636 0.506765 0.190416 1.525508 1.562692 0.833959 1.691205 0.269312 0.309786 1.604342 1.429976 0.121950 1.138406 1.706157 0.595908 1.404001 0.486312 1.467054 0.568427 0.464792 1.625356 0.936638 0.028915 0.048624 0.322001 1.706671 0.014102 0.918732 1.277990 0.452506 0.719986 0.028030
1.000000 2.000000 1.000000 0.000000 0.208950 0.782939 1.987919 1.308166 1.290957 0.948855 0.470202 1.950751 0.269141 0.453636 1.506765 1.190416 0.525508 0.562692 0.166041 1.308795 0.730688 1.309786 0.604342 1.570024 1.121950 0.138406 0.706157 1.595908 0.404001 1.486312 0.467054 0.431573 1.464792 1.374644 1.936638 0.971085 0.951376 0.677999 1.293329 1.014102 1.918732 1.722010 1.452506 0.280014 0.971970
1.208950 1.791050 0.791050 0.208950 0.000000 0.991889 1.803131 1.517116 1.499907 1.157805 0.679152 1.741801 0.060191 0.662586 1.297815 0.981466 0.734458 0.771642 0.042909 1.517745 0.521738 1.100836 0.813292 1.778974 0.913000 0.347356 0.915107 1.386958 0.612951 1.277362 0.676004 0.222623 1.255842 1.583594 1.727688 0.762135 0.742426 0.469049 1.502279 0.805152 1.709782 1.930960 1.243556 0.071064 0.763020
0.217061 1.217061 1.782939 0.782939 0.991889 0.000000 1.204981 0.525228 0.508018 0.165917 0.312737 1.266310 1.052080 0.329303 1.710296 1.973355 0.257431 0.220246 0.948979 0.525856 1.513627 1.907275 0.178596 0.787086 1.904888 0.644533 0.076782 1.621154 0.378938 1.730750 0.315884 1.214511 1.752269 0.591706 1.280424 1.754023 1.734315 1.460938 0.510390 1.797040 1.298330 0.939072 1.764556 1.062953 1.754909
0.987919 0.012081 1.012081 1.987919 1.803131 1.204981 0.000000 0.679753 0.696963 1.039064 1.517718 0.061329 1.742939 1.534284 0.505315 0.821664 1.462411 1.425227 1.846040 0.679124 1.281392 0.702294 1.383577 0.417895 0.890131 1.849514 1.281763 0.416173 1.583919 0.525769 1.520865 1.580508 0.547288 0.613275 0.075443 1.040996 1.060704 1.334082 0.694591 0.997979 0.093349 0.265909 0.559575 1.732066 1.040110
0.308166 0.691834 1.691834 1.308166 1.517116 0.525228 0.679753 0.000000 0.017210 0.359311 0.837965 0.741082 1.577308 0.854531 1.185068 1.501417 0.782659 0.745474 1.474207 0.000629 1.961145 1.382047 0.703824 0.261858 1.569884 1.169761 0.602010 1.095926 0.904166 1.205522 0.841112 1.739739 1.227041 0.066478 0.755196 1.720749 1.740457 1.986165 0.014838 1.677732 0.773102 0.413844 1.239328 1.588181 1.719863
0.290957 0.709043 1.709043 1.290957 1.499907 0.508018 0.696963 0.017210 0.000000 0.342101 0.820755 0.758292 1.560098 0.837321 1.202278 1.518627 0.765449 0.728264 1.456997 0.017838 1.978355 1.399257 0.686615 0.279068 1.587093 1.152551 0.584800 1.113136 0.886956 1.222732 0.823903 1.722529 1.244251 0.083687 0.772406 1.737959 1.757667 1.968956 0.002372 1.694942 0.790312 0.431054 1.256538 1.570971 1.737073
0.051145 1.051145 1.948855 0.948855 1.157805 0.165917 1.039064 0.359311 0.342101 0.000000 0.478653 1.100393 1.217996 0.495219 1.544379 1.860728 0.423347 0.386163 1.114896 0.359940 1.679544 1.741358 0.344513 0.621169 1.929195 0.810450 0.242698 1.455237 0.544855 1.564833 0.481801 1.380428 1.586352 0.425789 1.114507 1.919940 1.900232 1.626854 0.344473 1.962957 1.132413 0.773155 1.598639 1.228870 1.920826
0.529798 1.529798 1.470202 0.470202 0.679152 0.312737 1.517718 0.837965 0.820755 0.478653 0.000000 1.579047 0.739343 0.016566 1.976967 1.660618 0.055306 0.092490 0.636242 0.838593 1.200890 1.779988 0.134140 1.099822 1.592152 0.331796 0.235955 1.933890 0.066201 1.956513 0.003148 0.901774 1.934994 0.904442 1.593160 1.441286 1.421578 1.148201 0.823127 1.484303 1.611067 1.251808 1.922707 0.750216 1.442172
1.049249 0.049249 0.950751 1.950751 1.741801 1.266310 0.061329 0.741082 0.758292 1.100393 1.579047 0.000000 1.681610 1.595613 0.443986 0.760335 1.523741 1.486557 1.784711 0.740454 1.220063 0.640965 1.444907 0.479224 0.828801 1.910843 1.343092 0.354843 1.645248 0.464440 1.582195 1.519179 0.485959 0.674605 0.014113 0.979667 0.999375 1.272752 0.755920 0.936650 0.032020 0.327239 0.498246 1.670737 0.978781
1.269141 1.730859 0.730859 0.269141 0.060191 1.052080 1.742939 1.577308 1.560098 1.217996 0.739343 1.681610 0.000000 0.722777 1.237624 0.921275 0.794649 0.831833 0.103101 1.577936 0.461547 1.040645 0.873483 1.839165 0.852809 0.407547 0.975298 1.326767 0.673142 1.217170 0.736195 0.162431 1.195651 1.643785 1.667497 0.701943 0.682235 0.408858 1.562470 0.744960 1.649590 1.991151 1.183364 0.010873 0.702829
0.546364 1.546364 1.453636 0.453636 0.662586 0.329303 1.534284 0.854531 0.837321 0.495219 0.016566 1.595613 0.722777 0.000000 1.960401 1.644052 0.071872 0.109056 0.619677 0.855159 1.184324 1.763422 0.150706 1.116388 1.575586 0.315230 0.252521 1.950456 0.049635 1.939947 0.013418 0.885209 1.918428 0.921008 1.609726 1.424721 1.405012 1.131635 0.839693 1.467737 1.627632 1.268374 1.906141 0.733650 1.425606
1.493235 0.493235 0.506765 1.506765 1.297815 1.710296 0.505315 1.185068 1.202278 1.544379 1.976967 0.443986 1.237624 1.960401 0.000000 0.316349 1.967727 1.930542 1.340725 1.184440 0.776077 0.196979 1.888892 0.923210 0.384816 1.645171 1.787078 0.089142 1.910766 0.020454 1.973820 1.075193 0.041973 1.118590 0.429872 0.535681 0.555389 0.828766 1.199906 0.492664 0.411966 0.771224 0.054260 1.226751 0.534795
1.809584 0.809584 0.190416 1.190416 0.981466 1.973355 0.821664 1.501417 1.518627 1.860728 1.660618 0.760335 0.921275 1.644052 0.316349 0.000000 1.715924 1.753109 1.024376 1.500789 0.459728 0.119370 1.794759 1.239559 0.068467 1.328822 1.896573 0.405491 1.594417 0.295895 1.657471 0.758844 0.274376 1.434939 0.746221 0.219332 0.239040 0.512417 1.516255 0.176315 0.728315 1.087573 0.262089 0.910402 0.218446
0.474492 1.474492 1.525508 0.525508 0.734458 0.257431 1.462411 0.782659 0.765449 0.423347 0.055306 1.523741 0.794649 0.071872 1.967727 1.715924 0.000000 0.037184 0.691549 0.783287 1.256196 1.835294 0.078834 1.044516 1.647458 0.387102 0.180649 1.878584 0.121507 1.988181 0.058454 0.957081 1.990300 0.849136 1.537854 1.496593 1.476884 1.203507 0.767821 1.539609 1.555760 1.196502 1.978014 0.805522 1.497478
0.437308 1.437308 1.562692 0.562692 0.771642 0.220246 1.425227 0.745474 0.728264 0.386163 0.092490 1.486557 0.831833 0.109056 1.930542 1.753109 0.037184 0.000000 0.728733 0.746103 1.293381 1.872479 0.041650 1.007332 1.684642 0.424287 0.143465 1.841400 0.158692 1.950996 0.095638 0.994265 1.972515 0.811952 1.500670 1.533777 1.514069 1.240691 0.730636 1.576794 1.518576 1.159318 1.984802 0.842707 1.534663
1.166041 1.833959 0.833959 0.166041 0.042909 0.948979 1.846040 1.474207 1.456997 1.114896 0.636242 1.784711 0.103101 0.619677 1.340725 1.024376 0.691549 0.728733 0.000000 1.474836 0.564648 1.143746 0.770383 1.736065 0.955909 0.304446 0.872197 1.429867 0.570041 1.320271 0.633095 0.265532 1.298752 1.540685 1.770597 0.805044 0.785336 0.511958 1.459369 0.848061 1.752691 1.888051 1.286465 0.113974 0.805930
0.308795 0.691205 1.691205 1.308795 1.517745 0.525856 0.679124 0.000629 0.017838 0.359940 0.838593 0.740454 1.577936 0.855159 1.184440 1.500789 0.783287 0.746103 1.474836 0.000000 1.960517 1.381419 0.704453 0.261229 1.569255 1.170389 0.602638 1.095297 0.904794 1.204893 0.841741 1.740368 1.226413 0.065849 0.754567 1.720120 1.739829 1.986794 0.015466 1.677103 0.772473 0.413215 1.238699 1.588809 1.719235
1.730688 1.269312 0.269312 0.730688 0.521738 1.513627 1.281392 1.961145 1.978355 1.679544 1.200890 1.220063 0.461547 1.184324 0.776077 0.459728 1.256196 1.293381 0.564648 1.960517 0.000000 0.579098 1.335030 1.699287 0.391262 0.869094 1.436845 0.865219 1.134689 0.755623 1.197742 0.299116 0.734104 1.894668 1.205949 0.240396 0.220688 0.052689 1.975983 0.283413 1.188043 1.547301 0.721817 0.450674 0.241282
1.690214 0.690214 0.309786 1.309786 1.100836 1.907275 0.702294 1.382047 1.399257 1.741358 1.779988 0.640965 1.040645 1.763422 0.196979 0.119370 1.835294 1.872479 1.143746 1.381419 0.579098 0.000000 1.914128 1.120189 0.187836 1.448192 1.984057 0.286121 1.713787 0.176525 1.776840 0.878214 0.155006 1.315570 0.626851 0.338702 0.358410 0.631787 1.396885 0.295685 0.608945 0.968203 0.142719 1.029772 0.337816
0.395658 1.395658 1.604342 0.604342 0.813292 0.178596 1.383577 0.703824 0.686615 0.344513 0.134140 1.444907 0.873483 0.150706 1.888892 1.794759 0.078834 0.041650 0.770383 0.704453 1.335030 1.914128 0.000000 0.965682 1.726292 0.465937 0.101815 1.799750 0.200342 1.909346 0.137288 1.035915 1.930865 0.770302 1.459020 1.575427 1.555718 1.282341 0.688987 1.618444 1.476926 1.117668 1.943152 0.884357 1.576313
0.570024 0.429976 1.429976 1.570024 1.778974 0.787086 0.417895 0.261858 0.279068 0.621169 1.099822 0.479224 1.839165 1.116388 0.923210 1.239559 1.044516 1.007332 1.736065 0.261229 1.699287 1.120189 0.965682 0.000000 1.308026 1.431619 0.863867 0.834068 1.166024 0.943664 1.102970 1.998403 0.965183 0.195380 0.493338 1.458891 1.478599 1.751977 0.276696 1.415874 0.511244 0.151986 0.977470 1.850039 1.458005
1.878050 0.878050 0.121950 1.121950 0.913000 1.904888 0.890131 1.569884 1.587093 1.929195 1.592152 0.828801 0.852809 1.575586 0.384816 0.068467 1.647458 1.684642 0.955909 1.569255 0.391262 0.187836 1.726292 1.308026 0.000000 1.260355 1.828107 0.473958 1.525950 0.364362 1.589004 0.690377 0.342843 1.503406 0.814688 0.150865 0.170574 0.443951 1.584721 0.107848 0.796782 1.156040 0.330556 0.841935 0.149979
0.861594 1.861594 1.138406 0.138406 0.347356 0.644533 1.849514 1.169761 1.152551 0.810450 0.331796 1.910843 0.407547 0.315230 1.645171 1.328822 0.387102 0.424287 0.304446 1.170389 0.869094 1.448192 0.465937 1.431619 1.260355 0.000000 0.567751 1.734313 0.265595 1.624717 0.328649 0.569978 1.603198 1.236239 1.924957 1.109490 1.089782 0.816405 1.154923 1.152507 1.942863 1.583605 1.590911 0.418420 1.110376
0.293843 1.293843 1.706157 0.706157 0.915107 0.076782 1.281763 0.602010 0.584800 0.242698 0.235955 1.343092 0.975298 0.252521 1.787078 1.896573 0.180649 0.143465 0.872197 0.602638 1.436845 1.984057 0.101815 0.863867 1.828107 0.567751 0.000000 1.697935 0.302156 1.807532 0.239103 1.137729 1.829051 0.668487 1.357205 1.677241 1.657533 1.384156 0.587172 1.720258 1.375112 1.015853 1.841338 0.986171 1.678127
1.404092 0.404092 0.595908 1.595908 1.386958 1.621154 0.416173 1.095926 1.113136 1.455237 1.933890 0.354843 1.326767 1.950456 0.089142 0.405491 1.878584 1.841400 1.429867 1.095297 0.865219 0.286121 1.799750 0.834068 0.473958 1.734313 1.697935 0.000000 1.999908 0.109596 1.937038 1.164335 0.131115 1.029448 0.340730 0.624823 0.644531 0.917909 1.110764 0.581806 0.322824 0.682082 0.143402 1.315893 0.623937
0.595999 1.595999 1.404001 0.404001 0.612951 0.378938 1.583919 0.904166 0.886956 0.544855 0.066201 1.645248 0.673142 0.049635 1.910766 1.594417 0.121507 0.158692 0.570041 0.904794 1.134689 1.713787 0.200342 1.166024 1.525950 0.265595 0.302156 1.999908 0.000000 1.890312 0.063054 0.835573 1.868793 0.970644 1.659362 1.375085 1.355377 1.082000 0.889328 1.418102 1.677268 1.318010 1.856506 0.684015 1.375971
1.513688 0.513688 0.486312 1.486312 1.277362 1.730750 0.525769 1.205522 1.222732 1.564833 1.956513 0.464440 1.217170 1.939947 0.020454 0.295895 1.988181 1.950996 1.320271 1.204893 0.755623 0.176525 1.909346 0.943664 0.364362 1.624717 1.807532 0.109596 1.890312 0.000000 1.953366 1.054739 0.021519 1.139044 0.450326 0.515227 0.534935 0.808313 1.220360 0.472210 0.432420 0.791678 0.033806 1.206297 0.514341
0.532946 1.532946 1.467054 0.467054 0.676004 0.315884 1.520865 0.841112 0.823903 0.481801 0.003148 1.582195 0.736195 0.013418 1.973820 1.657471 0.058454 0.095638 0.633095 0.841741 1.197742 1.776840 0.137288 1.102970 1.589004 0.328649 0.239103 1.937038 0.063054 1.953366 0.000000 0.898627 1.931847 0.907590 1.596308 1.438139 1.418430 1.145053 0.826275 1.481156 1.614214 1.254956 1.919560 0.747068 1.439025
1.431573 1.568427 0.568427 0.431573 0.222623 1.214511 1.580508 1.739739 1.722529 1.380428 0.901774 1.519179 0.162431 0.885209 1.075193 0.758844 0.957081 0.994265 0.265532 1.740368 0.299116 0.878214 1.035915 1.998403 0.690377 0.569978 1.137729 1.164335 0.835573 1.054739 0.898627 0.000000 1.033220 1.806217 1.505065 0.539512 0.519804 0.246426 1.724901 0.582529 1.487159 1.846417 1.020933 0.151558 0.540398
1.535208 0.535208 0.464792 1.464792 1.255842 1.752269 0.547288 1.227041 1.244251 1.586352 1.934994 0.485959 1.195651 1.918428 0.041973 0.274376 1.990300 1.972515 1.298752 1.226413 0.734104 0.155006 1.930865 0.965183 0.342843 1.603198 1.829051 0.131115 1.868793 0.021519 1.931847 1.033220 0.000000 1.160563 0.471845 0.493708 0.513416 0.786793 1.241879 0.450691 0.453939 0.813197 0.012287 1.184778 0.492822
0.374644 0.625356 1.625356 1.374644 1.583594 0.591706 0.613275 0.066478 0.083687 0.425789 0.904442 0.674605 1.643785 0.921008 1.118590 1.434939 0.849136 0.811952 1.540685 0.065849 1.894668 1.315570 0.770302 0.195380 1.503406 1.236239 0.668487 1.029448 0.970644 1.139044 0.907590 1.806217 1.160563 0.000000 0.688718 1.654271 1.673980 1.947357 0.081315 1.611254 0.706624 0.347366 1.172850 1.654658 1.653386
1.063362 0.063362 0.936638 1.936638 1.727688 1.280424 0.075443 0.755196 0.772406 1.114507 1.593160 0.014113 1.667497 1.609726 0.429872 0.746221 1.537854 1.500670 1.770597 0.754567 1.205949 0.626851 1.459020 0.493338 0.814688 1.924957 1.357205 0.340730 1.659362 0.450326 1.596308 1.505065 0.471845 0.688718 0.000000 0.965553 0.985261 1.258639 0.770034 0.922536 0.017906 0.341352 0.484132 1.656623 0.964667
1.971085 1.028915 0.028915 0.971085 0.762135 1.754023 1.040996 1.720749 1.737959 1.919940 1.441286 0.979667 0.701943 1.424721 0.535681 0.219332 1.496593 1.533777 0.805044 1.720120 0.240396 0.338702 1.575427 1.458891 0.150865 1.109490 1.677241 0.624823 1.375085 0.515227 1.438139 0.539512 0.493708 1.654271 0.965553 0.000000 0.019708 0.293086 1.735587 0.043017 0.947647 1.306905 0.481421 0.691070 0.000886
1.951376 1.048624 0.048624 0.951376 0.742426 1.734315 1.060704 1.740457 1.757667 1.900232 1.421578 0.999375 0.682235 1.405012 0.555389 0.239040 1.476884 1.514069 0.785336 1.739829 0.220688 0.358410 1.555718 1.478599 0.170574 1.089782 1.657533 0.644531 1.355377 0.534935 1.418430 0.519804 0.513416 1.673980 0.985261 0.019708 0.000000 0.273377 1.755295 0.062725 0.967355 1.326613 0.501129 0.671362 0.020594
1.677999 1.322001 0.322001 0.677999 0.469049 1.460938 1.334082 1.986165 1.968956 1.626854 1.148201 1.272752 0.408858 1.131635 0.828766 0.512417 1.203507 1.240691 0.511958 1.986794 0.052689 0.631787 1.282341 1.751977 0.443951 0.816405 1.384156 0.917909 1.082000 0.808313 1.145053 0.246426 0.786793 1.947357 1.258639 0.293086 0.273377 0.000000 1.971328 0.336103 1.240733 1.599991 0.774507 0.397985 0.293971
0.293329 0.706671 1.706671 1.293329 1.502279 0.510390 0.694591 0.014838 0.002372 0.344473 0.823127 0.755920 1.562470 0.839693 1.199906 1.516255 0.767821 0.730636 1.459369 0.015466 1.975983 1.396885 0.688987 0.276696 1.584721 1.154923 0.587172 1.110764 0.889328 1.220360 0.826275 1.724901 1.241879 0.081315 0.770034 1.735587 1.755295 1.971328 0.000000 1.692570 0.787940 0.428682 1.254166 1.573343 1.734701
1.985898 0.985898 0.014102 1.014102 0.805152 1.797040 0.997979 1.677732 1.694942 1.962957 1.484303 0.936650 0.744960 1.467737 0.492664 0.176315 1.539609 1.576794 0.848061 1.677103 0.283413 0.295685 1.618444 1.415874 0.107848 1.152507 1.720258 0.581806 1.418102 0.472210 1.481156 0.582529 0.450691 1.611254 0.922536 0.043017 0.062725 0.336103 1.692570 0.000000 0.904630 1.263888 0.438404 0.734087 0.042131
1.081268 0.081268 0.918732 1.918732 1.709782 1.298330 0.093349 0.773102 0.790312 1.132413 1.611067 0.032020 1.649590 1.627632 0.411966 0.728315 1.555760 1.518576 1.752691 0.772473 1.188043 0.608945 1.476926 0.511244 0.796782 1.942863 1.375112 0.322824 1.677268 0.432420 1.614214 1.487159 0.453939 0.706624 0.017906 0.947647 0.967355 1.240733 0.787940 0.904630 0.000000 0.359258 0.466226 1.638717 0.946761
0.722010 0.277990 1.277990 1.722010 1.930960 0.939072 0.265909 0.413844 0.431054 0.773155 1.251808 0.327239 1.991151 1.268374 0.771224 1.087573 1.196502 1.159318 1.888051 0.413215 1.547301 0.968203 1.117668 0.151986 1.156040 1.583605 1.015853 0.682082 1.318010 0.791678 1.254956 1.846417 0.813197 0.347366 0.341352 1.306905 1.326613 1.599991 0.428682 1.263888 0.359258 0.000000 0.825484 1.997975 1.306019
1.547494 0.547494 0.452506 1.452506 1.243556 1.764556 0.559575 1.239328 1.256538 1.598639 1.922707 0.498246 1.183364 1.906141 0.054260 0.262089 1.978014 1.984802 1.286465 1.238699 0.721817 0.142719 1.943152 0.977470 0.330556 1.590911 1.841338 0.143402 1.856506 0.033806 1.919560 1.020933 0.012287 1.172850 0.484132 0.481421 0.501129 0.774507 1.254166 0.438404 0.466226 0.825484 0.000000 1.172491 0.480535
1.280014 1.719986 0.719986 0.280014 0.071064 1.062953 1.732066 1.588181 1.570971 1.228870 0.750216 1.670737 0.010873 0.733650 1.226751 0.910402 0.805522 0.842707 0.113974 1.588809 0.450674 1.029772 0.884357 1.850039 0.841935 0.418420 0.986171 1.315893 0.684015 1.206297 0.747068 0.151558 1.184778 1.654658 1.656623 0.691070 0.671362 0.397985 1.573343 0.734087 1.638717 1.997975 1.172491 0.000000 0.691956
1.971970 1.028030 0.028030 0.971970 0.763020 1.754909 1.040110 1.719863 1.737073 1.920826 1.442172 0.978781 0.702829 1.425606 0.534795 0.218446 1.497478 1.534663 0.805930 1.719235 0.241282 0.337816 1.576313 1.458005 0.149979 1.110376 1.678127 0.623937 1.375971 0.514341 1.439025 0.540398 0.492822 1.653386 0.964667 0.000886 0.020594 0.293971 1.734701 0.042131 0.946761 1.306019 0.480535 0.691956 0.000000
