35
0.000000 1.000000 2.000000 1.000000 0.170142 1.469333 1.488414 0.778090 1.756920 1.226095 0.974034 1.977531 1.050439 1.543495 1.865146 0.125453 0.398450 0.840043 1.340888 1.491166 0.563507 0.229054 0.447062 0.277484 0.516052 1.817535 1.238877 1.943085 0.786066 0.082684 1.477410 0.841562 1.061210 0.416804 0.863725
1.000000 0.000000 1.000000 2.000000 0.829858 0.469333 0.488414 1.778090 1.243080 0.226095 1.974034 0.977531 1.949561 0.543495 1.134854 1.125453 0.601550 0.159957 1.659112 1.508834 1.563507 1.229054 0.552938 0.722516 0.483948 1.182465 0.238877 0.943085 0.213934 1.082684 0.477410 1.841562 1.938790 0.583196 1.863725
2.000000 1.000000 0.000000 1.000000 1.829858 0.530667 0.511586 1.221910 0.243080 0.773905 1.025966 0.022469 0.949561 0.456505 0.134854 1.874547 1.601550 1.159957 0.659112 0.508834 1.436493 1.770946 1.552938 1.722516 1.483948 0.182465 0.761123 0.056915 1.213934 1.917316 0.522590 1.158438 0.938790 1.583196 1.136275
1.000000 2.000000 1.000000 0.000000 1.170142 1.530667 1.511586 0.221910 0.756920 1.773905 0.025966 1.022469 0.050439 1.456505 0.865146 0.874547 1.398450 1.840043 0.340888 0.491166 0.436493 0.770946 1.447062 1.277484 1.516052 0.817535 1.761123 1.056915 1.786066 0.917316 1.522590 0.158438 0.061210 1.416804 0.136275
0.170142 0.829858 1.829858 1.170142 0.000000 1.299191 1.318272 0.948231 1.927062 1.055954 1.144176 1.807389 1.220581 1.373354 1.964712 0.295594 0.228309 0.669901 1.511030 1.661308 0.733648 0.399195 0.276920 0.107342 0.345911 1.987677 1.068736 1.772944 0.615924 0.252826 1.307268 1.011704 1.231351 0.246663 1.033866
1.469333 0.469333 0.530667 1.530667 1.299191 0.000000 0.019081 1.752578 0.773747 0.243238 1.556633 0.508198 1.480228 0.074162 0.665521 1.594785 1.070882 0.629290 1.189779 1.039501 1.967160 1.698386 1.022271 1.191849 0.953280 0.713132 0.230456 0.473753 0.683267 1.552017 0.008077 1.689105 1.469458 1.052528 1.666942
1.488414 0.488414 0.511586 1.511586 1.318272 0.019081 0.000000 1.733497 0.754666 0.262319 1.537552 0.489117 1.461147 0.055081 0.646440 1.613866 1.089963 0.648371 1.170698 1.020420 1.948079 1.717467 1.041352 1.210930 0.972361 0.694051 0.249537 0.454672 0.702348 1.571098 0.011004 1.670024 1.450377 1.071609 1.647861
0.778090 1.778090 1.221910 0.221910 0.948231 1.752578 1.733497 0.000000 0.978830 1.995815 0.195945 1.244379 0.272350 1.678415 1.087056 0.652637 1.176540 1.618133 0.562798 0.713077 0.214583 0.549036 1.225152 1.055574 1.294142 1.039445 1.983033 1.278825 1.564156 0.695406 1.744501 0.063472 0.283120 1.194894 0.085635
1.756920 1.243080 0.243080 0.756920 1.927062 0.773747 0.754666 0.978830 0.000000 1.016985 0.782886 0.265549 0.706481 0.699585 0.108226 1.631467 1.844629 1.403037 0.416032 0.265754 1.193413 1.527867 1.796018 1.965596 1.727027 0.060615 1.004203 0.299994 1.457014 1.674236 0.765670 0.915358 0.695711 1.826276 0.893195
1.226095 0.226095 0.773905 1.773905 1.055954 0.243238 0.262319 1.995815 1.016985 0.000000 1.799871 0.751436 1.723466 0.317400 0.908759 1.351548 0.827645 0.386052 1.433017 1.282739 1.789602 1.455149 0.779033 0.948611 0.710043 0.956370 0.012782 0.716990 0.440029 1.308779 0.251314 1.932343 1.712695 0.809291 1.910180
0.974034 1.974034 1.025966 0.025966 1.144176 1.556633 1.537552 0.195945 0.782886 1.799871 0.000000 1.048435 0.076405 1.482470 0.891112 0.848582 1.372485 1.814077 0.366854 0.517132 0.410527 0.744981 1.421096 1.251518 1.490087 0.843501 1.787089 1.082880 1.760100 0.891350 1.548556 0.132472 0.087175 1.390839 0.110309
1.977531 0.977531 0.022469 1.022469 1.807389 0.508198 0.489117 1.244379 0.265549 0.751436 1.048435 0.000000 0.972030 0.434036 0.157323 1.897016 1.579080 1.137488 0.681581 0.531303 1.458962 1.793415 1.530469 1.700047 1.461479 0.204934 0.738654 0.034446 1.191465 1.939785 0.500121 1.180907 0.961259 1.560727 1.158744
1.050439 1.949561 0.949561 0.050439 1.220581 1.480228 1.461147 0.272350 0.706481 1.723466 0.076405 0.972030 0.000000 1.406065 0.814707 0.924987 1.448890 1.890482 0.290449 0.440727 0.486932 0.821386 1.497501 1.327923 1.566492 0.767096 1.710684 1.006475 1.836505 0.967755 1.472151 0.208877 0.010770 1.467244 0.186714
1.543495 0.543495 0.456505 1.456505 1.373354 0.074162 0.055081 1.678415 0.699585 0.317400 1.482470 0.434036 1.406065 0.000000 0.591359 1.668948 1.145045 0.703452 1.115617 0.965339 1.892998 1.772549 1.096433 1.266011 1.027443 0.638970 0.304618 0.399590 0.757429 1.626179 0.066086 1.614943 1.395295 1.126691 1.592780
1.865146 1.134854 0.134854 0.865146 1.964712 0.665521 0.646440 1.087056 0.108226 0.908759 0.891112 0.157323 0.814707 0.591359 0.000000 1.739693 1.736403 1.294811 0.524258 0.373980 1.301639 1.636092 1.687792 1.857370 1.618802 0.047611 0.895977 0.191769 1.348788 1.782462 0.657444 1.023584 0.803936 1.718050 1.001421
0.125453 1.125453 1.874547 0.874547 0.295594 1.594785 1.613866 0.652637 1.631467 1.351548 0.848582 1.897016 0.924987 1.668948 1.739693 0.000000 0.523903 0.965496 1.215435 1.365714 0.438054 0.103601 0.572515 0.402937 0.641505 1.692082 1.364330 1.931462 0.911519 0.042769 1.602862 0.716109 0.935757 0.542257 0.738272
0.398450 0.601550 1.601550 1.398450 0.228309 1.070882 1.089963 1.176540 1.844629 0.827645 1.372485 1.579080 1.448890 1.145045 1.736403 0.523903 0.000000 0.441593 1.739339 1.889617 0.961957 0.627504 0.048611 0.120967 0.117602 1.784014 0.840427 1.544635 0.387616 0.481135 1.078959 1.240013 1.459660 0.018354 1.262175
0.840043 0.159957 1.159957 1.840043 0.669901 0.629290 0.648371 1.618133 1.403037 0.386052 1.814077 1.137488 1.890482 0.703452 1.294811 0.965496 0.441593 0.000000 1.819069 1.668791 1.403550 1.069097 0.392981 0.562559 0.323991 1.342422 0.398834 1.103042 0.053977 0.922727 0.637367 1.681605 1.901253 0.423239 1.703768
1.340888 1.659112 0.659112 0.340888 1.511030 1.189779 1.170698 0.562798 0.416032 1.433017 0.366854 0.681581 0.290449 1.115617 0.524258 1.215435 1.739339 1.819069 0.000000 0.150278 0.777381 1.111834 1.787950 1.618372 1.856940 0.476647 1.420235 0.716027 1.873046 1.258204 1.181702 0.499326 0.279678 1.757692 0.477163
1.491166 1.508834 0.508834 0.491166 1.661308 1.039501 1.020420 0.713077 0.265754 1.282739 0.517132 0.531303 0.440727 0.965339 0.373980 1.365714 1.889617 1.668791 0.150278 0.000000 0.927659 1.262113 1.938228 1.768650 1.992781 0.326369 1.269957 0.565748 1.722768 1.408482 1.031424 0.649604 0.429957 1.907971 0.627441
0.563507 1.563507 1.436493 0.436493 0.733648 1.967160 1.948079 0.214583 1.193413 1.789602 0.410527 1.458962 0.486932 1.892998 1.301639 0.438054 0.961957 1.403550 0.777381 0.927659 0.000000 0.334453 1.010569 0.840991 1.079559 1.254028 1.802384 1.493408 1.349573 0.480823 1.959083 0.278055 0.497703 0.980311 0.300218
0.229054 1.229054 1.770946 0.770946 0.399195 1.698386 1.717467 0.549036 1.527867 1.455149 0.744981 1.793415 0.821386 1.772549 1.636092 0.103601 0.627504 1.069097 1.111834 1.262113 0.334453 0.000000 0.676115 0.506537 0.745106 1.588481 1.467931 1.827861 1.015120 0.146369 1.706463 0.612508 0.832156 0.645858 0.634671
0.447062 0.552938 1.552938 1.447062 0.276920 1.022271 1.041352 1.225152 1.796018 0.779033 1.421096 1.530469 1.497501 1.096433 1.687792 0.572515 0.048611 0.392981 1.787950 1.938228 1.010569 0.676115 0.000000 0.169578 0.068990 1.735403 0.791815 1.496024 0.339004 0.529746 1.030348 1.288624 1.508272 0.030258 1.310787
0.277484 0.722516 1.722516 1.277484 0.107342 1.191849 1.210930 1.055574 1.965596 0.948611 1.251518 1.700047 1.327923 1.266011 1.857370 0.402937 0.120967 0.562559 1.618372 1.768650 0.840991 0.506537 0.169578 0.000000 0.238568 1.904981 0.961393 1.665602 0.508582 0.360168 1.199926 1.119046 1.338694 0.139320 1.141209
0.516052 0.483948 1.483948 1.516052 0.345911 0.953280 0.972361 1.294142 1.727027 0.710043 1.490087 1.461479 1.566492 1.027443 1.618802 0.641505 0.117602 0.323991 1.856940 1.992781 1.079559 0.745106 0.068990 0.238568 0.000000 1.666413 0.722825 1.427033 0.270014 0.598737 0.961357 1.357614 1.577262 0.099248 1.379777
1.817535 1.182465 0.182465 0.817535 1.987677 0.713132 0.694051 1.039445 0.060615 0.956370 0.843501 0.204934 0.767096 0.638970 0.047611 1.692082 1.784014 1.342422 0.476647 0.326369 1.254028 1.588481 1.735403 1.904981 1.666413 0.000000 0.943588 0.239380 1.396399 1.734851 0.705055 0.975973 0.756325 1.765661 0.953810
1.238877 0.238877 0.761123 1.761123 1.068736 0.230456 0.249537 1.983033 1.004203 0.012782 1.787089 0.738654 1.710684 0.304618 0.895977 1.364330 0.840427 0.398834 1.420235 1.269957 1.802384 1.467931 0.791815 0.961393 0.722825 0.943588 0.000000 0.704208 0.452811 1.321561 0.238532 1.919561 1.699913 0.822073 1.897398
1.943085 0.943085 0.056915 1.056915 1.772944 0.473753 0.454672 1.278825 0.299994 0.716990 1.082880 0.034446 1.006475 0.399590 0.191769 1.931462 1.544635 1.103042 0.716027 0.565748 1.493408 1.827861 1.496024 1.665602 1.427033 0.239380 0.704208 0.000000 1.157019 1.974230 0.465676 1.215353 0.995705 1.526281 1.193190
0.786066 0.213934 1.213934 1.786066 0.615924 0.683267 0.702348 1.564156 1.457014 0.440029 1.760100 1.191465 1.836505 0.757429 1.348788 0.911519 0.387616 0.053977 1.873046 1.722768 1.349573 1.015120 0.339004 0.508582 0.270014 1.396399 0.452811 1.157019 0.000000 0.868750 0.691344 1.627628 1.847276 0.369262 1.649791
0.082684 1.082684 1.917316 0.917316 0.252826 1.552017 1.571098 0.695406 1.674236 1.308779 0.891350 1.939785 0.967755 1.626179 1.782462 0.042769 0.481135 0.922727 1.258204 1.408482 0.480823 0.146369 0.529746 0.360168 0.598737 1.734851 1.321561 1.974230 0.868750 0.000000 1.560094 0.758878 0.978525 0.499488 0.781041
1.477410 0.477410 0.522590 1.522590 1.307268 0.008077 0.011004 1.744501 0.765670 0.251314 1.548556 0.500121 1.472151 0.066086 0.657444 1.602862 1.078959 0.637367 1.181702 1.031424 1.959083 1.706463 1.030348 1.199926 0.961357 0.705055 0.238532 0.465676 0.691344 1.560094 0.000000 1.681028 1.461381 1.060605 1.658865
0.841562 1.841562 1.158438 0.158438 1.011704 1.689105 1.670024 0.063472 0.915358 1.932343 0.132472 1.180907 0.208877 1.614943 1.023584 0.716109 1.240013 1.681605 0.499326 0.649604 0.278055 0.612508 1.288624 1.119046 1.357614 0.975973 1.919561 1.215353 1.627628 0.758878 1.681028 0.000000 0.219648 1.258366 0.022163
1.061210 1.938790 0.938790 0.061210 1.231351 1.469458 1.450377 0.283120 0.695711 1.712695 0.087175 0.961259 0.010770 1.395295 0.803936 0.935757 1.459660 1.901253 0.279678 0.429957 0.497703 0.832156 1.508272 1.338694 1.577262 0.756325 1.699913 0.995705 1.847276 0.978525 1.461381 0.219648 0.000000 1.478014 0.197485
0.416804 0.583196 1.583196 1.416804 0.246663 1.052528 1.071609 1.194894 1.826276 0.809291 1.390839 1.560727 1.467244 1.126691 1.718050 0.542257 0.018354 0.423239 1.757692 1.907971 0.980311 0.645858 0.030258 0.139320 0.099248 1.765661 0.822073 1.526281 0.369262 0.499488 1.060605 1.258366 1.478014 0.000000 1.280529
0.863725 1.863725 1.136275 0.136275 1.033866 1.666942 1.647861 0.085635 0.893195 1.910180 0.110309 1.158744 0.186714 1.592780 1.001421 0.738272 1.262175 1.703768 0.477163 0.627441 0.300218 0.634671 1.310787 1.141209 1.379777 0.953810 1.897398 1.193190 1.649791 0.781041 1.658865 0.022163 0.197485 1.280529 0.000000
