15
0.000000 1.000000 2.000000 1.000000 0.137148 0.356993 1.089409 0.353021 1.452588 0.075404 0.007690 0.895742 0.483869 1.946471 1.434841
1.000000 0.000000 1.000000 2.000000 0.862852 0.643007 1.910591 1.353021 0.452588 0.924596 1.007690 0.104258 0.516131 0.946471 1.565159
2.000000 1.000000 0.000000 1.000000 1.862852 1.643007 0.910591 1.646979 0.547412 1.924596 1.992310 1.104258 1.516131 0.053529 0.565159
1.000000 2.000000 1.000000 0.000000 1.137148 1.356993 0.089409 0.646979 1.547412 1.075404 0.992310 1.895742 1.483869 1.053529 0.434841
0.137148 0.862852 1.862852 1.137148 0.000000 0.219846 1.226556 0.490169 1.315440 0.061744 0.144837 0.758594 0.346721 1.809323 1.571988
0.356993 0.643007 1.643007 1.356993 0.219846 0.000000 1.446402 0.710014 1.095595 0.281589 0.364683 0.538749 0.126875 1.589478 1.791834
1.089409 1.910591 0.910591 0.089409 1.226556 1.446402 0.000000 0.736388 1.458003 1.164813 1.081719 1.985151 1.573277 0.964120 0.345432
0.353021 1.353021 1.646979 0.646979 0.490169 0.710014 0.736388 0.000000 1.805609 0.428425 0.345331 1.248763 0.836890 1.700508 1.081820
1.452588 0.452588 0.547412 1.547412 1.315440 1.095595 1.458003 1.805609 0.000000 1.377184 1.460277 0.556846 0.968719 0.493883 1.112571
0.075404 0.924596 1.924596 1.075404 0.061744 0.281589 1.164813 0.428425 1.377184 0.000000 0.083094 0.820338 0.408465 1.871067 1.510245
0.007690 1.007690 1.992310 0.992310 0.144837 0.364683 1.081719 0.345331 1.460277 0.083094 0.000000 0.903432 0.491558 1.954161 1.427151
0.895742 0.104258 1.104258 1.895742 0.758594 0.538749 1.985151 1.248763 0.556846 0.820338 0.903432 0.000000 0.411874 1.050729 1.669417
0.483869 0.516131 1.516131 1.483869 0.346721 0.126875 1.573277 0.836890 0.968719 0.408465 0.491558 0.411874 0.000000 1.462602 1.918709
1.946471 0.946471 0.053529 1.053529 1.809323 1.589478 0.964120 1.700508 0.493883 1.871067 1.954161 1.050729 1.462602 0.000000 0.618688
1.434841 1.565159 0.565159 0.434841 1.571988 1.791834 0.345432 1.081820 1.112571 1.510245 1.427151 1.669417 1.918709 0.618688 0.000000
