40
0.000000 1.000000 2.000000 1.000000 1.941216 1.319472 0.871722 1.475213 0.333508 0.087374 0.938002 1.666414 0.973474 0.666958 0.591120 1.549158 1.718601 1.768134 1.500318 1.447953 1.341402 0.320145 1.720978 1.287959 1.160581 0.861481 0.093189 1.769356 0.512339 0.549778 0.830634 1.446545 1.665125 1.196358 0.617291 0.789736 0.820090 1.016376 0.815608 1.516012
1.000000 0.000000 1.000000 2.000000 1.058784 0.319472 1.871722 1.524787 0.666492 1.087374 0.061998 0.666414 0.026526 0.333042 1.591120 1.450842 0.718601 1.231866 0.500318 1.552047 1.658598 0.679855 1.279022 0.287959 0.160581 1.861481 0.906811 0.769356 0.487661 0.450222 0.169366 0.446545 0.665125 0.196358 1.617291 0.210264 0.179910 1.983624 1.815608 1.483988
2.000000 1.000000 0.000000 1.000000 0.058784 0.680528 1.128278 0.524787 1.666492 1.912626 1.061998 0.333586 1.026526 1.333042 1.408880 0.450842 0.281399 0.231866 0.499682 0.552047 0.658598 1.679855 0.279022 0.712041 0.839419 1.138519 1.906811 0.230644 1.487661 1.450222 1.169366 0.553455 0.334875 0.803642 1.382709 1.210264 1.179910 0.983624 1.184392 0.483988
1.000000 2.000000 1.000000 0.000000 0.941216 1.680528 0.128278 0.475213 1.333508 0.912626 1.938002 1.333586 1.973474 1.666958 0.408880 0.549158 1.281399 0.768134 1.499682 0.447953 0.341402 1.320145 0.720978 1.712041 1.839419 0.138519 1.093189 1.230644 1.512339 1.549778 1.830634 1.553455 1.334875 1.803642 0.382709 1.789736 1.820090 0.016376 0.184392 0.516012
1.941216 1.058784 0.058784 0.941216 0.000000 0.739312 1.069495 0.466003 1.725276 1.853843 1.120782 0.392369 1.085309 1.391826 1.350096 0.392059 0.340183 0.173082 0.558465 0.493263 0.599814 1.738638 0.220239 0.770825 0.898203 1.079735 1.965595 0.289427 1.546444 1.509006 1.228150 0.612239 0.393659 0.862425 1.323925 1.269047 1.238694 0.924840 1.125608 0.425205
1.319472 0.319472 0.680528 1.680528 0.739312 0.000000 1.808806 1.205315 0.985964 1.406846 0.381470 0.346942 0.345998 0.652514 1.910592 1.131370 0.399129 0.912394 0.180846 1.232575 1.339125 0.999327 0.959550 0.031513 0.158891 1.819047 1.226283 0.449884 0.807133 0.769694 0.488838 0.127073 0.345653 0.123114 1.936763 0.529736 0.499382 1.664151 1.864920 1.164516
0.871722 1.871722 1.128278 0.128278 1.069495 1.808806 0.000000 0.603491 1.205229 0.784348 1.809724 1.461864 1.845196 1.538680 0.280602 0.677436 1.409677 0.896412 1.627960 0.576231 0.469681 1.191867 0.849256 1.840319 1.967697 0.010241 0.964911 1.358922 1.384061 1.421500 1.702356 1.681733 1.463154 1.931920 0.254430 1.661458 1.691812 0.144655 0.056114 0.644290
1.475213 1.524787 0.524787 0.475213 0.466003 1.205315 0.603491 0.000000 1.808721 1.387839 1.586785 0.858373 1.551313 1.857829 0.884093 0.073945 0.806186 0.292921 1.024469 0.027260 0.133811 1.795358 0.245765 1.236828 1.364206 0.613732 1.568402 0.755430 1.987552 1.975009 1.694153 1.078242 0.859662 1.328428 0.857922 1.735051 1.704697 0.458837 0.659605 0.040799
0.333508 0.666492 1.666492 1.333508 1.725276 0.985964 1.205229 1.808721 0.000000 0.420881 0.604494 1.332907 0.639967 0.333450 0.924628 1.882665 1.385093 1.898358 1.166811 1.781461 1.674910 0.013362 1.945515 0.954451 0.827073 1.194989 0.240319 1.435849 0.178832 0.216270 0.497126 1.113037 1.331617 0.862851 0.950799 0.456229 0.486582 1.349884 1.149116 1.849519
0.087374 1.087374 1.912626 0.912626 1.853843 1.406846 0.784348 1.387839 0.420881 0.000000 1.025376 1.753788 1.060848 0.754332 0.503746 1.461784 1.805974 1.680761 1.587692 1.360579 1.254029 0.407519 1.633604 1.375332 1.247955 0.774107 0.180562 1.856730 0.599713 0.637152 0.918008 1.533919 1.752498 1.283732 0.529918 0.877110 0.907464 0.929003 0.728234 1.428638
0.938002 0.061998 1.061998 1.938002 1.120782 0.381470 1.809724 1.586785 0.604494 1.025376 0.000000 0.728412 0.035472 0.271044 1.529122 1.512840 0.780599 1.293864 0.562316 1.614045 1.720596 0.617857 1.341020 0.349957 0.222579 1.799483 0.844813 0.831355 0.425663 0.388224 0.107368 0.508543 0.727123 0.258357 1.555293 0.148266 0.117912 1.954378 1.753610 1.545986
1.666414 0.666414 0.333586 1.333586 0.392369 0.346942 1.461864 0.858373 1.332907 1.753788 0.728412 0.000000 0.692940 0.999456 1.742466 0.784428 0.052187 0.565452 0.166096 0.885633 0.992183 1.346269 0.612608 0.378455 0.505833 1.472105 1.573225 0.102942 1.154075 1.116636 0.835780 0.219869 0.001290 0.470056 1.716294 0.876678 0.846324 1.317209 1.517978 0.817574
0.973474 0.026526 1.026526 1.973474 1.085309 0.345998 1.845196 1.551313 0.639967 1.060848 0.035472 0.692940 0.000000 0.306516 1.564594 1.477368 0.745126 1.258391 0.526844 1.578573 1.685123 0.653329 1.305548 0.314484 0.187107 1.834955 0.880286 0.795882 0.461135 0.423696 0.142840 0.473070 0.691650 0.222884 1.590766 0.183738 0.153384 1.989851 1.789082 1.510514
0.666958 0.333042 1.333042 1.666958 1.391826 0.652514 1.538680 1.857829 0.333450 0.754332 0.271044 0.999456 0.306516 0.000000 1.258078 1.783884 1.051643 1.564908 0.833360 1.885089 1.991639 0.346813 1.612064 0.621001 0.493623 1.528439 0.573769 1.102398 0.154619 0.117180 0.163676 0.779587 0.998166 0.529400 1.284249 0.122778 0.153132 1.683335 1.482566 1.817030
0.591120 1.591120 1.408880 0.408880 1.350096 1.910592 0.280602 0.884093 0.924628 0.503746 1.529122 1.742466 1.564594 1.258078 0.000000 0.958038 1.690279 1.177014 1.908562 0.856833 0.750282 0.911265 1.129858 1.879079 1.751701 0.270361 0.684309 1.639523 1.103459 1.140898 1.421754 1.962335 1.743755 1.787478 0.026171 1.380856 1.411210 0.425256 0.224488 0.924892
1.549158 1.450842 0.450842 0.549158 0.392059 1.131370 0.677436 0.073945 1.882665 1.461784 1.512840 0.784428 1.477368 1.783884 0.958038 0.000000 0.732241 0.218976 0.950524 0.101205 0.207755 1.869303 0.171820 1.162883 1.290261 0.687677 1.642347 0.681486 1.938503 1.901064 1.620208 1.004297 0.785718 1.254484 0.931866 1.661106 1.630752 0.532781 0.733550 0.033146
1.718601 0.718601 0.281399 1.281399 0.340183 0.399129 1.409677 0.806186 1.385093 1.805974 0.780599 0.052187 0.745126 1.051643 1.690279 0.732241 0.000000 0.513265 0.218282 0.833446 0.939997 1.398456 0.560422 0.430642 0.558020 1.419918 1.625412 0.050756 1.206262 1.168823 0.887967 0.272056 0.053476 0.522242 1.664108 0.928864 0.898511 1.265023 1.465791 0.765387
1.768134 1.231866 0.231866 0.768134 0.173082 0.912394 0.896412 0.292921 1.898358 1.680761 1.293864 0.565452 1.258391 1.564908 1.177014 0.218976 0.513265 0.000000 0.731547 0.320181 0.426732 1.911721 0.047157 0.943907 1.071285 0.906653 1.861323 0.462509 1.719527 1.682088 1.401232 0.785321 0.566741 1.035507 1.150843 1.442130 1.411776 0.751758 0.952526 0.252122
1.500318 0.500318 0.499682 1.499682 0.558465 0.180846 1.627960 1.024469 1.166811 1.587692 0.562316 0.166096 0.526844 0.833360 1.908562 0.950524 0.218282 0.731547 0.000000 1.051729 1.158279 1.180173 0.778704 0.212360 0.339737 1.638201 1.407130 0.269038 0.987979 0.950540 0.669684 0.053774 0.164806 0.303960 1.882390 0.710582 0.680228 1.483305 1.684074 0.983670
1.447953 1.552047 0.552047 0.447953 0.493263 1.232575 0.576231 0.027260 1.781461 1.360579 1.614045 0.885633 1.578573 1.885089 0.856833 0.101205 0.833446 0.320181 1.051729 0.000000 0.106551 1.768098 0.273025 1.264088 1.391466 0.586472 1.541142 0.782690 1.960292 1.997731 1.721413 1.105502 0.886922 1.355689 0.830662 1.762311 1.731957 0.431577 0.632345 0.068059
1.341402 1.658598 0.658598 0.341402 0.599814 1.339125 0.469681 0.133811 1.674910 1.254029 1.720596 0.992183 1.685123 1.991639 0.750282 0.207755 0.939997 0.426732 1.158279 0.106551 0.000000 1.661548 0.379575 1.370639 1.498016 0.479922 1.434591 0.889241 1.853742 1.891181 1.827964 1.212053 0.993473 1.462239 0.724111 1.868861 1.838508 0.325026 0.525795 0.174609
0.320145 0.679855 1.679855 1.320145 1.738638 0.999327 1.191867 1.795358 0.013362 0.407519 0.617857 1.346269 0.653329 0.346813 0.911265 1.869303 1.398456 1.911721 1.180173 1.768098 1.661548 0.000000 1.958877 0.967814 0.840436 1.181626 0.226956 1.449211 0.192194 0.229633 0.510489 1.126400 1.344979 0.876213 0.937437 0.469591 0.499945 1.336522 1.135753 1.836157
1.720978 1.279022 0.279022 0.720978 0.220239 0.959550 0.849256 0.245765 1.945515 1.633604 1.341020 0.612608 1.305548 1.612064 1.129858 0.171820 0.560422 0.047157 0.778704 0.273025 0.379575 1.958877 0.000000 0.991064 1.118441 0.859497 1.814166 0.509666 1.766683 1.729244 1.448388 0.832478 0.613898 1.082664 1.103686 1.489286 1.458932 0.704601 0.905370 0.204966
1.287959 0.287959 0.712041 1.712041 0.770825 0.031513 1.840319 1.236828 0.954451 1.375332 0.349957 0.378455 0.314484 0.621001 1.879079 1.162883 0.430642 0.943907 0.212360 1.264088 1.370639 0.967814 0.991064 0.000000 0.127378 1.850560 1.194770 0.481398 0.775620 0.738181 0.457325 0.158586 0.377166 0.091600 1.905250 0.498223 0.467869 1.695665 1.896433 1.196029
1.160581 0.160581 0.839419 1.839419 0.898203 0.158891 1.967697 1.364206 0.827073 1.247955 0.222579 0.505833 0.187107 0.493623 1.751701 1.290261 0.558020 1.071285 0.339737 1.391466 1.498016 0.840436 1.118441 0.127378 0.000000 1.977938 1.067392 0.608775 0.648242 0.610803 0.329947 0.285964 0.504543 0.035777 1.777872 0.370845 0.340491 1.823042 1.976189 1.323407
0.861481 1.861481 1.138519 0.138519 1.079735 1.819047 0.010241 0.613732 1.194989 0.774107 1.799483 1.472105 1.834955 1.528439 0.270361 0.687677 1.419918 0.906653 1.638201 0.586472 0.479922 1.181626 0.859497 1.850560 1.977938 0.000000 0.954670 1.369163 1.373820 1.411259 1.692115 1.691974 1.473395 1.942161 0.244189 1.651217 1.681571 0.154896 0.045873 0.654531
0.093189 0.906811 1.906811 1.093189 1.965595 1.226283 0.964911 1.568402 0.240319 0.180562 0.844813 1.573225 0.880286 0.573769 0.684309 1.642347 1.625412 1.861323 1.407130 1.541142 1.434591 0.226956 1.814166 1.194770 1.067392 0.954670 0.000000 1.676168 0.419150 0.456589 0.737445 1.353356 1.571936 1.103170 0.710480 0.696548 0.726901 1.109565 0.908797 1.609201
1.769356 0.769356 0.230644 1.230644 0.289427 0.449884 1.358922 0.755430 1.435849 1.856730 0.831355 0.102942 0.795882 1.102398 1.639523 0.681486 0.050756 0.462509 0.269038 0.782690 0.889241 1.449211 0.509666 0.481398 0.608775 1.369163 1.676168 0.000000 1.257017 1.219578 0.938722 0.322812 0.104232 0.572998 1.613352 0.979620 0.949266 1.214267 1.415036 0.714632
0.512339 0.487661 1.487661 1.512339 1.546444 0.807133 1.384061 1.987552 0.178832 0.599713 0.425663 1.154075 0.461135 0.154619 1.103459 1.938503 1.206262 1.719527 0.987979 1.960292 1.853742 0.192194 1.766683 0.775620 0.648242 1.373820 0.419150 1.257017 0.000000 0.037439 0.318295 0.934206 1.152785 0.684019 1.129631 0.277397 0.307751 1.528716 1.327947 1.971649
0.549778 0.450222 1.450222 1.549778 1.509006 0.769694 1.421500 1.975009 0.216270 0.637152 0.388224 1.116636 0.423696 0.117180 1.140898 1.901064 1.168823 1.682088 0.950540 1.997731 1.891181 0.229633 1.729244 0.738181 0.610803 1.411259 0.456589 1.219578 0.037439 0.000000 0.280856 0.896767 1.115346 0.646580 1.167069 0.239958 0.270312 1.566155 1.365386 1.934210
0.830634 0.169366 1.169366 1.830634 1.228150 0.488838 1.702356 1.694153 0.497126 0.918008 0.107368 0.835780 0.142840 0.163676 1.421754 1.620208 0.887967 1.401232 0.669684 1.721413 1.827964 0.510489 1.448388 0.457325 0.329947 1.692115 0.737445 0.938722 0.318295 0.280856 0.000000 0.615911 0.834491 0.365724 1.447925 0.040898 0.010544 1.847011 1.646242 1.653354
1.446545 0.446545 0.553455 1.553455 0.612239 0.127073 1.681733 1.078242 1.113037 1.533919 0.508543 0.219869 0.473070 0.779587 1.962335 1.004297 0.272056 0.785321 0.053774 1.105502 1.212053 1.126400 0.832478 0.158586 0.285964 1.691974 1.353356 0.322812 0.934206 0.896767 0.615911 0.000000 0.218580 0.250186 1.936164 0.656809 0.626455 1.537079 1.737847 1.037443
1.665125 0.665125 0.334875 1.334875 0.393659 0.345653 1.463154 0.859662 1.331617 1.752498 0.727123 0.001290 0.691650 0.998166 1.743755 0.785718 0.053476 0.566741 0.164806 0.886922 0.993473 1.344979 0.613898 0.377166 0.504543 1.473395 1.571936 0.104232 1.152785 1.115346 0.834491 0.218580 0.000000 0.468766 1.717584 0.875388 0.845035 1.318499 1.519268 0.818864
1.196358 0.196358 0.803642 1.803642 0.862425 0.123114 1.931920 1.328428 0.862851 1.283732 0.258357 0.470056 0.222884 0.529400 1.787478 1.254484 0.522242 1.035507 0.303960 1.355689 1.462239 0.876213 1.082664 0.091600 0.035777 1.942161 1.103170 0.572998 0.684019 0.646580 0.365724 0.250186 0.468766 0.000000 1.813650 0.406622 0.376268 1.787265 1.988034 1.287630
0.617291 1.617291 1.382709 0.382709 1.323925 1.936763 0.254430 0.857922 0.950799 0.529918 1.555293 1.716294 1.590766 1.284249 0.026171 0.931866 1.664108 1.150843 1.882390 0.830662 0.724111 0.937437 1.103686 1.905250 1.777872 0.244189 0.710480 1.613352 1.129631 1.167069 1.447925 1.936164 1.717584 1.813650 0.000000 1.407028 1.437381 0.399085 0.198317 0.898720
0.789736 0.210264 1.210264 1.789736 1.269047 0.529736 1.661458 1.735051 0.456229 0.877110 0.148266 0.876678 0.183738 0.122778 1.380856 1.661106 0.928864 1.442130 0.710582 1.762311 1.868861 0.469591 1.489286 0.498223 0.370845 1.651217 0.696548 0.979620 0.277397 0.239958 0.040898 0.656809 0.875388 0.406622 1.407028 0.000000 0.030354 1.806113 1.605344 1.694252
0.820090 0.179910 1.179910 1.820090 1.238694 0.499382 1.691812 1.704697 0.486582 0.907464 0.117912 0.846324 0.153384 0.153132 1.411210 1.630752 0.898511 1.411776 0.680228 1.731957 1.838508 0.499945 1.458932 0.467869 0.340491 1.681571 0.726901 0.949266 0.307751 0.270312 0.010544 0.626455 0.845035 0.376268 1.437381 0.030354 0.000000 1.836466 1.635698 1.663898
1.016376 1.983624 0.983624 0.016376 0.924840 1.664151 0.144655 0.458837 1.349884 0.929003 1.954378 1.317209 1.989851 1.683335 0.425256 0.532781 1.265023 0.751758 1.483305 0.431577 0.325026 1.336522 0.704601 1.695665 1.823042 0.154896 1.109565 1.214267 1.528716 1.566155 1.847011 1.537079 1.318499 1.787265 0.399085 1.806113 1.836466 0.000000 0.200769 0.499635
0.815608 1.815608 1.184392 0.184392 1.125608 1.864920 0.056114 0.659605 1.149116 0.728234 1.753610 1.517978 1.789082 1.482566 0.224488 0.733550 1.465791 0.952526 1.684074 0.632345 0.525795 1.135753 0.905370 1.896433 1.976189 0.045873 0.908797 1.415036 1.327947 1.365386 1.646242 1.737847 1.519268 1.988034 0.198317 1.605344 1.635698 0.200769 0.000000 0.700404
1.516012 1.483988 0.483988 0.516012 0.425205 1.164516 0.644290 0.040799 1.849519 1.428638 1.545986 0.817574 1.510514 1.817030 0.924892 0.033146 0.765387 0.252122 0.983670 0.068059 0.174609 1.836157 0.204966 1.196029 1.323407 0.654531 1.609201 0.714632 1.971649 1.934210 1.653354 1.037443 0.818864 1.287630 0.898720 1.694252 1.663898 0.499635 0.700404 0.000000
