30
0.000000 1.000000 2.000000 1.000000 1.507935 0.466173 0.151929 0.546689 1.876652 0.897280 0.412797 1.402842 1.611682 0.798967 1.220767 0.556177 0.875901 0.947700 1.713449 0.882792 1.612795 1.823236 0.737038 0.774111 0.100577 1.496115 0.665183 1.075461 1.349902 1.021341
1.000000 0.000000 1.000000 2.000000 1.492065 1.466173 0.848071 1.546689 0.876652 0.102720 1.412797 0.402842 1.388318 0.201033 1.779233 1.556177 0.124099 1.947700 0.713449 0.117208 1.387205 1.176764 1.737038 0.225889 0.899423 0.496115 1.665183 1.924539 1.650098 0.021341
2.000000 1.000000 0.000000 1.000000 0.492065 1.533827 1.848071 1.453311 0.123348 1.102720 1.587203 0.597158 0.388318 1.201033 0.779233 1.443823 1.124099 1.052300 0.286551 1.117208 0.387205 0.176764 1.262962 1.225889 1.899423 0.503885 1.334817 0.924539 0.650098 0.978659
1.000000 2.000000 1.000000 0.000000 0.507935 0.533827 1.151929 0.453311 1.123348 1.897280 0.587203 1.597158 0.611682 1.798967 0.220767 0.443823 1.875901 0.052300 1.286551 1.882792 0.612795 0.823236 0.262962 1.774111 1.100577 1.503885 0.334817 0.075461 0.349902 1.978659
1.507935 1.492065 0.492065 0.507935 0.000000 1.041762 1.659864 0.961246 0.615413 1.594786 1.095138 1.089223 0.103748 1.693098 0.287168 0.951757 1.616165 0.560235 0.778616 1.609273 0.104860 0.315301 0.770897 1.717955 1.608511 0.995950 0.842752 0.432474 0.158033 1.470724
0.466173 1.466173 1.533827 0.533827 1.041762 0.000000 0.618101 0.080517 1.657175 1.363452 0.053376 1.869015 1.145510 1.265140 0.754594 0.090005 1.342073 0.481528 1.820378 1.348964 1.146622 1.357063 0.270866 1.240283 0.566749 1.962288 0.199010 0.609288 0.883730 1.487514
0.151929 0.848071 1.848071 1.151929 1.659864 0.618101 0.000000 0.698618 1.724723 0.745351 0.564726 1.250913 1.763611 0.647038 1.372696 0.708106 0.723972 1.099629 1.561520 0.730863 1.764724 1.975165 0.888967 0.622182 0.051352 1.344186 0.817112 1.227390 1.501831 0.869412
0.546689 1.546689 1.453311 0.453311 0.961246 0.080517 0.698618 0.000000 1.576659 1.443969 0.133892 1.949531 1.064993 1.345656 0.674078 0.009488 1.422590 0.401011 1.739862 1.429481 1.066106 1.276547 0.190349 1.320800 0.647266 1.957196 0.118494 0.528771 0.803213 1.568030
1.876652 0.876652 0.123348 1.123348 0.615413 1.657175 1.724723 1.576659 0.000000 0.979372 1.710551 0.473810 0.511666 1.077685 0.902581 1.567171 1.000751 1.175648 0.163203 0.993860 0.510553 0.300112 1.386310 1.102541 1.776075 0.380537 1.458165 1.047887 0.773446 0.855311
0.897280 0.102720 1.102720 1.897280 1.594786 1.363452 0.745351 1.443969 0.979372 0.000000 1.310076 0.505563 1.491038 0.098312 1.881954 1.453457 0.021379 1.844980 0.816170 0.014488 1.489926 1.279485 1.634318 0.123169 0.796703 0.598836 1.562462 1.972740 1.752818 0.124062
0.412797 1.412797 1.587203 0.587203 1.095138 0.053376 0.564726 0.133892 1.710551 1.310076 0.000000 1.815639 1.198886 1.211764 0.807970 0.143381 1.288697 0.534903 1.873754 1.295589 1.199998 1.410439 0.324241 1.186907 0.513373 1.908912 0.252386 0.662664 0.937105 1.434138
1.402842 0.402842 0.597158 1.597158 1.089223 1.869015 1.250913 1.949531 0.473810 0.505563 1.815639 0.000000 0.985475 0.603875 1.376391 1.959020 0.526942 1.649458 0.310607 0.520050 0.984363 0.773922 1.860120 0.628732 1.302266 0.093273 1.931975 1.521697 1.247255 0.381501
1.611682 1.388318 0.388318 0.611682 0.103748 1.145510 1.763611 1.064993 0.511666 1.491038 1.198886 0.985475 0.000000 1.589350 0.390916 1.055505 1.512417 0.663982 0.674868 1.505526 0.001112 0.211553 0.874644 1.614207 1.712259 0.892202 0.946500 0.536222 0.261780 1.366976
0.798967 0.201033 1.201033 1.798967 1.693098 1.265140 0.647038 1.345656 1.077685 0.098312 1.211764 0.603875 1.589350 0.000000 1.980266 1.355145 0.076933 1.746667 0.914482 0.083825 1.588238 1.377797 1.536005 0.024857 0.698391 0.697148 1.464150 1.874428 1.851131 0.222374
1.220767 1.779233 0.779233 0.220767 0.287168 0.754594 1.372696 0.674078 0.902581 1.881954 0.807970 1.376391 0.390916 1.980266 0.000000 0.664589 1.903333 0.273067 1.065784 1.896441 0.392028 0.602469 0.483729 1.994877 1.321343 1.283118 0.555584 0.145306 0.129136 1.757892
0.556177 1.556177 1.443823 0.443823 0.951757 0.090005 0.708106 0.009488 1.567171 1.453457 0.143381 1.959020 1.055505 1.355145 0.664589 0.000000 1.432078 0.391523 1.730373 1.438969 1.056617 1.267058 0.180861 1.330288 0.656754 1.947707 0.109005 0.519283 0.793725 1.577519
0.875901 0.124099 1.124099 1.875901 1.616165 1.342073 0.723972 1.422590 1.000751 0.021379 1.288697 0.526942 1.512417 0.076933 1.903333 1.432078 0.000000 1.823601 0.837549 0.006891 1.511305 1.300864 1.612939 0.101790 0.775324 0.620215 1.541083 1.951361 1.774197 0.145441
0.947700 1.947700 1.052300 0.052300 0.560235 0.481528 1.099629 0.401011 1.175648 1.844980 0.534903 1.649458 0.663982 1.746667 0.273067 0.391523 1.823601 0.000000 1.338851 1.830492 0.665095 0.875536 0.210662 1.721811 1.048277 1.556185 0.282517 0.127761 0.402202 1.969041
1.713449 0.713449 0.286551 1.286551 0.778616 1.820378 1.561520 1.739862 0.163203 0.816170 1.873754 0.310607 0.674868 0.914482 1.065784 1.730373 0.837549 1.338851 0.000000 0.830657 0.673756 0.463315 1.549513 0.939339 1.612873 0.217334 1.621368 1.211090 0.936649 0.692108
0.882792 0.117208 1.117208 1.882792 1.609273 1.348964 0.730863 1.429481 0.993860 0.014488 1.295589 0.520050 1.505526 0.083825 1.896441 1.438969 0.006891 1.830492 0.830657 0.000000 1.504413 1.293972 1.619830 0.108681 0.782215 0.613323 1.547975 1.958253 1.767306 0.138549
1.612795 1.387205 0.387205 0.612795 0.104860 1.146622 1.764724 1.066106 0.510553 1.489926 1.199998 0.984363 0.001112 1.588238 0.392028 1.056617 1.511305 0.665095 0.673756 1.504413 0.000000 0.210441 0.875757 1.613095 1.713371 0.891090 0.947612 0.537334 0.262893 1.365864
1.823236 1.176764 0.176764 0.823236 0.315301 1.357063 1.975165 1.276547 0.300112 1.279485 1.410439 0.773922 0.211553 1.377797 0.602469 1.267058 1.300864 0.875536 0.463315 1.293972 0.210441 0.000000 1.086198 1.402654 1.923812 0.680649 1.158053 0.747775 0.473334 1.155423
0.737038 1.737038 1.262962 0.262962 0.770897 0.270866 0.888967 0.190349 1.386310 1.634318 0.324241 1.860120 0.874644 1.536005 0.483729 0.180861 1.612939 0.210662 1.549513 1.619830 0.875757 1.086198 0.000000 1.511149 0.837615 1.766847 0.071855 0.338422 0.612864 1.758379
0.774111 0.225889 1.225889 1.774111 1.717955 1.240283 0.622182 1.320800 1.102541 0.123169 1.186907 0.628732 1.614207 0.024857 1.994877 1.330288 0.101790 1.721811 0.939339 0.108681 1.613095 1.402654 1.511149 0.000000 0.673534 0.722005 1.439294 1.849571 1.875987 0.247231
0.100577 0.899423 1.899423 1.100577 1.608511 0.566749 0.051352 0.647266 1.776075 0.796703 0.513373 1.302266 1.712259 0.698391 1.321343 0.656754 0.775324 1.048277 1.612873 0.782215 1.713371 1.923812 0.837615 0.673534 0.000000 1.395539 0.765760 1.176037 1.450479 0.920765
1.496115 0.496115 0.503885 1.503885 0.995950 1.962288 1.344186 1.957196 0.380537 0.598836 1.908912 0.093273 0.892202 0.697148 1.283118 1.947707 0.620215 1.556185 0.217334 0.613323 0.891090 0.680649 1.766847 0.722005 1.395539 0.000000 1.838702 1.428424 1.153983 0.474774
0.665183 1.665183 1.334817 0.334817 0.842752 0.199010 0.817112 0.118494 1.458165 1.562462 0.252386 1.931975 0.946500 1.464150 0.555584 0.109005 1.541083 0.282517 1.621368 1.547975 0.947612 1.158053 0.071855 1.439294 0.765760 1.838702 0.000000 0.410278 0.684719 1.686524
1.075461 1.924539 0.924539 0.075461 0.432474 0.609288 1.227390 0.528771 1.047887 1.972740 0.662664 1.521697 0.536222 1.874428 0.145306 0.519283 1.951361 0.127761 1.211090 1.958253 0.537334 0.747775 0.338422 1.849571 1.176037 1.428424 0.410278 0.000000 0.274442 1.903198
1.349902 1.650098 0.650098 0.349902 0.158033 0.883730 1.501831 0.803213 0.773446 1.752818 0.937105 1.247255 0.261780 1.851131 0.129136 0.793725 1.774197 0.402202 0.936649 1.767306 0.262893 0.473334 0.612864 1.875987 1.450479 1.153983 0.684719 0.274442 0.000000 1.628757
1.021341 0.021341 0.978659 1.978659 1.470724 1.487514 0.869412 1.568030 0.855311 0.124062 1.434138 0.381501 1.366976 0.222374 1.757892 1.577519 0.145441 1.969041 0.692108 0.138549 1.365864 1.155423 1.758379 0.247231 0.920765 0.474774 1.686524 1.903198 1.628757 0.000000
