25
0.000000 1.000000 2.000000 1.000000 0.527761 1.892274 1.555236 1.181505 0.139985 0.090715 0.387915 1.429225 1.898167 1.099875 0.273422 0.814508 0.081118 1.343122 1.728041 1.264449 1.377012 1.828684 0.563035 1.149910 0.092419
1.000000 0.000000 1.000000 2.000000 0.472239 1.107726 0.555236 1.818495 1.139985 1.090715 0.612085 0.429225 0.898167 0.099875 1.273422 1.814508 0.918882 1.656878 0.728041 1.735551 0.377012 0.828684 0.436965 0.149910 1.092419
2.000000 1.000000 0.000000 1.000000 1.472239 0.107726 0.444764 0.818495 1.860015 1.909285 1.612085 0.570775 0.101833 0.900125 1.726578 1.185492 1.918882 0.656878 0.271959 0.735551 0.622988 0.171316 1.436965 0.850090 1.907581
1.000000 2.000000 1.000000 0.000000 1.527761 0.892274 1.444764 0.181505 0.860015 0.909285 1.387915 1.570775 1.101833 1.900125 0.726578 0.185492 1.081118 0.343122 1.271959 0.264449 1.622988 1.171316 1.563035 1.850090 0.907581
0.527761 0.472239 1.472239 1.527761 0.000000 1.579965 1.027475 1.709266 0.667746 0.618476 0.139846 0.901464 1.370406 0.572114 0.801183 1.342269 0.446643 1.870883 1.200280 1.792210 0.849251 1.300923 0.035274 0.622149 0.620180
1.892274 1.107726 0.107726 0.892274 1.579965 0.000000 0.552490 0.710770 1.752290 1.801560 1.719811 0.678501 0.209559 1.007851 1.618853 1.077766 1.973392 0.549152 0.379685 0.627825 0.730713 0.279042 1.544690 0.957816 1.799855
1.555236 0.555236 0.444764 1.444764 1.027475 0.552490 0.000000 1.263259 1.695221 1.645951 1.167321 0.126011 0.342931 0.455361 1.828658 1.630256 1.474118 1.101642 0.172805 1.180315 0.178224 0.273448 0.992201 0.405326 1.647655
1.181505 1.818495 0.818495 0.181505 1.709266 0.710770 1.263259 0.000000 1.041520 1.090790 1.569419 1.389271 0.920328 1.718621 0.908083 0.366996 1.262623 0.161617 1.090455 0.082944 1.441483 0.989811 1.744540 1.668585 1.089085
0.139985 1.139985 1.860015 0.860015 0.667746 1.752290 1.695221 1.041520 0.000000 0.049270 0.527900 1.569210 1.961848 1.239859 0.133437 0.674523 0.221103 1.203137 1.868025 1.124464 1.516997 1.968669 0.703020 1.289895 0.047565
0.090715 1.090715 1.909285 0.909285 0.618476 1.801560 1.645951 1.090790 0.049270 0.000000 0.478629 1.519939 1.988882 1.190589 0.182707 0.723794 0.171833 1.252407 1.818755 1.173734 1.467727 1.919399 0.653750 1.240625 0.001705
0.387915 0.612085 1.612085 1.387915 0.139846 1.719811 1.167321 1.569419 0.527900 0.478629 0.000000 1.041310 1.510252 0.711960 0.661337 1.202423 0.306797 1.731037 1.340126 1.652364 0.989098 1.440769 0.175120 0.761995 0.480334
1.429225 0.429225 0.570775 1.570775 0.901464 0.678501 0.126011 1.389271 1.569210 1.519939 1.041310 0.000000 0.468942 0.329350 1.702646 1.756267 1.348107 1.227653 0.298816 1.306326 0.052212 0.399459 0.866190 0.279315 1.521644
1.898167 0.898167 0.101833 1.101833 1.370406 0.209559 0.342931 0.920328 1.961848 1.988882 1.510252 0.468942 0.000000 0.798292 1.828411 1.287325 1.817049 0.758711 0.170126 0.837384 0.521155 0.069483 1.335132 0.748257 1.990586
1.099875 0.099875 0.900125 1.900125 0.572114 1.007851 0.455361 1.718621 1.239859 1.190589 0.711960 0.329350 0.798292 0.000000 1.373296 1.914383 1.018757 1.557003 0.628166 1.635676 0.277138 0.728809 0.536839 0.050035 1.192294
0.273422 1.273422 1.726578 0.726578 0.801183 1.618853 1.828658 0.908083 0.133437 0.182707 0.661337 1.702646 1.828411 1.373296 0.000000 0.541086 0.354540 1.069700 1.998538 0.991027 1.650434 1.897894 0.836457 1.423332 0.181002
0.814508 1.814508 1.185492 0.185492 1.342269 1.077766 1.630256 0.366996 0.674523 0.723794 1.202423 1.756267 1.287325 1.914383 0.541086 0.000000 0.895626 0.528614 1.457451 0.449941 1.808480 1.356808 1.377543 1.964418 0.722089
0.081118 0.918882 1.918882 1.081118 0.446643 1.973392 1.474118 1.262623 0.221103 0.171833 0.306797 1.348107 1.817049 1.018757 0.354540 0.895626 0.000000 1.424240 1.646923 1.345567 1.295894 1.747566 0.481917 1.068792 0.173537
1.343122 1.656878 0.656878 0.343122 1.870883 0.549152 1.101642 0.161617 1.203137 1.252407 1.731037 1.227653 0.758711 1.557003 1.069700 0.528614 1.424240 0.000000 0.928837 0.078673 1.279866 0.828194 1.906157 1.506968 1.250703
1.728041 0.728041 0.271959 1.271959 1.200280 0.379685 0.172805 1.090455 1.868025 1.818755 1.340126 0.298816 0.170126 0.628166 1.998538 1.457451 1.646923 0.928837 0.000000 1.007510 0.351028 0.100643 1.165005 0.578131 1.820460
1.264449 1.735551 0.735551 0.264449 1.792210 0.627825 1.180315 0.082944 1.124464 1.173734 1.652364 1.306326 0.837384 1.635676 0.991027 0.449941 1.345567 0.078673 1.007510 0.000000 1.358539 0.906867 1.827484 1.585641 1.172030
1.377012 0.377012 0.622988 1.622988 0.849251 0.730713 0.178224 1.441483 1.516997 1.467727 0.989098 0.052212 0.521155 0.277138 1.650434 1.808480 1.295894 1.279866 0.351028 1.358539 0.000000 0.451672 0.813977 0.227102 1.469432
1.828684 0.828684 0.171316 1.171316 1.300923 0.279042 0.273448 0.989811 1.968669 1.919399 1.440769 0.399459 0.069483 0.728809 1.897894 1.356808 1.747566 0.828194 0.100643 0.906867 0.451672 0.000000 1.265649 0.678774 1.921103
0.563035 0.436965 1.436965 1.563035 0.035274 1.544690 0.992201 1.744540 0.703020 0.653750 0.175120 0.866190 1.335132 0.536839 0.836457 1.377543 0.481917 1.906157 1.165005 1.827484 0.813977 1.265649 0.000000 0.586875 0.655454
1.149910 0.149910 0.850090 1.850090 0.622149 0.957816 0.405326 1.668585 1.289895 1.240625 0.761995 0.279315 0.748257 0.050035 1.423332 1.964418 1.068792 1.506968 0.578131 1.585641 0.227102 0.678774 0.586875 0.000000 1.242329
0.092419 1.092419 1.907581 0.907581 0.620180 1.799855 1.647655 1.089085 0.047565 0.001705 0.480334 1.521644 1.990586 1.192294 0.181002 0.722089 0.173537 1.250703 1.820460 1.172030 1.469432 1.921103 0.655454 1.242329 0.000000
