40
0.000000 1.000000 2.000000 1.000000 0.049190 0.891774 1.265931 1.982593 0.107678 0.590341 1.073285 1.888813 1.669359 1.657460 1.477313 0.802085 1.030352 0.936366 0.699731 1.884549 1.314934 0.360062 0.844593 1.863409 1.710228 1.568035 0.650770 1.158606 0.795880 1.137324 0.128693 1.578966 0.234065 1.269699 1.834463 1.533935 1.722549 0.736141 0.264545 1.849580
1.000000 0.000000 1.000000 2.000000 1.049190 0.108226 1.734069 0.982593 1.107678 1.590341 0.073285 0.888813 0.669359 1.342540 1.522687 1.802085 0.030352 1.936366 1.699731 0.884549 0.314934 1.360062 1.844593 0.863409 1.289772 1.431965 0.349230 0.158606 0.204120 1.862676 1.128693 1.421034 0.765935 1.730301 0.834463 1.466065 1.277451 1.736141 0.735455 0.849580
2.000000 1.000000 0.000000 1.000000 1.950810 1.108226 0.734069 0.017407 1.892322 1.409659 0.926715 0.111187 0.330641 0.342540 0.522687 1.197915 0.969648 1.063634 1.300269 0.115451 0.685066 1.639938 1.155407 0.136591 0.289772 0.431965 1.349230 0.841394 1.204120 0.862676 1.871307 0.421034 1.765935 0.730301 0.165537 0.466065 0.277451 1.263859 1.735455 0.150420
1.000000 2.000000 1.000000 0.000000 0.950810 1.891774 0.265931 1.017407 0.892322 0.409659 1.926715 1.111187 1.330641 0.657460 0.477313 0.197915 1.969648 0.063634 0.300269 1.115451 1.685066 0.639938 0.155407 1.136591 0.710228 0.568035 1.650770 1.841394 1.795880 0.137324 0.871307 0.578966 1.234065 0.269699 1.165537 0.533935 0.722549 0.263859 1.264545 1.150420
0.049190 1.049190 1.950810 0.950810 0.000000 0.940964 1.216740 1.968217 0.058487 0.541151 1.122475 1.938003 1.718549 1.608269 1.428123 0.752894 1.079542 0.887175 0.650541 1.933739 1.364124 0.310872 0.795403 1.912599 1.661038 1.518845 0.699960 1.207796 0.845070 1.088134 0.079503 1.529776 0.283256 1.220508 1.883653 1.484744 1.673358 0.686950 0.313735 1.898770
0.891774 0.108226 1.108226 1.891774 0.940964 0.000000 1.842295 1.090819 0.999451 1.482115 0.181511 0.997039 0.777585 1.450767 1.630913 1.693858 0.138578 1.828139 1.591505 0.992775 0.423160 1.251836 1.736367 0.971635 1.397998 1.540191 0.241004 0.266832 0.095894 1.970902 1.020467 1.529260 0.657708 1.838527 0.942689 1.574292 1.385678 1.627914 0.627229 0.957806
1.265931 1.734069 0.734069 0.265931 1.216740 1.842295 0.000000 0.751477 1.158253 0.675590 1.660784 0.845257 1.064710 0.391529 0.211382 0.463846 1.703717 0.329565 0.566199 0.849520 1.419135 0.905869 0.421338 0.870660 0.444297 0.302105 1.916701 1.575464 1.938189 0.128606 1.137237 0.313035 1.499996 0.003768 0.899606 0.268004 0.456618 0.529790 1.530475 0.884490
1.982593 0.982593 0.017407 1.017407 1.968217 1.090819 0.751477 0.000000 1.909730 1.427066 0.909308 0.093780 0.313234 0.359948 0.540094 1.215323 0.952241 1.081042 1.317676 0.098044 0.667659 1.657345 1.172814 0.119184 0.307179 0.449372 1.331823 0.823987 1.186713 0.880083 1.888714 0.438441 1.748527 0.747709 0.148130 0.483473 0.294859 1.281267 1.718048 0.133013
0.107678 1.107678 1.892322 0.892322 0.058487 0.999451 1.158253 1.909730 0.000000 0.482663 1.180962 1.996490 1.777036 1.549782 1.369635 0.694407 1.138030 0.828688 0.592054 1.992227 1.422612 0.252384 0.736915 1.971087 1.602550 1.460358 0.758447 1.266283 0.903558 1.029647 0.021016 1.471288 0.341743 1.162021 1.942141 1.426257 1.614871 0.628463 0.372222 1.957257
0.590341 1.590341 1.409659 0.409659 0.541151 1.482115 0.675590 1.427066 0.482663 0.000000 1.663626 1.520846 1.740300 1.067118 0.886972 0.211743 1.620693 0.346024 0.109390 1.525110 1.905275 0.230279 0.254252 1.546250 1.119887 0.977694 1.241111 1.748947 1.386221 0.546983 0.461648 0.988625 0.824407 0.679358 1.575196 0.943594 1.132207 0.145800 0.854886 1.560079
1.073285 0.073285 0.926715 1.926715 1.122475 0.181511 1.660784 0.909308 1.180962 1.663626 0.000000 0.815528 0.596074 1.269256 1.449402 1.875369 0.042933 1.990350 1.773016 0.811264 0.241649 1.433347 1.917878 0.790124 1.216487 1.358680 0.422515 0.085321 0.277405 1.789391 1.201978 1.347749 0.839219 1.657016 0.761178 1.392781 1.204167 1.809425 0.808740 0.776295
1.888813 0.888813 0.111187 1.111187 1.938003 0.997039 0.845257 0.093780 1.996490 1.520846 0.815528 0.000000 0.219454 0.453728 0.633875 1.309103 0.858461 1.174822 1.411456 0.004264 0.573879 1.751125 1.266594 0.025404 0.400959 0.543152 1.238043 0.730207 1.092933 0.973863 1.982494 0.532221 1.654747 0.841489 0.054350 0.577253 0.388639 1.375047 1.624268 0.039233
1.669359 0.669359 0.330641 1.330641 1.718549 0.777585 1.064710 0.313234 1.777036 1.740300 0.596074 0.219454 0.000000 0.673182 0.853328 1.528557 0.639007 1.394276 1.630910 0.215190 0.354425 1.970579 1.486048 0.194050 0.620413 0.762606 1.018589 0.510753 0.873479 1.193317 1.798052 0.751675 1.435293 1.060942 0.165104 0.796707 0.608093 1.594501 1.404814 0.180221
1.657460 1.342540 0.342540 0.657460 1.608269 1.450767 0.391529 0.359948 1.549782 1.067118 1.269256 0.453728 0.673182 0.000000 0.180147 0.855375 1.312188 0.721094 0.957728 0.457991 1.027607 1.297398 0.812866 0.479132 0.052768 0.089424 1.691771 1.183935 1.546661 0.520135 1.528766 0.078493 1.891525 0.387761 0.508077 0.123525 0.065089 0.921319 1.922004 0.492961
1.477313 1.522687 0.522687 0.477313 1.428123 1.630913 0.211382 0.540094 1.369635 0.886972 1.449402 0.633875 0.853328 0.180147 0.000000 0.675228 1.492335 0.540947 0.777582 0.638138 1.207753 1.117251 0.632720 0.659278 0.232915 0.090723 1.871917 1.364081 1.726807 0.339989 1.348619 0.101653 1.711378 0.207614 0.688224 0.056622 0.245236 0.741172 1.741858 0.673107
0.802085 1.802085 1.197915 0.197915 0.752894 1.693858 0.463846 1.215323 0.694407 0.211743 1.875369 1.309103 1.528557 0.855375 0.675228 0.000000 1.832437 0.134281 0.102353 1.313366 1.882982 0.442023 0.042508 1.334507 0.908143 0.765951 1.452854 1.960690 1.597964 0.335240 0.673391 0.776881 1.036150 0.467614 1.363452 0.731850 0.920464 0.065944 1.066629 1.348336
1.030352 0.030352 0.969648 1.969648 1.079542 0.138578 1.703717 0.952241 1.138030 1.620693 0.042933 0.858461 0.639007 1.312188 1.492335 1.832437 0.000000 1.966718 1.730083 0.854197 0.284582 1.390414 1.874945 0.833057 1.259420 1.401613 0.379582 0.128254 0.234472 1.832324 1.159045 1.390682 0.796287 1.699949 0.804111 1.435713 1.247099 1.766493 0.765807 0.819228
0.936366 1.936366 1.063634 0.063634 0.887175 1.828139 0.329565 1.081042 0.828688 0.346024 1.990350 1.174822 1.394276 0.721094 0.540947 0.134281 1.966718 0.000000 0.236634 1.179085 1.748701 0.576303 0.091772 1.200226 0.773863 0.631670 1.587135 1.905029 1.732245 0.200959 0.807672 0.642601 1.170431 0.333333 1.229172 0.597569 0.786183 0.200225 1.200910 1.214055
0.699731 1.699731 1.300269 0.300269 0.650541 1.591505 0.566199 1.317676 0.592054 0.109390 1.773016 1.411456 1.630910 0.957728 0.777582 0.102353 1.730083 0.236634 0.000000 1.415720 1.985335 0.339669 0.144862 1.436860 1.010497 0.868304 1.350501 1.858337 1.495611 0.437593 0.571038 0.879235 0.933797 0.569967 1.465806 0.834203 1.022817 0.036409 0.964276 1.450689
1.884549 0.884549 0.115451 1.115451 1.933739 0.992775 0.849520 0.098044 1.992227 1.525110 0.811264 0.004264 0.215190 0.457991 0.638138 1.313366 0.854197 1.179085 1.415720 0.000000 0.569615 1.755389 1.270858 0.021140 0.405223 0.547416 1.233779 0.725943 1.088669 0.978127 1.986757 0.536485 1.650484 0.845752 0.050086 0.581516 0.392902 1.379310 1.620004 0.034969
1.314934 0.314934 0.685066 1.685066 1.364124 0.423160 1.419135 0.667659 1.422612 1.905275 0.241649 0.573879 0.354425 1.027607 1.207753 1.882982 0.284582 1.748701 1.985335 0.569615 0.000000 1.674996 1.840473 0.548475 0.974838 1.117031 0.664164 0.156328 0.519054 1.547742 1.443627 1.106100 1.080868 1.415367 0.519529 1.151131 0.962518 1.948925 1.050389 0.534646
0.360062 1.360062 1.639938 0.639938 0.310872 1.251836 0.905869 1.657345 0.252384 0.230279 1.433347 1.751125 1.970579 1.297398 1.117251 0.442023 1.390414 0.576303 0.339669 1.755389 1.674996 0.000000 0.484531 1.776529 1.350166 1.207973 1.010832 1.518668 1.155942 0.777262 0.231369 1.218904 0.594127 0.909637 1.805475 1.173873 1.362486 0.376079 0.624607 1.790358
0.844593 1.844593 1.155407 0.155407 0.795403 1.736367 0.421338 1.172814 0.736915 0.254252 1.917878 1.266594 1.486048 0.812866 0.632720 0.042508 1.874945 0.091772 0.144862 1.270858 1.840473 0.484531 0.000000 1.291998 0.865635 0.723442 1.495363 1.996801 1.640473 0.292731 0.715900 0.734373 1.078659 0.425106 1.320944 0.689342 0.877955 0.108452 1.109138 1.305827
1.863409 0.863409 0.136591 1.136591 1.912599 0.971635 0.870660 0.119184 1.971087 1.546250 0.790124 0.025404 0.194050 0.479132 0.659278 1.334507 0.833057 1.200226 1.436860 0.021140 0.548475 1.776529 1.291998 0.000000 0.426363 0.568556 1.212639 0.704803 1.067529 0.999267 1.992102 0.557625 1.629343 0.866892 0.028946 0.602657 0.414043 1.400451 1.598864 0.013829
1.710228 1.289772 0.289772 0.710228 1.661038 1.397998 0.444297 0.307179 1.602550 1.119887 1.216487 0.400959 0.620413 0.052768 0.232915 0.908143 1.259420 0.773863 1.010497 0.405223 0.974838 1.350166 0.865635 0.426363 0.000000 0.142193 1.639002 1.131166 1.493892 0.572904 1.581535 0.131262 1.944293 0.440529 0.455309 0.176293 0.012320 0.974087 1.974773 0.440192
1.568035 1.431965 0.431965 0.568035 1.518845 1.540191 0.302105 0.449372 1.460358 0.977694 1.358680 0.543152 0.762606 0.089424 0.090723 0.765951 1.401613 0.631670 0.868304 0.547416 1.117031 1.207973 0.723442 0.568556 0.142193 0.000000 1.781195 1.273359 1.636085 0.430711 1.439342 0.010931 1.802101 0.298337 0.597502 0.034101 0.154513 0.831895 1.832580 0.582385
0.650770 0.349230 1.349230 1.650770 0.699960 0.241004 1.916701 1.331823 0.758447 1.241111 0.422515 1.238043 1.018589 1.691771 1.871917 1.452854 0.379582 1.587135 1.350501 1.233779 0.664164 1.010832 1.495363 1.212639 1.639002 1.781195 0.000000 0.507836 0.145110 1.788094 0.779463 1.770264 0.416704 1.920469 1.183693 1.815296 1.626682 1.386910 0.386225 1.198810
1.158606 0.158606 0.841394 1.841394 1.207796 0.266832 1.575464 0.823987 1.266283 1.748947 0.085321 0.730207 0.510753 1.183935 1.364081 1.960690 0.128254 1.905029 1.858337 0.725943 0.156328 1.518668 1.996801 0.704803 1.131166 1.273359 0.507836 0.000000 0.362726 1.704070 1.287299 1.262428 0.924540 1.571696 0.675857 1.307460 1.118846 1.894746 0.894061 0.690974
0.795880 0.204120 1.204120 1.795880 0.845070 0.095894 1.938189 1.186713 0.903558 1.386221 0.277405 1.092933 0.873479 1.546661 1.726807 1.597964 0.234472 1.732245 1.495611 1.088669 0.519054 1.155942 1.640473 1.067529 1.493892 1.636085 0.145110 0.362726 0.000000 1.933204 0.924573 1.625154 0.561814 1.934421 1.038583 1.670185 1.481572 1.532021 0.531335 1.053700
1.137324 1.862676 0.862676 0.137324 1.088134 1.970902 0.128606 0.880083 1.029647 0.546983 1.789391 0.973863 1.193317 0.520135 0.339989 0.335240 1.832324 0.200959 0.437593 0.978127 1.547742 0.777262 0.292731 0.999267 0.572904 0.430711 1.788094 1.704070 1.933204 0.000000 1.008631 0.441642 1.371390 0.132374 1.028213 0.396610 0.585224 0.401184 1.401869 1.013096
0.128693 1.128693 1.871307 0.871307 0.079503 1.020467 1.137237 1.888714 0.021016 0.461648 1.201978 1.982494 1.798052 1.528766 1.348619 0.673391 1.159045 0.807672 0.571038 1.986757 1.443627 0.231369 0.715900 1.992102 1.581535 1.439342 0.779463 1.287299 0.924573 1.008631 0.000000 1.450273 0.362759 1.141005 1.963156 1.405241 1.593855 0.607447 0.393238 1.978273
1.578966 1.421034 0.421034 0.578966 1.529776 1.529260 0.313035 0.438441 1.471288 0.988625 1.347749 0.532221 0.751675 0.078493 0.101653 0.776881 1.390682 0.642601 0.879235 0.536485 1.106100 1.218904 0.734373 0.557625 0.131262 0.010931 1.770264 1.262428 1.625154 0.441642 1.450273 0.000000 1.813032 0.309267 0.586571 0.045031 0.143582 0.842825 1.843511 0.571454
0.234065 0.765935 1.765935 1.234065 0.283256 0.657708 1.499996 1.748527 0.341743 0.824407 0.839219 1.654747 1.435293 1.891525 1.711378 1.036150 0.796287 1.170431 0.933797 1.650484 1.080868 0.594127 1.078659 1.629343 1.944293 1.802101 0.416704 0.924540 0.561814 1.371390 0.362759 1.813032 0.000000 1.503764 1.600398 1.768000 1.956614 0.970206 0.030479 1.615514
1.269699 1.730301 0.730301 0.269699 1.220508 1.838527 0.003768 0.747709 1.162021 0.679358 1.657016 0.841489 1.060942 0.387761 0.207614 0.467614 1.699949 0.333333 0.569967 0.845752 1.415367 0.909637 0.425106 0.866892 0.440529 0.298337 1.920469 1.571696 1.934421 0.132374 1.141005 0.309267 1.503764 0.000000 0.895838 0.264236 0.452850 0.533558 1.534244 0.880722
1.834463 0.834463 0.165537 1.165537 1.883653 0.942689 0.899606 0.148130 1.942141 1.575196 0.761178 0.054350 0.165104 0.508077 0.688224 1.363452 0.804111 1.229172 1.465806 0.050086 0.519529 1.805475 1.320944 0.028946 0.455309 0.597502 1.183693 0.675857 1.038583 1.028213 1.963156 0.586571 1.600398 0.895838 0.000000 0.631602 0.442989 1.429396 1.569918 0.015117
1.533935 1.466065 0.466065 0.533935 1.484744 1.574292 0.268004 0.483473 1.426257 0.943594 1.392781 0.577253 0.796707 0.123525 0.056622 0.731850 1.435713 0.597569 0.834203 0.581516 1.151131 1.173873 0.689342 0.602657 0.176293 0.034101 1.815296 1.307460 1.670185 0.396610 1.405241 0.045031 1.768000 0.264236 0.631602 0.000000 0.188614 0.797794 1.798479 0.616486
1.722549 1.277451 0.277451 0.722549 1.673358 1.385678 0.456618 0.294859 1.614871 1.132207 1.204167 0.388639 0.608093 0.065089 0.245236 0.920464 1.247099 0.786183 1.022817 0.392902 0.962518 1.362486 0.877955 0.414043 0.012320 0.154513 1.626682 1.118846 1.481572 0.585224 1.593855 0.143582 1.956614 0.452850 0.442989 0.188614 0.000000 0.986408 1.987093 0.427872
0.736141 1.736141 1.263859 0.263859 0.686950 1.627914 0.529790 1.281267 0.628463 0.145800 1.809425 1.375047 1.594501 0.921319 0.741172 0.065944 1.766493 0.200225 0.036409 1.379310 1.948925 0.376079 0.108452 1.400451 0.974087 0.831895 1.386910 1.894746 1.532021 0.401184 0.607447 0.842825 0.970206 0.533558 1.429396 0.797794 0.986408 0.000000 1.000685 1.414280
0.264545 0.735455 1.735455 1.264545 0.313735 0.627229 1.530475 1.718048 0.372222 0.854886 0.808740 1.624268 1.404814 1.922004 1.741858 1.066629 0.765807 1.200910 0.964276 1.620004 1.050389 0.624607 1.109138 1.598864 1.974773 1.832580 0.386225 0.894061 0.531335 1.401869 0.393238 1.843511 0.030479 1.534244 1.569918 1.798479 1.987093 1.000685 0.000000 1.585035
1.849580 0.849580 0.150420 1.150420 1.898770 0.957806 0.884490 0.133013 1.957257 1.560079 0.776295 0.039233 0.180221 0.492961 0.673107 1.348336 0.819228 1.214055 1.450689 0.034969 0.534646 1.790358 1.305827 0.013829 0.440192 0.582385 1.198810 0.690974 1.053700 1.013096 1.978273 0.571454 1.615514 0.880722 0.015117 0.616486 0.427872 1.414280 1.585035 0.000000
