40
0.000000 1.000000 2.000000 1.000000 1.665287 1.808987 1.309713 1.077896 1.903693 0.898711 1.564114 1.204575 1.373178 1.373736 1.249107 1.170191 0.263104 1.963440 1.173252 0.316019 0.397931 1.564543 1.670226 1.566980 0.018133 1.947560 1.172796 0.003725 0.880462 1.241395 1.823839 0.602786 0.328497 0.662758 0.932189 1.960103 1.432425 0.667891 1.029767 0.070151
1.000000 0.000000 1.000000 2.000000 0.665287 0.808987 1.690287 1.922104 1.096307 0.101289 0.564114 0.204575 1.626822 1.626264 0.249107 0.170191 1.263104 1.036560 1.826748 0.683981 0.602069 1.435457 1.329774 0.566980 1.018133 0.947560 1.827204 0.996275 1.880462 1.758605 0.823839 1.602786 1.328497 1.662758 1.932189 1.039897 1.567575 0.332109 1.970233 1.070151
2.000000 1.000000 0.000000 1.000000 0.334713 0.191013 0.690287 0.922104 0.096307 1.101289 0.435886 0.795425 0.626822 0.626264 0.750893 0.829809 1.736896 0.036560 0.826748 1.683981 1.602069 0.435457 0.329774 0.433020 1.981867 0.052440 0.827204 1.996275 1.119538 0.758605 0.176161 1.397214 1.671503 1.337242 1.067811 0.039897 0.567575 1.332109 0.970233 1.929849
1.000000 2.000000 1.000000 0.000000 1.334713 1.191013 0.309713 0.077896 0.903693 1.898711 1.435886 1.795425 0.373178 0.373736 1.750893 1.829809 0.736896 0.963440 0.173252 1.316019 1.397931 0.564543 0.670226 1.433020 0.981867 1.052440 0.172796 1.003725 0.119538 0.241395 1.176161 0.397214 0.671503 0.337242 0.067811 0.960103 0.432425 1.667891 0.029767 0.929849
1.665287 0.665287 0.334713 1.334713 0.000000 0.143700 1.025000 1.256816 0.431020 0.766576 0.101173 0.460712 0.961535 0.960976 0.416181 0.495096 1.928391 0.371273 1.161461 1.349269 1.267356 0.770170 0.664486 0.098307 1.683420 0.282273 1.161916 1.661562 1.454251 1.093318 0.158552 1.731926 1.993784 1.671955 1.402524 0.374610 0.902288 0.997397 1.304946 1.735438
1.808987 0.808987 0.191013 1.191013 0.143700 0.000000 0.881300 1.113117 0.287320 0.910276 0.244873 0.604412 0.817835 0.817277 0.559880 0.638796 1.927909 0.227573 1.017761 1.492968 1.411056 0.626470 0.520787 0.242007 1.827120 0.138573 1.018216 1.805262 1.310551 0.949618 0.014852 1.588227 1.862516 1.528255 1.258824 0.230910 0.758588 1.141096 1.161246 1.879138
1.309713 1.690287 0.690287 0.309713 1.025000 0.881300 0.000000 0.231817 0.593980 1.791576 1.126173 1.485712 0.063465 0.064024 1.441181 1.520096 1.046609 0.653727 0.136461 1.625732 1.707644 0.254830 0.360513 1.123307 1.291580 0.742727 0.136916 1.313438 0.429251 0.068318 0.866448 0.706926 0.981216 0.646955 0.377524 0.650390 0.122712 1.977603 0.279946 1.239562
1.077896 1.922104 0.922104 0.077896 1.256816 1.113117 0.231817 0.000000 0.825796 1.976607 1.357990 1.717529 0.295281 0.295840 1.672997 1.751912 0.814792 0.885544 0.095356 1.393915 1.475827 0.486647 0.592330 1.355123 1.059763 0.974544 0.094900 1.081621 0.197434 0.163499 1.098264 0.475110 0.749400 0.415139 0.145707 0.882207 0.354529 1.745787 0.048129 1.007745
1.903693 1.096307 0.096307 0.903693 0.431020 0.287320 0.593980 0.825796 0.000000 1.197596 0.532194 0.891732 0.530515 0.529956 0.847201 0.926116 1.640589 0.059747 0.730441 1.780289 1.698377 0.339150 0.233466 0.529327 1.885560 0.148747 0.730896 1.907418 1.023231 0.662298 0.272468 1.300906 1.575196 1.240935 0.971504 0.056410 0.471267 1.428417 0.873926 1.833542
0.898711 0.101289 1.101289 1.898711 0.766576 0.910276 1.791576 1.976607 1.197596 0.000000 0.665403 0.305864 1.728111 1.727553 0.350396 0.271480 1.161815 1.137849 1.928037 0.582692 0.500780 1.536746 1.431063 0.668269 0.916844 1.048849 1.928493 0.894986 1.779173 1.859894 0.925129 1.501497 1.227208 1.561469 1.830900 1.141186 1.668864 0.230820 1.928478 0.968862
1.564114 0.564114 0.435886 1.435886 0.101173 0.244873 1.126173 1.357990 0.532194 0.665403 0.000000 0.359539 1.062709 1.062150 0.315007 0.393922 1.827218 0.472446 1.262634 1.248095 1.166183 0.871343 0.765660 0.002867 1.582247 0.383446 1.263090 1.560389 1.555424 1.194491 0.259726 1.833100 1.892610 1.773129 1.503697 0.475783 1.003461 0.896223 1.406119 1.634265
1.204575 0.204575 0.795425 1.795425 0.460712 0.604412 1.485712 1.717529 0.891732 0.305864 0.359539 0.000000 1.422247 1.421689 0.044532 0.034384 1.467679 0.831985 1.622173 0.888556 0.806644 1.230882 1.125199 0.362405 1.222708 0.742985 1.622628 1.200850 1.914963 1.554030 0.619264 1.807361 1.533072 1.867333 1.863236 0.835322 1.363000 0.536684 1.765658 1.274726
1.373178 1.626822 0.626822 0.373178 0.961535 0.817835 0.063465 0.295281 0.530515 1.728111 1.062709 1.422247 0.000000 0.000559 1.377716 1.456631 1.110074 0.590262 0.199926 1.689196 1.771108 0.191365 0.297049 1.059842 1.355045 0.679262 0.200381 1.376903 0.492716 0.131783 0.802983 0.770391 1.044681 0.710420 0.440989 0.586925 0.059247 1.958932 0.343411 1.303027
1.373736 1.626264 0.626264 0.373736 0.960976 0.817277 0.064024 0.295840 0.529956 1.727553 1.062150 1.421689 0.000559 0.000000 1.377157 1.456072 1.110632 0.589704 0.200484 1.689755 1.771667 0.190807 0.296490 1.059283 1.355603 0.678704 0.200940 1.377461 0.493274 0.132341 0.802424 0.770950 1.045240 0.710979 0.441547 0.586367 0.058689 1.958373 0.343969 1.303586
1.249107 0.249107 0.750893 1.750893 0.416181 0.559880 1.441181 1.672997 0.847201 0.350396 0.315007 0.044532 1.377716 1.377157 0.000000 0.078915 1.512211 0.787453 1.577641 0.933088 0.851176 1.186350 1.080667 0.317874 1.267240 0.698453 1.578097 1.245382 1.870431 1.509498 0.574733 1.851893 1.577603 1.911864 1.818704 0.790790 1.318468 0.581216 1.721126 1.319257
1.170191 0.170191 0.829809 1.829809 0.495096 0.638796 1.520096 1.751912 0.926116 0.271480 0.393922 0.034384 1.456631 1.456072 0.078915 0.000000 1.433295 0.866368 1.656556 0.854173 0.772261 1.265266 1.159582 0.396789 1.188324 0.777369 1.657012 1.166466 1.949347 1.588414 0.653648 1.772978 1.498688 1.832949 1.897620 0.869706 1.397383 0.502301 1.800042 1.240342
0.263104 1.263104 1.736896 0.736896 1.928391 1.927909 1.046609 0.814792 1.640589 1.161815 1.827218 1.467679 1.110074 1.110632 1.512211 1.433295 0.000000 1.700336 0.910148 0.579123 0.661035 1.301439 1.407122 1.830084 0.244971 1.789336 0.909692 0.266829 0.617358 0.978291 1.913056 0.339682 0.065393 0.399654 0.669085 1.696999 1.169321 0.930995 0.766663 0.192953
1.963440 1.036560 0.036560 0.963440 0.371273 0.227573 0.653727 0.885544 0.059747 1.137849 0.472446 0.831985 0.590262 0.589704 0.787453 0.866368 1.700336 0.000000 0.790188 1.720541 1.638629 0.398897 0.293214 0.469579 1.945307 0.089000 0.790644 1.967165 1.082978 0.722045 0.212720 1.360654 1.634944 1.300682 1.031251 0.003337 0.531015 1.368669 0.933673 1.893289
1.173252 1.826748 0.826748 0.173252 1.161461 1.017761 0.136461 0.095356 0.730441 1.928037 1.262634 1.622173 0.199926 0.200484 1.577641 1.656556 0.910148 0.790188 0.000000 1.489271 1.571183 0.391291 0.496974 1.259767 1.155119 0.879188 0.000456 1.176977 0.292790 0.068143 1.002908 0.570466 0.844756 0.510494 0.241063 0.786851 0.259173 1.841143 0.143485 1.103101
0.316019 0.683981 1.683981 1.316019 1.349269 1.492968 1.625732 1.393915 1.780289 0.582692 1.248095 0.888556 1.689196 1.689755 0.933088 0.854173 0.579123 1.720541 1.489271 0.000000 0.081912 1.880562 1.986245 1.250962 0.334152 1.631541 1.488815 0.312294 1.196481 1.557414 1.507821 0.918805 0.644515 0.978776 1.248208 1.723878 1.748444 0.351872 1.345786 0.386170
0.397931 0.602069 1.602069 1.397931 1.267356 1.411056 1.707644 1.475827 1.698377 0.500780 1.166183 0.806644 1.771108 1.771667 0.851176 0.772261 0.661035 1.638629 1.571183 0.081912 0.000000 1.962474 1.931843 1.169050 0.416064 1.549629 1.570727 0.394206 1.278393 1.639326 1.425909 1.000717 0.726427 1.060688 1.330120 1.641966 1.830356 0.269960 1.427698 0.468082
1.564543 1.435457 0.435457 0.564543 0.770170 0.626470 0.254830 0.486647 0.339150 1.536746 0.871343 1.230882 0.191365 0.190807 1.186350 1.265266 1.301439 0.398897 0.391291 1.880562 1.962474 0.000000 0.105683 0.868477 1.546410 0.487897 0.391747 1.568268 0.684081 0.323148 0.611617 0.961757 1.236046 0.901785 0.632354 0.395560 0.132118 1.767566 0.534776 1.494392
1.670226 1.329774 0.329774 0.670226 0.664486 0.520787 0.360513 0.592330 0.233466 1.431063 0.765660 1.125199 0.297049 0.296490 1.080667 1.159582 1.407122 0.293214 0.496974 1.986245 1.931843 0.105683 0.000000 0.762793 1.652093 0.382214 0.497430 1.673951 0.789764 0.428831 0.505934 1.067440 1.341730 1.007469 0.738037 0.289877 0.237801 1.661883 0.640459 1.600075
1.566980 0.566980 0.433020 1.433020 0.098307 0.242007 1.123307 1.355123 0.529327 0.668269 0.002867 0.362405 1.059842 1.059283 0.317874 0.396789 1.830084 0.469579 1.259767 1.250962 1.169050 0.868477 0.762793 0.000000 1.585113 0.380580 1.260223 1.563255 1.552558 1.191625 0.256859 1.830233 1.895477 1.770262 1.500831 0.472917 1.000594 0.899090 1.403253 1.637131
0.018133 1.018133 1.981867 0.981867 1.683420 1.827120 1.291580 1.059763 1.885560 0.916844 1.582247 1.222708 1.355045 1.355603 1.267240 1.188324 0.244971 1.945307 1.155119 0.334152 0.416064 1.546410 1.652093 1.585113 0.000000 1.965693 1.154664 0.021858 0.862329 1.223262 1.841972 0.584653 0.310364 0.644625 0.914056 1.941970 1.414292 0.686024 1.011634 0.052018
1.947560 0.947560 0.052440 1.052440 0.282273 0.138573 0.742727 0.974544 0.148747 1.048849 0.383446 0.742985 0.679262 0.678704 0.698453 0.777369 1.789336 0.089000 0.879188 1.631541 1.549629 0.487897 0.382214 0.380580 1.965693 0.000000 0.879643 1.943835 1.171978 0.811045 0.123721 1.449653 1.723943 1.389682 1.120251 0.092337 0.620015 1.279669 1.022673 1.982289
1.172796 1.827204 0.827204 0.172796 1.161916 1.018216 0.136916 0.094900 0.730896 1.928493 1.263090 1.622628 0.200381 0.200940 1.578097 1.657012 0.909692 0.790644 0.000456 1.488815 1.570727 0.391747 0.497430 1.260223 1.154664 0.879643 0.000000 1.176522 0.292334 0.068598 1.003364 0.570010 0.844300 0.510039 0.240607 0.787307 0.259629 1.840687 0.143029 1.102646
0.003725 0.996275 1.996275 1.003725 1.661562 1.805262 1.313438 1.081621 1.907418 0.894986 1.560389 1.200850 1.376903 1.377461 1.245382 1.166466 0.266829 1.967165 1.176977 0.312294 0.394206 1.568268 1.673951 1.563255 0.021858 1.943835 1.176522 0.000000 0.884187 1.245120 1.820114 0.606511 0.332222 0.666483 0.935914 1.963828 1.436150 0.664166 1.033492 0.073876
0.880462 1.880462 1.119538 0.119538 1.454251 1.310551 0.429251 0.197434 1.023231 1.779173 1.555424 1.914963 0.492716 0.493274 1.870431 1.949347 0.617358 1.082978 0.292790 1.196481 1.278393 0.684081 0.789764 1.552558 0.862329 1.171978 0.292334 0.884187 0.000000 0.360933 1.295698 0.277676 0.551965 0.217704 0.051727 1.079641 0.551963 1.548353 0.149305 0.810311
1.241395 1.758605 0.758605 0.241395 1.093318 0.949618 0.068318 0.163499 0.662298 1.859894 1.194491 1.554030 0.131783 0.132341 1.509498 1.588414 0.978291 0.722045 0.068143 1.557414 1.639326 0.323148 0.428831 1.191625 1.223262 0.811045 0.068598 1.245120 0.360933 0.000000 0.934766 0.638609 0.912898 0.578637 0.309206 0.718708 0.191030 1.909286 0.211628 1.171244
1.823839 0.823839 0.176161 1.176161 0.158552 0.014852 0.866448 1.098264 0.272468 0.925129 0.259726 0.619264 0.802983 0.802424 0.574733 0.653648 1.913056 0.212720 1.002908 1.507821 1.425909 0.611617 0.505934 0.256859 1.841972 0.123721 1.003364 1.820114 1.295698 0.934766 0.000000 1.573374 1.847664 1.513403 1.243971 0.216057 0.743735 1.155949 1.146393 1.893990
0.602786 1.602786 1.397214 0.397214 1.731926 1.588227 0.706926 0.475110 1.300906 1.501497 1.833100 1.807361 0.770391 0.770950 1.851893 1.772978 0.339682 1.360654 0.570466 0.918805 1.000717 0.961757 1.067440 1.830233 0.584653 1.449653 0.570010 0.606511 0.277676 0.638609 1.573374 0.000000 0.274290 0.059971 0.329403 1.357317 0.829639 1.270677 0.426981 0.532636
0.328497 1.328497 1.671503 0.671503 1.993784 1.862516 0.981216 0.749400 1.575196 1.227208 1.892610 1.533072 1.044681 1.045240 1.577603 1.498688 0.065393 1.634944 0.844756 0.644515 0.726427 1.236046 1.341730 1.895477 0.310364 1.723943 0.844300 0.332222 0.551965 0.912898 1.847664 0.274290 0.000000 0.334261 0.603692 1.631606 1.103929 0.996387 0.701270 0.258346
0.662758 1.662758 1.337242 0.337242 1.671955 1.528255 0.646955 0.415139 1.240935 1.561469 1.773129 1.867333 0.710420 0.710979 1.911864 1.832949 0.399654 1.300682 0.510494 0.978776 1.060688 0.901785 1.007469 1.770262 0.644625 1.389682 0.510039 0.666483 0.217704 0.578637 1.513403 0.059971 0.334261 0.000000 0.269431 1.297345 0.769667 1.330648 0.367009 0.592607
0.932189 1.932189 1.067811 0.067811 1.402524 1.258824 0.377524 0.145707 0.971504 1.830900 1.503697 1.863236 0.440989 0.441547 1.818704 1.897620 0.669085 1.031251 0.241063 1.248208 1.330120 0.632354 0.738037 1.500831 0.914056 1.120251 0.240607 0.935914 0.051727 0.309206 1.243971 0.329403 0.603692 0.269431 0.000000 1.027914 0.500236 1.600080 0.097578 0.862038
1.960103 1.039897 0.039897 0.960103 0.374610 0.230910 0.650390 0.882207 0.056410 1.141186 0.475783 0.835322 0.586925 0.586367 0.790790 0.869706 1.696999 0.003337 0.786851 1.723878 1.641966 0.395560 0.289877 0.472917 1.941970 0.092337 0.787307 1.963828 1.079641 0.718708 0.216057 1.357317 1.631606 1.297345 1.027914 0.000000 0.527678 1.372006 0.930336 1.889952
1.432425 1.567575 0.567575 0.432425 0.902288 0.758588 0.122712 0.354529 0.471267 1.668864 1.003461 1.363000 0.059247 0.058689 1.318468 1.397383 1.169321 0.531015 0.259173 1.748444 1.830356 0.132118 0.237801 1.000594 1.414292 0.620015 0.259629 1.436150 0.551963 0.191030 0.743735 0.829639 1.103929 0.769667 0.500236 0.527678 0.000000 1.899684 0.402658 1.362274
0.667891 0.332109 1.332109 1.667891 0.997397 1.141096 1.977603 1.745787 1.428417 0.230820 0.896223 0.536684 1.958932 1.958373 0.581216 0.502301 0.930995 1.368669 1.841143 0.351872 0.269960 1.767566 1.661883 0.899090 0.686024 1.279669 1.840687 0.664166 1.548353 1.909286 1.155949 1.270677 0.996387 1.330648 1.600080 1.372006 1.899684 0.000000 1.697658 0.738041
1.029767 1.970233 0.970233 0.029767 1.304946 1.161246 0.279946 0.048129 0.873926 1.928478 1.406119 1.765658 0.343411 0.343969 1.721126 1.800042 0.766663 0.933673 0.143485 1.345786 1.427698 0.534776 0.640459 1.403253 1.011634 1.022673 0.143029 1.033492 0.149305 0.211628 1.146393 0.426981 0.701270 0.367009 0.097578 0.930336 0.402658 1.697658 0.000000 0.959616
0.070151 1.070151 1.929849 0.929849 1.735438 1.879138 1.239562 1.007745 1.833542 0.968862 1.634265 1.274726 1.303027 1.303586 1.319257 1.240342 0.192953 1.893289 1.103101 0.386170 0.468082 1.494392 1.600075 1.637131 0.052018 1.982289 1.102646 0.073876 0.810311 1.171244 1.893990 0.532636 0.258346 0.592607 0.862038 1.889952 1.362274 0.738041 0.959616 0.000000
