15
0.000000 1.000000 2.000000 1.000000 0.824040 1.370047 1.437144 1.867707 1.257700 1.328732 0.846386 1.368534 0.757719 0.152679 0.717412
1.000000 0.000000 1.000000 2.000000 0.175960 0.370047 1.562856 0.867707 0.257700 0.328732 1.846386 0.368534 1.757719 1.152679 1.717412
2.000000 1.000000 0.000000 1.000000 1.175960 0.629953 0.562856 0.132293 0.742300 0.671268 1.153614 0.631466 1.242281 1.847321 1.282588
1.000000 2.000000 1.000000 0.000000 1.824040 1.629953 0.437144 1.132293 1.742300 1.671268 0.153614 1.631466 0.242281 0.847321 0.282588
0.824040 0.175960 1.175960 1.824040 0.000000 0.546007 1.738816 1.043667 0.433660 0.504692 1.670426 0.544495 1.581759 0.976719 1.541451
1.370047 0.370047 0.629953 1.629953 0.546007 0.000000 1.192809 0.497660 0.112347 0.041315 1.783567 0.001513 1.872234 1.522726 1.912541
1.437144 1.562856 0.562856 0.437144 1.738816 1.192809 0.000000 0.695149 1.305156 1.234124 0.590758 1.194322 0.679425 1.284465 0.719732
1.867707 0.867707 0.132293 1.132293 1.043667 0.497660 0.695149 0.000000 0.610006 0.538975 1.285907 0.499172 1.374574 1.979614 1.414882
1.257700 0.257700 0.742300 1.742300 0.433660 0.112347 1.305156 0.610006 0.000000 0.071032 1.895914 0.110834 1.984581 1.410379 1.975112
1.328732 0.328732 0.671268 1.671268 0.504692 0.041315 1.234124 0.538975 0.071032 0.000000 1.824882 0.039802 1.913549 1.481411 1.953856
0.846386 1.846386 1.153614 0.153614 1.670426 1.783567 0.590758 1.285907 1.895914 1.824882 0.000000 1.785079 0.088667 0.693707 0.128975
1.368534 0.368534 0.631466 1.631466 0.544495 0.001513 1.194322 0.499172 0.110834 0.039802 1.785079 0.000000 1.873746 1.521214 1.914054
0.757719 1.757719 1.242281 0.242281 1.581759 1.872234 0.679425 1.374574 1.984581 1.913549 0.088667 1.873746 0.000000 0.605040 0.040308
0.152679 1.152679 1.847321 0.847321 0.976719 1.522726 1.284465 1.979614 1.410379 1.481411 0.693707 1.521214 0.605040 0.000000 0.564732
0.717412 1.717412 1.282588 0.282588 1.541451 1.912541 0.719732 1.414882 1.975112 1.953856 0.128975 1.914054 0.040308 0.564732 0.000000
