50
0.000000 1.000000 2.000000 1.000000 0.047252 1.295692 1.364993 1.351504 1.367086 1.734260 1.156828 0.905338 0.646956 0.020230 1.936217 0.004087 1.034851 0.784205 0.449543 0.032273 0.056183 0.510339 0.321466 0.468465 1.411369 1.315802 0.539489 1.996052 0.198576 1.312185 0.261464 0.240251 0.912423 0.217071 1.041390 0.012978 1.983907 1.958378 1.510696 0.707764 1.008452 0.494577 1.056264 1.379044 0.106297 0.154714 0.657299 0.965557 1.126745 1.018256
1.000000 0.000000 1.000000 2.000000 0.952748 0.295692 0.364993 0.351504 0.367086 0.734260 1.843172 1.905338 0.353044 0.979770 1.063783 0.995913 1.965149 0.215795 0.550457 1.032273 0.943817 0.489661 0.678534 1.468465 1.588631 0.315802 0.460511 0.996052 1.198576 0.312185 1.261464 1.240251 0.087577 0.782929 0.041390 0.987022 0.983907 1.041622 0.510696 0.292236 0.008452 1.494577 1.943736 0.379044 0.893703 0.845286 0.342701 1.965557 1.873255 1.981744
2.000000 1.000000 0.000000 1.000000 1.952748 0.704308 0.635007 0.648496 0.632914 0.265740 0.843172 1.094662 1.353044 1.979770 0.063783 1.995913 0.965149 1.215795 1.550457 1.967727 1.943817 1.489661 1.678534 1.531535 0.588631 0.684198 1.460511 0.003948 1.801424 0.687815 1.738536 1.759749 1.087577 1.782929 0.958610 1.987022 0.016093 0.041622 0.489304 1.292236 0.991548 1.505423 0.943736 0.620956 1.893703 1.845286 1.342701 1.034443 0.873255 0.981744
1.000000 2.000000 1.000000 0.000000 1.047252 1.704308 1.635007 1.648496 1.632914 1.265740 0.156828 0.094662 1.646956 1.020230 0.936217 1.004087 0.034851 1.784205 1.449543 0.967727 1.056183 1.510339 1.321466 0.531535 0.411369 1.684198 1.539489 1.003948 0.801424 1.687815 0.738536 0.759749 1.912423 1.217071 1.958610 1.012978 1.016093 0.958378 1.489304 1.707764 1.991548 0.505423 0.056264 1.620956 1.106297 1.154714 1.657299 0.034443 0.126745 0.018256
0.047252 0.952748 1.952748 1.047252 0.000000 1.248440 1.317741 1.304252 1.319834 1.687008 1.204080 0.952590 0.599704 0.027022 1.983469 0.043165 1.082103 0.736953 0.402291 0.079525 0.008931 0.463087 0.274214 0.515717 1.458621 1.268550 0.492237 1.948800 0.245828 1.264933 0.308716 0.287503 0.865171 0.169819 0.994138 0.034274 1.936655 1.994370 1.463444 0.660512 0.961201 0.541829 1.103516 1.331792 0.059046 0.107462 0.610047 1.012809 1.173996 1.065508
1.295692 0.295692 0.704308 1.704308 1.248440 0.000000 0.069301 0.055812 0.071394 0.438568 1.547480 1.798970 0.648736 1.275462 0.768091 1.291605 1.669457 0.511487 0.846149 1.327965 1.239509 0.785353 0.974226 1.764157 1.292939 0.020110 0.756203 0.700360 1.494268 0.016493 1.557156 1.535943 0.383269 1.078621 0.254302 1.282714 0.688215 0.745930 0.215004 0.587928 0.287240 1.790269 1.648044 0.083352 1.189395 1.140978 0.638393 1.738751 1.577563 1.686052
1.364993 0.364993 0.635007 1.635007 1.317741 0.069301 0.000000 0.013489 0.002093 0.369268 1.478179 1.729669 0.718036 1.344762 0.698790 1.360906 1.600157 0.580787 0.915449 1.397266 1.308810 0.854654 1.043527 1.833458 1.223638 0.049191 0.825504 0.631059 1.563569 0.052808 1.626456 1.605243 0.452570 1.147922 0.323603 1.352014 0.618914 0.676629 0.145703 0.657228 0.356540 1.859569 1.578744 0.014051 1.258695 1.210279 0.707694 1.669450 1.508263 1.616752
1.351504 0.351504 0.648496 1.648496 1.304252 0.055812 0.013489 0.000000 0.015582 0.382757 1.491668 1.743158 0.704548 1.331273 0.712279 1.347417 1.613645 0.567298 0.901961 1.383777 1.295321 0.841165 1.030038 1.819969 1.237127 0.035702 0.812015 0.644548 1.550080 0.039319 1.612968 1.591755 0.439081 1.134433 0.310114 1.338525 0.632403 0.690118 0.159192 0.643740 0.343051 1.846081 1.592232 0.027540 1.245206 1.196790 0.694205 1.682939 1.521752 1.630240
1.367086 0.367086 0.632914 1.632914 1.319834 0.071394 0.002093 0.015582 0.000000 0.367175 1.476086 1.727576 0.720129 1.346855 0.696697 1.362998 1.598064 0.582880 0.917542 1.399359 1.310903 0.856747 1.045620 1.835551 1.221546 0.051284 0.827597 0.628967 1.565662 0.054901 1.628549 1.607336 0.454663 1.150015 0.325696 1.354107 0.616822 0.674536 0.143610 0.659321 0.358633 1.861662 1.576651 0.011958 1.260788 1.212372 0.709787 1.667357 1.506170 1.614659
1.734260 0.734260 0.265740 1.265740 1.687008 0.438568 0.369268 0.382757 0.367175 0.000000 1.108912 1.360401 1.087304 1.714030 0.329522 1.730173 1.230889 0.950055 1.284717 1.766534 1.678077 1.223921 1.412794 1.797274 0.854371 0.418458 1.194772 0.261792 1.932836 0.422075 1.995724 1.974511 0.821837 1.517190 0.692871 1.721282 0.249647 0.307362 0.223564 1.026496 0.725808 1.771163 1.209476 0.355217 1.627963 1.579546 1.076961 1.300183 1.138995 1.247484
1.156828 1.843172 0.843172 0.156828 1.204080 1.547480 1.478179 1.491668 1.476086 1.108912 0.000000 0.251490 1.803784 1.177058 0.779389 1.160915 0.121977 1.941033 1.606371 1.124555 1.213011 1.667167 1.478294 0.688363 0.254541 1.527370 1.696317 0.847120 0.958252 1.530987 0.895364 0.916577 1.930749 1.373899 1.801782 1.169806 0.859265 0.801550 1.332476 1.864592 1.834720 0.662251 0.100564 1.464128 1.263125 1.311542 1.814127 0.191271 0.030083 0.138572
0.905338 1.905338 1.094662 0.094662 0.952590 1.798970 1.729669 1.743158 1.727576 1.360401 0.251490 0.000000 1.552294 0.925569 1.030879 0.909425 0.129513 1.689544 1.354881 0.873065 0.961521 1.415677 1.226804 0.436873 0.506031 1.778860 1.444827 1.098610 0.706762 1.782477 0.643874 0.665087 1.817761 1.122409 1.946728 0.918317 1.110755 1.053040 1.583966 1.613103 1.913791 0.410762 0.150926 1.715618 1.011636 1.060052 1.562637 0.060219 0.221406 0.112918
0.646956 0.353044 1.353044 1.646956 0.599704 0.648736 0.718036 0.704548 0.720129 1.087304 1.803784 1.552294 0.000000 0.626726 1.416827 0.642869 1.681807 0.137249 0.197413 0.679230 0.590773 0.136617 0.325490 1.115421 1.941675 0.668846 0.107467 1.349096 0.845532 0.665229 0.908420 0.887207 0.265467 0.429886 0.394433 0.633978 1.336951 1.394666 0.863740 0.060808 0.361496 1.141533 1.703220 0.732087 0.540659 0.492242 0.010343 1.612513 1.773701 1.665212
0.020230 0.979770 1.979770 1.020230 0.027022 1.275462 1.344762 1.331273 1.346855 1.714030 1.177058 0.925569 0.626726 0.000000 1.956448 0.016143 1.055081 0.763975 0.429313 0.052504 0.035953 0.490109 0.301236 0.488696 1.431599 1.295572 0.519258 1.975822 0.218806 1.291955 0.281694 0.260481 0.892193 0.196840 1.021159 0.007252 1.963677 1.978608 1.490466 0.687534 0.988222 0.514807 1.076494 1.358813 0.086067 0.134484 0.637069 0.985787 1.146975 1.038486
1.936217 1.063783 0.063783 0.936217 1.983469 0.768091 0.698790 0.712279 0.696697 0.329522 0.779389 1.030879 1.416827 1.956448 0.000000 1.940304 0.901366 1.279577 1.614240 1.903944 1.992400 1.553444 1.742317 1.467752 0.524848 0.747981 1.524294 0.067731 1.737641 0.751598 1.674753 1.695966 1.151360 1.846712 1.022393 1.949196 0.079876 0.022161 0.553087 1.356019 1.055330 1.441640 0.879953 0.684739 1.957485 1.909069 1.406484 0.970660 0.809473 0.917961
0.004087 0.995913 1.995913 1.004087 0.043165 1.291605 1.360906 1.347417 1.362998 1.730173 1.160915 0.909425 0.642869 0.016143 1.940304 0.000000 1.038938 0.780118 0.445456 0.036361 0.052096 0.506252 0.317379 0.472552 1.415456 1.311715 0.535402 1.991965 0.202663 1.308098 0.265551 0.244338 0.908336 0.212984 1.037303 0.008891 1.979820 1.962465 1.506609 0.703677 1.004365 0.498664 1.060351 1.374957 0.102210 0.150627 0.653212 0.969644 1.130832 1.022343
1.034851 1.965149 0.965149 0.034851 1.082103 1.669457 1.600157 1.613645 1.598064 1.230889 0.121977 0.129513 1.681807 1.055081 0.901366 1.038938 0.000000 1.819056 1.484394 1.002577 1.091034 1.545190 1.356317 0.566386 0.376518 1.649347 1.574340 0.969097 0.836275 1.652964 0.773387 0.794600 1.947274 1.251921 1.923760 1.047829 0.981242 0.923527 1.454453 1.742615 1.956697 0.540274 0.021413 1.586106 1.141148 1.189565 1.692150 0.069294 0.091894 0.016595
0.784205 0.215795 1.215795 1.784205 0.736953 0.511487 0.580787 0.567298 0.582880 0.950055 1.941033 1.689544 0.137249 0.763975 1.279577 0.780118 1.819056 0.000000 0.334662 0.816479 0.728022 0.273866 0.462739 1.252671 1.804426 0.531597 0.244717 1.211847 0.982781 0.527980 1.045669 1.024456 0.128218 0.567135 0.257184 0.771227 1.199702 1.257417 0.726491 0.076441 0.224247 1.278782 1.840469 0.594838 0.677908 0.629491 0.126906 1.749762 1.910950 1.802461
0.449543 0.550457 1.550457 1.449543 0.402291 0.846149 0.915449 0.901961 0.917542 1.284717 1.606371 1.354881 0.197413 0.429313 1.614240 0.445456 1.484394 0.334662 0.000000 0.481817 0.393360 0.060796 0.128077 0.918008 1.860912 0.866259 0.089946 1.546509 0.648119 0.862642 0.711007 0.689794 0.462880 0.232473 0.591846 0.436565 1.534364 1.592079 1.061153 0.258221 0.558909 0.944120 1.505807 0.929500 0.343246 0.294829 0.207756 1.415100 1.576288 1.467799
0.032273 1.032273 1.967727 0.967727 0.079525 1.327965 1.397266 1.383777 1.399359 1.766534 1.124555 0.873065 0.679230 0.052504 1.903944 0.036361 1.002577 0.816479 0.481817 0.000000 0.088456 0.542612 0.353739 0.436192 1.379096 1.348075 0.571762 1.971674 0.166303 1.344458 0.229190 0.207977 0.944696 0.249344 1.073663 0.045252 1.983819 1.926105 1.542969 0.740038 1.040726 0.462303 1.023990 1.411317 0.138571 0.186987 0.689572 0.933284 1.094471 0.985982
0.056183 0.943817 1.943817 1.056183 0.008931 1.239509 1.308810 1.295321 1.310903 1.678077 1.213011 0.961521 0.590773 0.035953 1.992400 0.052096 1.091034 0.728022 0.393360 0.088456 0.000000 0.454156 0.265283 0.524648 1.467552 1.259619 0.483306 1.939869 0.254759 1.256002 0.317647 0.296434 0.856240 0.160888 0.985207 0.043205 1.927724 1.985439 1.454513 0.651581 0.952270 0.550760 1.112447 1.322861 0.050115 0.098531 0.601116 1.021740 1.182927 1.074439
0.510339 0.489661 1.489661 1.510339 0.463087 0.785353 0.854654 0.841165 0.856747 1.223921 1.667167 1.415677 0.136617 0.490109 1.553444 0.506252 1.545190 0.273866 0.060796 0.542612 0.454156 0.000000 0.188873 0.978804 1.921708 0.805463 0.029150 1.485713 0.708915 0.801846 0.771803 0.750590 0.402084 0.293268 0.531051 0.497361 1.473568 1.531283 1.000357 0.197425 0.498114 1.004916 1.566603 0.868705 0.404041 0.355625 0.146960 1.475896 1.637083 1.528595
0.321466 0.678534 1.678534 1.321466 0.274214 0.974226 1.043527 1.030038 1.045620 1.412794 1.478294 1.226804 0.325490 0.301236 1.742317 0.317379 1.356317 0.462739 0.128077 0.353739 0.265283 0.188873 0.000000 0.789931 1.732835 0.994336 0.218023 1.674586 0.520042 0.990719 0.582930 0.561717 0.590957 0.104395 0.719924 0.308488 1.662441 1.720156 1.189230 0.386298 0.686986 0.816043 1.377730 1.057578 0.215169 0.166752 0.335833 1.287023 1.448211 1.339722
0.468465 1.468465 1.531535 0.531535 0.515717 1.764157 1.833458 1.819969 1.835551 1.797274 0.688363 0.436873 1.115421 0.488696 1.467752 0.472552 0.566386 1.252671 0.918008 0.436192 0.524648 0.978804 0.789931 0.000000 0.942904 1.784267 1.007954 1.535483 0.269889 1.780650 0.207001 0.228214 1.380888 0.685536 1.509855 0.481444 1.547628 1.489913 1.979161 1.176230 1.476918 0.026111 0.587799 1.847509 0.574763 0.623179 1.125764 0.497092 0.658279 0.549791
1.411369 1.588631 0.588631 0.411369 1.458621 1.292939 1.223638 1.237127 1.221546 0.854371 0.254541 0.506031 1.941675 1.431599 0.524848 1.415456 0.376518 1.804426 1.860912 1.379096 1.467552 1.921708 1.732835 0.942904 0.000000 1.272829 1.950858 0.592579 1.212793 1.276446 1.149905 1.171118 1.676208 1.628440 1.547241 1.424347 0.604724 0.547009 1.077935 1.880867 1.580179 0.916792 0.355105 1.209587 1.517666 1.566083 1.931332 0.445812 0.284624 0.393113
1.315802 0.315802 0.684198 1.684198 1.268550 0.020110 0.049191 0.035702 0.051284 0.418458 1.527370 1.778860 0.668846 1.295572 0.747981 1.311715 1.649347 0.531597 0.866259 1.348075 1.259619 0.805463 0.994336 1.784267 1.272829 0.000000 0.776313 0.680250 1.514378 0.003617 1.577266 1.556053 0.403379 1.098731 0.274412 1.302824 0.668105 0.725820 0.194894 0.608038 0.307350 1.810379 1.627934 0.063242 1.209505 1.161088 0.658503 1.718641 1.557453 1.665942
0.539489 0.460511 1.460511 1.539489 0.492237 0.756203 0.825504 0.812015 0.827597 1.194772 1.696317 1.444827 0.107467 0.519258 1.524294 0.535402 1.574340 0.244717 0.089946 0.571762 0.483306 0.029150 0.218023 1.007954 1.950858 0.776313 0.000000 1.456563 0.738065 0.772696 0.800952 0.779740 0.372934 0.322418 0.501901 0.526510 1.444418 1.502133 0.971207 0.168276 0.468964 1.034065 1.595753 0.839555 0.433191 0.384775 0.117810 1.505046 1.666233 1.557745
1.996052 0.996052 0.003948 1.003948 1.948800 0.700360 0.631059 0.644548 0.628967 0.261792 0.847120 1.098610 1.349096 1.975822 0.067731 1.991965 0.969097 1.211847 1.546509 1.971674 1.939869 1.485713 1.674586 1.535483 0.592579 0.680250 1.456563 0.000000 1.805372 0.683867 1.742484 1.763697 1.083629 1.778982 0.954662 1.983074 0.012145 0.045570 0.485356 1.288288 0.987600 1.509371 0.947684 0.617008 1.889755 1.841338 1.338753 1.038391 0.877203 0.985692
0.198576 1.198576 1.801424 0.801424 0.245828 1.494268 1.563569 1.550080 1.565662 1.932836 0.958252 0.706762 0.845532 0.218806 1.737641 0.202663 0.836275 0.982781 0.648119 0.166303 0.254759 0.708915 0.520042 0.269889 1.212793 1.514378 0.738065 1.805372 0.000000 1.510761 0.062888 0.041675 1.110999 0.415647 1.239966 0.211554 1.817517 1.759802 1.709272 0.906340 1.207029 0.296001 0.857688 1.577620 0.304874 0.353290 0.855875 0.766981 0.928168 0.819680
1.312185 0.312185 0.687815 1.687815 1.264933 0.016493 0.052808 0.039319 0.054901 0.422075 1.530987 1.782477 0.665229 1.291955 0.751598 1.308098 1.652964 0.527980 0.862642 1.344458 1.256002 0.801846 0.990719 1.780650 1.276446 0.003617 0.772696 0.683867 1.510761 0.000000 1.573649 1.552436 0.399762 1.095114 0.270795 1.299207 0.671722 0.729437 0.198511 0.604421 0.303733 1.806762 1.631551 0.066859 1.205888 1.157471 0.654886 1.722258 1.561070 1.669559
0.261464 1.261464 1.738536 0.738536 0.308716 1.557156 1.626456 1.612968 1.628549 1.995724 0.895364 0.643874 0.908420 0.281694 1.674753 0.265551 0.773387 1.045669 0.711007 0.229190 0.317647 0.771803 0.582930 0.207001 1.149905 1.577266 0.800952 1.742484 0.062888 1.573649 0.000000 0.021213 1.173887 0.478534 1.302853 0.274442 1.754629 1.696914 1.772160 0.969228 1.269916 0.233113 0.794800 1.640507 0.367761 0.416178 0.918763 0.704093 0.865281 0.756792
0.240251 1.240251 1.759749 0.759749 0.287503 1.535943 1.605243 1.591755 1.607336 1.974511 0.916577 0.665087 0.887207 0.260481 1.695966 0.244338 0.794600 1.024456 0.689794 0.207977 0.296434 0.750590 0.561717 0.228214 1.171118 1.556053 0.779740 1.763697 0.041675 1.552436 0.021213 0.000000 1.152674 0.457321 1.281640 0.253229 1.775842 1.718127 1.750947 0.948015 1.248703 0.254326 0.816013 1.619295 0.346548 0.394965 0.897550 0.725306 0.886494 0.778005
0.912423 0.087577 1.087577 1.912423 0.865171 0.383269 0.452570 0.439081 0.454663 0.821837 1.930749 1.817761 0.265467 0.892193 1.151360 0.908336 1.947274 0.128218 0.462880 0.944696 0.856240 0.402084 0.590957 1.380888 1.676208 0.403379 0.372934 1.083629 1.110999 0.399762 1.173887 1.152674 0.000000 0.695352 0.128967 0.899445 1.071484 1.129199 0.598273 0.204659 0.096029 1.407000 1.968687 0.466621 0.806126 0.757709 0.255124 1.877980 1.960832 1.930679
0.217071 0.782929 1.782929 1.217071 0.169819 1.078621 1.147922 1.134433 1.150015 1.517190 1.373899 1.122409 0.429886 0.196840 1.846712 0.212984 1.251921 0.567135 0.232473 0.249344 0.160888 0.293268 0.104395 0.685536 1.628440 1.098731 0.322418 1.778982 0.415647 1.095114 0.478534 0.457321 0.695352 0.000000 0.824319 0.204092 1.766837 1.824551 1.293625 0.490694 0.791382 0.711647 1.273334 1.161973 0.110773 0.062357 0.440228 1.182628 1.343815 1.235326
1.041390 0.041390 0.958610 1.958610 0.994138 0.254302 0.323603 0.310114 0.325696 0.692871 1.801782 1.946728 0.394433 1.021159 1.022393 1.037303 1.923760 0.257184 0.591846 1.073663 0.985207 0.531051 0.719924 1.509855 1.547241 0.274412 0.501901 0.954662 1.239966 0.270795 1.302853 1.281640 0.128967 0.824319 0.000000 1.028411 0.942517 1.000232 0.469306 0.333625 0.032937 1.535966 1.902347 0.337654 0.935092 0.886676 0.384091 1.993053 1.831866 1.940355
0.012978 0.987022 1.987022 1.012978 0.034274 1.282714 1.352014 1.338525 1.354107 1.721282 1.169806 0.918317 0.633978 0.007252 1.949196 0.008891 1.047829 0.771227 0.436565 0.045252 0.043205 0.497361 0.308488 0.481444 1.424347 1.302824 0.526510 1.983074 0.211554 1.299207 0.274442 0.253229 0.899445 0.204092 1.028411 0.000000 1.970929 1.971356 1.497718 0.694786 0.995474 0.507555 1.069242 1.366065 0.093319 0.141736 0.644321 0.978535 1.139723 1.031234
1.983907 0.983907 0.016093 1.016093 1.936655 0.688215 0.618914 0.632403 0.616822 0.249647 0.859265 1.110755 1.336951 1.963677 0.079876 1.979820 0.981242 1.199702 1.534364 1.983819 1.927724 1.473568 1.662441 1.547628 0.604724 0.668105 1.444418 0.012145 1.817517 0.671722 1.754629 1.775842 1.071484 1.766837 0.942517 1.970929 0.000000 0.057715 0.473211 1.276143 0.975455 1.521516 0.959829 0.604863 1.877610 1.829193 1.326608 1.050536 0.889348 0.997837
1.958378 1.041622 0.041622 0.958378 1.994370 0.745930 0.676629 0.690118 0.674536 0.307362 0.801550 1.053040 1.394666 1.978608 0.022161 1.962465 0.923527 1.257417 1.592079 1.926105 1.985439 1.531283 1.720156 1.489913 0.547009 0.725820 1.502133 0.045570 1.759802 0.729437 1.696914 1.718127 1.129199 1.824551 1.000232 1.971356 0.057715 0.000000 0.530926 1.333858 1.033170 1.463801 0.902114 0.662578 1.935325 1.886908 1.384323 0.992821 0.831633 0.940122
1.510696 0.510696 0.489304 1.489304 1.463444 0.215004 0.145703 0.159192 0.143610 0.223564 1.332476 1.583966 0.863740 1.490466 0.553087 1.506609 1.454453 0.726491 1.061153 1.542969 1.454513 1.000357 1.189230 1.979161 1.077935 0.194894 0.971207 0.485356 1.709272 0.198511 1.772160 1.750947 0.598273 1.293625 0.469306 1.497718 0.473211 0.530926 0.000000 0.802932 0.502243 1.994727 1.433040 0.131652 1.404398 1.355982 0.853397 1.523747 1.362560 1.471048
0.707764 0.292236 1.292236 1.707764 0.660512 0.587928 0.657228 0.643740 0.659321 1.026496 1.864592 1.613103 0.060808 0.687534 1.356019 0.703677 1.742615 0.076441 0.258221 0.740038 0.651581 0.197425 0.386298 1.176230 1.880867 0.608038 0.168276 1.288288 0.906340 0.604421 0.969228 0.948015 0.204659 0.490694 0.333625 0.694786 1.276143 1.333858 0.802932 0.000000 0.300688 1.202341 1.764028 0.671279 0.601467 0.553050 0.050465 1.673321 1.834509 1.726020
1.008452 0.008452 0.991548 1.991548 0.961201 0.287240 0.356540 0.343051 0.358633 0.725808 1.834720 1.913791 0.361496 0.988222 1.055330 1.004365 1.956697 0.224247 0.558909 1.040726 0.952270 0.498114 0.686986 1.476918 1.580179 0.307350 0.468964 0.987600 1.207029 0.303733 1.269916 1.248703 0.096029 0.791382 0.032937 0.995474 0.975455 1.033170 0.502243 0.300688 0.000000 1.503029 1.935284 0.370591 0.902155 0.853739 0.351154 1.974009 1.864803 1.973292
0.494577 1.494577 1.505423 0.505423 0.541829 1.790269 1.859569 1.846081 1.861662 1.771163 0.662251 0.410762 1.141533 0.514807 1.441640 0.498664 0.540274 1.278782 0.944120 0.462303 0.550760 1.004916 0.816043 0.026111 0.916792 1.810379 1.034065 1.509371 0.296001 1.806762 0.233113 0.254326 1.407000 0.711647 1.535966 0.507555 1.521516 1.463801 1.994727 1.202341 1.503029 0.000000 0.561687 1.873620 0.600874 0.649291 1.151876 0.470980 0.632168 0.523679
1.056264 1.943736 0.943736 0.056264 1.103516 1.648044 1.578744 1.592232 1.576651 1.209476 0.100564 0.150926 1.703220 1.076494 0.879953 1.060351 0.021413 1.840469 1.505807 1.023990 1.112447 1.566603 1.377730 0.587799 0.355105 1.627934 1.595753 0.947684 0.857688 1.631551 0.794800 0.816013 1.968687 1.273334 1.902347 1.069242 0.959829 0.902114 1.433040 1.764028 1.935284 0.561687 0.000000 1.564693 1.162561 1.210978 1.713563 0.090707 0.070481 0.038008
1.379044 0.379044 0.620956 1.620956 1.331792 0.083352 0.014051 0.027540 0.011958 0.355217 1.464128 1.715618 0.732087 1.358813 0.684739 1.374957 1.586106 0.594838 0.929500 1.411317 1.322861 0.868705 1.057578 1.847509 1.209587 0.063242 0.839555 0.617008 1.577620 0.066859 1.640507 1.619295 0.466621 1.161973 0.337654 1.366065 0.604863 0.662578 0.131652 0.671279 0.370591 1.873620 1.564693 0.000000 1.272746 1.224330 0.721745 1.655399 1.494212 1.602701
0.106297 0.893703 1.893703 1.106297 0.059046 1.189395 1.258695 1.245206 1.260788 1.627963 1.263125 1.011636 0.540659 0.086067 1.957485 0.102210 1.141148 0.677908 0.343246 0.138571 0.050115 0.404041 0.215169 0.574763 1.517666 1.209505 0.433191 1.889755 0.304874 1.205888 0.367761 0.346548 0.806126 0.110773 0.935092 0.093319 1.877610 1.935325 1.404398 0.601467 0.902155 0.600874 1.162561 1.272746 0.000000 0.048416 0.551001 1.071854 1.233042 1.124553
0.154714 0.845286 1.845286 1.154714 0.107462 1.140978 1.210279 1.196790 1.212372 1.579546 1.311542 1.060052 0.492242 0.134484 1.909069 0.150627 1.189565 0.629491 0.294829 0.186987 0.098531 0.355625 0.166752 0.623179 1.566083 1.161088 0.384775 1.841338 0.353290 1.157471 0.416178 0.394965 0.757709 0.062357 0.886676 0.141736 1.829193 1.886908 1.355982 0.553050 0.853739 0.649291 1.210978 1.224330 0.048416 0.000000 0.502585 1.120271 1.281458 1.172970
0.657299 0.342701 1.342701 1.657299 0.610047 0.638393 0.707694 0.694205 0.709787 1.076961 1.814127 1.562637 0.010343 0.637069 1.406484 0.653212 1.692150 0.126906 0.207756 0.689572 0.601116 0.146960 0.335833 1.125764 1.931332 0.658503 0.117810 1.338753 0.855875 0.654886 0.918763 0.897550 0.255124 0.440228 0.384091 0.644321 1.326608 1.384323 0.853397 0.050465 0.351154 1.151876 1.713563 0.721745 0.551001 0.502585 0.000000 1.622856 1.784043 1.675555
0.965557 1.965557 1.034443 0.034443 1.012809 1.738751 1.669450 1.682939 1.667357 1.300183 0.191271 0.060219 1.612513 0.985787 0.970660 0.969644 0.069294 1.749762 1.415100 0.933284 1.021740 1.475896 1.287023 0.497092 0.445812 1.718641 1.505046 1.038391 0.766981 1.722258 0.704093 0.725306 1.877980 1.182628 1.993053 0.978535 1.050536 0.992821 1.523747 1.673321 1.974009 0.470980 0.090707 1.655399 1.071854 1.120271 1.622856 0.000000 0.161188 0.052699
1.126745 1.873255 0.873255 0.126745 1.173996 1.577563 1.508263 1.521752 1.506170 1.138995 0.030083 0.221406 1.773701 1.146975 0.809473 1.130832 0.091894 1.910950 1.576288 1.094471 1.182927 1.637083 1.448211 0.658279 0.284624 1.557453 1.666233 0.877203 0.928168 1.561070 0.865281 0.886494 1.960832 1.343815 1.831866 1.139723 0.889348 0.831633 1.362560 1.834509 1.864803 0.632168 0.070481 1.494212 1.233042 1.281458 1.784043 0.161188 0.000000 0.108489
1.018256 1.981744 0.981744 0.018256 1.065508 1.686052 1.616752 1.630240 1.614659 1.247484 0.138572 0.112918 1.665212 1.038486 0.917961 1.022343 0.016595 1.802461 1.467799 0.985982 1.074439 1.528595 1.339722 0.549791 0.393113 1.665942 1.557745 0.985692 0.819680 1.669559 0.756792 0.778005 1.930679 1.235326 1.940355 1.031234 0.997837 0.940122 1.471048 1.726020 1.973292 0.523679 0.038008 1.602701 1.124553 1.172970 1.675555 0.052699 0.108489 0.000000
