10
0.000000 1.000000 2.000000 1.000000 0.501200 0.047842 1.220938 0.947090 1.287155 1.601527
1.000000 0.000000 1.000000 2.000000 1.501200 1.047842 1.779062 0.052910 0.287155 1.398473
2.000000 1.000000 0.000000 1.000000 1.498800 1.952158 0.779062 1.052910 0.712845 0.398473
1.000000 2.000000 1.000000 0.000000 0.498800 0.952158 0.220938 1.947090 1.712845 0.601527
0.501200 1.501200 1.498800 0.498800 0.000000 0.453359 0.719737 1.448290 1.788355 1.100326
0.047842 1.047842 1.952158 0.952158 0.453359 0.000000 1.173096 0.994932 1.334997 1.553685
1.220938 1.779062 0.779062 0.220938 0.719737 1.173096 0.000000 1.831972 1.491907 0.380589
0.947090 0.052910 1.052910 1.947090 1.448290 0.994932 1.831972 0.000000 0.340065 1.451383
1.287155 0.287155 0.712845 1.712845 1.788355 1.334997 1.491907 0.340065 0.000000 1.111318
1.601527 1.398473 0.398473 0.601527 1.100326 1.553685 0.380589 1.451383 1.111318 0.000000
