25
0.000000 1.000000 2.000000 1.000000 0.026725 0.488520 1.175503 0.267903 0.393994 1.105106 0.370475 0.771030 0.981677 0.411428 1.977806 1.843237 0.916046 1.414223 0.919583 1.257966 1.975670 1.156609 0.823597 1.829794 1.668767
1.000000 0.000000 1.000000 2.000000 1.026725 1.488520 1.824497 1.267903 1.393994 1.894894 0.629525 1.771030 1.981677 0.588572 0.977806 1.156763 0.083954 1.585777 1.919583 0.257966 1.024330 1.843391 1.823597 0.829794 0.668767
2.000000 1.000000 0.000000 1.000000 1.973275 1.511480 0.824497 1.732097 1.606006 0.894894 1.629525 1.228970 1.018323 1.588572 0.022194 0.156763 1.083954 0.585777 1.080417 0.742034 0.024330 0.843391 1.176403 0.170206 0.331233
1.000000 2.000000 1.000000 0.000000 0.973275 0.511480 0.175503 0.732097 0.606006 0.105106 1.370475 0.228970 0.018323 1.411428 1.022194 0.843237 1.916046 0.414223 0.080417 1.742034 0.975670 0.156609 0.176403 1.170206 1.331233
0.026725 1.026725 1.973275 0.973275 0.000000 0.461795 1.148778 0.241178 0.367269 1.078381 0.397200 0.744305 0.954952 0.438153 1.995469 1.816512 0.942771 1.387498 0.892858 1.284691 1.948945 1.129884 0.796872 1.856519 1.695492
0.488520 1.488520 1.511480 0.511480 0.461795 0.000000 0.686982 0.220617 0.094527 0.616586 0.858995 0.282510 0.493156 0.899948 1.533674 1.354717 1.404567 0.925702 0.431063 1.746486 1.487150 0.668089 0.335077 1.681685 1.842713
1.175503 1.824497 0.824497 0.175503 1.148778 0.686982 0.000000 0.907600 0.781509 0.070396 1.545977 0.404472 0.193826 1.586931 0.846692 0.667734 1.908451 0.238720 0.255920 1.566531 0.800168 0.018894 0.351905 0.994703 1.155731
0.267903 1.267903 1.732097 0.732097 0.241178 0.220617 0.907600 0.000000 0.126090 0.837203 0.638378 0.503127 0.713774 0.679331 1.754291 1.575334 1.183950 1.146319 0.651680 1.525869 1.707767 0.888706 0.555694 1.902302 1.936670
0.393994 1.393994 1.606006 0.606006 0.367269 0.094527 0.781509 0.126090 0.000000 0.711113 0.764468 0.377037 0.587683 0.805421 1.628201 1.449244 1.310040 1.020229 0.525590 1.651959 1.581677 0.762615 0.429604 1.776212 1.937240
1.105106 1.894894 0.894894 0.105106 1.078381 0.616586 0.070396 0.837203 0.711113 0.000000 1.475581 0.334076 0.123429 1.516534 0.917088 0.738131 1.978847 0.309116 0.185523 1.636928 0.870564 0.051503 0.281509 1.065099 1.226127
0.370475 0.629525 1.629525 1.370475 0.397200 0.858995 1.545977 0.638378 0.764468 1.475581 0.000000 1.141505 1.352152 0.040953 1.607331 1.786288 0.545572 1.784697 1.290058 0.887491 1.653855 1.527084 1.194072 1.459320 1.298292
0.771030 1.771030 1.228970 0.228970 0.744305 0.282510 0.404472 0.503127 0.377037 0.334076 1.141505 0.000000 0.210646 1.182458 1.251164 1.072207 1.687077 0.643192 0.148553 1.971004 1.204640 0.385579 0.052567 1.399175 1.560203
0.981677 1.981677 1.018323 0.018323 0.954952 0.493156 0.193826 0.713774 0.587683 0.123429 1.352152 0.210646 0.000000 1.393105 1.040518 0.861560 1.897723 0.432546 0.062094 1.760357 0.993994 0.174932 0.158079 1.188529 1.349557
0.411428 0.588572 1.588572 1.411428 0.438153 0.899948 1.586931 0.679331 0.805421 1.516534 0.040953 1.182458 1.393105 0.000000 1.566378 1.745335 0.504619 1.825650 1.331011 0.846538 1.612902 1.568037 1.235025 1.418367 1.257339
1.977806 0.977806 0.022194 1.022194 1.995469 1.533674 0.846692 1.754291 1.628201 0.917088 1.607331 1.251164 1.040518 1.566378 0.000000 0.178957 1.061759 0.607972 1.102611 0.719840 0.046524 0.865585 1.198597 0.148011 0.309039
1.843237 1.156763 0.156763 0.843237 1.816512 1.354717 0.667734 1.575334 1.449244 0.738131 1.786288 1.072207 0.861560 1.745335 0.178957 0.000000 1.240716 0.429015 0.923654 0.898797 0.132433 0.686628 1.019640 0.326968 0.487996
0.916046 0.083954 1.083954 1.916046 0.942771 1.404567 1.908451 1.183950 1.310040 1.978847 0.545572 1.687077 1.897723 0.504619 1.061759 1.240716 0.000000 1.669731 1.835629 0.341919 1.108283 1.927345 1.739644 0.913748 0.752720
1.414223 1.585777 0.585777 0.414223 1.387498 0.925702 0.238720 1.146319 1.020229 0.309116 1.784697 0.643192 0.432546 1.825650 0.607972 0.429015 1.669731 0.000000 0.494640 1.327812 0.561448 0.257614 0.590625 0.755983 0.917011
0.919583 1.919583 1.080417 0.080417 0.892858 0.431063 0.255920 0.651680 0.525590 0.185523 1.290058 0.148553 0.062094 1.331011 1.102611 0.923654 1.835629 0.494640 0.000000 1.822451 1.056087 0.237026 0.095986 1.250623 1.411650
1.257966 0.257966 0.742034 1.742034 1.284691 1.746486 1.566531 1.525869 1.651959 1.636928 0.887491 1.971004 1.760357 0.846538 0.719840 0.898797 0.341919 1.327812 1.822451 0.000000 0.766364 1.585425 1.918437 0.571829 0.410801
1.975670 1.024330 0.024330 0.975670 1.948945 1.487150 0.800168 1.707767 1.581677 0.870564 1.653855 1.204640 0.993994 1.612902 0.046524 0.132433 1.108283 0.561448 1.056087 0.766364 0.000000 0.819061 1.152073 0.194535 0.355563
1.156609 1.843391 0.843391 0.156609 1.129884 0.668089 0.018894 0.888706 0.762615 0.051503 1.527084 0.385579 0.174932 1.568037 0.865585 0.686628 1.927345 0.257614 0.237026 1.585425 0.819061 0.000000 0.333012 1.013597 1.174624
0.823597 1.823597 1.176403 0.176403 0.796872 0.335077 0.351905 0.555694 0.429604 0.281509 1.194072 0.052567 0.158079 1.235025 1.198597 1.019640 1.739644 0.590625 0.095986 1.918437 1.152073 0.333012 0.000000 1.346608 1.507636
1.829794 0.829794 0.170206 1.170206 1.856519 1.681685 0.994703 1.902302 1.776212 1.065099 1.459320 1.399175 1.188529 1.418367 0.148011 0.326968 0.913748 0.755983 1.250623 0.571829 0.194535 1.013597 1.346608 0.000000 0.161028
1.668767 0.668767 0.331233 1.331233 1.695492 1.842713 1.155731 1.936670 1.937240 1.226127 1.298292 1.560203 1.349557 1.257339 0.309039 0.487996 0.752720 0.917011 1.411650 0.410801 0.355563 1.174624 1.507636 0.161028 0.000000
