35
0.000000 1.000000 2.000000 1.000000 1.502393 0.227831 0.682349 1.244167 1.118138 1.217962 0.810384 1.282940 1.034390 0.856405 0.290872 1.881677 0.256945 1.458776 1.998591 1.454393 1.571469 0.141721 0.804867 0.217465 1.759173 0.597297 1.785849 0.806610 0.741051 0.689423 1.626803 0.173937 0.001661 0.581888 1.396562
1.000000 0.000000 1.000000 2.000000 0.502393 1.227831 1.682349 1.755833 0.118138 0.217962 1.810384 1.717060 1.965610 1.856405 1.290872 1.118323 0.743055 0.458776 0.998591 0.454393 0.571469 1.141721 1.804867 0.782535 1.240827 1.597297 1.214151 0.193390 1.741051 0.310577 0.626803 1.173937 1.001661 0.418112 1.603438
2.000000 1.000000 0.000000 1.000000 0.497607 1.772169 1.317651 0.755833 0.881862 0.782038 1.189616 0.717060 0.965610 1.143595 1.709128 0.118323 1.743055 0.541224 0.001409 0.545607 0.428531 1.858279 1.195133 1.782535 0.240827 1.402703 0.214151 1.193390 1.258949 1.310577 0.373197 1.826063 1.998339 1.418112 0.603438
1.000000 2.000000 1.000000 0.000000 1.497607 0.772169 0.317651 0.244167 1.881862 1.782038 0.189616 0.282940 0.034390 0.143595 0.709128 0.881677 1.256945 1.541224 1.001409 1.545607 1.428531 0.858279 0.195133 1.217465 0.759173 0.402703 0.785849 1.806610 0.258949 1.689423 1.373197 0.826063 0.998339 1.581888 0.396562
1.502393 0.502393 0.497607 1.497607 0.000000 1.730224 1.815258 1.253440 0.384255 0.284431 1.687222 1.214667 1.463217 1.641202 1.793265 0.615930 1.245448 0.043617 0.496198 0.048000 0.069076 1.644114 1.692740 1.284928 0.738434 1.900310 0.711758 0.695783 1.756556 0.812970 0.124410 1.676330 1.504054 0.920505 1.101045
0.227831 1.227831 1.772169 0.772169 1.730224 0.000000 0.454518 1.016336 1.345969 1.445793 0.582554 1.055109 0.806559 0.628574 0.063041 1.653846 0.484776 1.686607 1.773578 1.682224 1.799300 0.086110 0.577036 0.445296 1.531342 0.369466 1.558018 1.034441 0.513220 0.917254 1.854634 0.053894 0.226170 0.809719 1.168731
0.682349 1.682349 1.317651 0.317651 1.815258 0.454518 0.000000 0.561818 1.800487 1.900311 0.128035 0.600591 0.352041 0.174056 0.391477 1.199328 0.939294 1.858875 1.319059 1.863257 1.746182 0.540628 0.122518 0.899814 1.076824 0.085053 1.103500 1.488959 0.058701 1.371773 1.690847 0.508412 0.680688 1.264237 0.714212
1.244167 1.755833 0.755833 0.244167 1.253440 1.016336 0.561818 0.000000 1.637695 1.537871 0.433783 0.038773 0.209777 0.387762 0.953295 0.637510 1.501112 1.297057 0.757241 1.301440 1.184364 1.102446 0.439300 1.461632 0.515006 0.646871 0.541682 1.949223 0.503116 1.933590 1.129030 1.070230 1.242506 1.826055 0.152395
1.118138 0.118138 0.881862 1.881862 0.384255 1.345969 1.800487 1.637695 0.000000 0.099824 1.928522 1.598922 1.847472 1.974543 1.409010 1.000185 0.861193 0.340638 0.880454 0.336256 0.453331 1.259859 1.923005 0.900673 1.122689 1.715434 1.096013 0.311528 1.859188 0.428714 0.508666 1.292075 1.119799 0.536250 1.485301
1.217962 0.217962 0.782038 1.782038 0.284431 1.445793 1.900311 1.537871 0.099824 0.000000 1.971654 1.499098 1.747648 1.925633 1.508833 0.900361 0.961017 0.240814 0.780630 0.236432 0.353507 1.359683 1.977171 1.000497 1.022865 1.815258 0.996190 0.411352 1.959012 0.528538 0.408842 1.391899 1.219623 0.636074 1.385477
0.810384 1.810384 1.189616 0.189616 1.687222 0.582554 0.128035 0.433783 1.928522 1.971654 0.000000 0.472555 0.224006 0.046021 0.519513 1.071293 1.067329 1.730840 1.191024 1.735222 1.618146 0.668663 0.005517 1.027849 0.948788 0.213088 0.975464 1.616995 0.069334 1.499808 1.562812 0.636447 0.808723 1.392272 0.586177
1.282940 1.717060 0.717060 0.282940 1.214667 1.055109 0.600591 0.038773 1.598922 1.499098 0.472555 0.000000 0.248549 0.426535 0.992068 0.598737 1.539885 1.258284 0.718469 1.262667 1.145591 1.141219 0.478073 1.500404 0.476233 0.685643 0.502909 1.910450 0.541889 1.972363 1.090257 1.109003 1.281279 1.864828 0.113622
1.034390 1.965610 0.965610 0.034390 1.463217 0.806559 0.352041 0.209777 1.847472 1.747648 0.224006 0.248549 0.000000 0.177985 0.743519 0.847287 1.291335 1.506834 0.967018 1.511216 1.394141 0.892669 0.229523 1.251855 0.724782 0.437094 0.751458 1.841001 0.293340 1.723814 1.338806 0.860453 1.032729 1.616278 0.362171
0.856405 1.856405 1.143595 0.143595 1.641202 0.628574 0.174056 0.387762 1.974543 1.925633 0.046021 0.426535 0.177985 0.000000 0.565534 1.025272 1.113350 1.684819 1.145003 1.689201 1.572126 0.714684 0.051538 1.073870 0.902768 0.259109 0.929443 1.663015 0.115355 1.545829 1.516791 0.682468 0.854744 1.438293 0.540156
0.290872 1.290872 1.709128 0.709128 1.793265 0.063041 0.391477 0.953295 1.409010 1.508833 0.519513 0.992068 0.743519 0.565534 0.000000 1.590806 0.547817 1.749648 1.710537 1.745265 1.862341 0.149151 0.513996 0.508336 1.468301 0.306425 1.494977 1.097482 0.450179 0.980295 1.917675 0.116935 0.289211 0.872760 1.105690
1.881677 1.118323 0.118323 0.881677 0.615930 1.653846 1.199328 0.637510 1.000185 0.900361 1.071293 0.598737 0.847287 1.025272 1.590806 0.000000 1.861378 0.659547 0.119731 0.663929 0.546854 1.739956 1.076810 1.900858 0.122504 1.284381 0.095829 1.311713 1.140627 1.428899 0.491519 1.707740 1.880016 1.536435 0.485116
0.256945 0.743055 1.743055 1.256945 1.245448 0.484776 0.939294 1.501112 0.861193 0.961017 1.067329 1.539885 1.291335 1.113350 0.547817 1.861378 0.000000 1.201831 1.741647 1.197449 1.314524 0.398666 1.061812 0.039480 1.983882 0.854241 1.957206 0.549665 0.997996 0.432479 1.369859 0.430882 0.258606 0.324943 1.653506
1.458776 0.458776 0.541224 1.541224 0.043617 1.686607 1.858875 1.297057 0.340638 0.240814 1.730840 1.258284 1.506834 1.684819 1.749648 0.659547 1.201831 0.000000 0.539816 0.004382 0.112693 1.600497 1.736357 1.241311 0.782051 1.943928 0.755375 0.652166 1.800173 0.769352 0.168028 1.632713 1.460437 0.876888 1.144663
1.998591 0.998591 0.001409 1.001409 0.496198 1.773578 1.319059 0.757241 0.880454 0.780630 1.191024 0.718469 0.967018 1.145003 1.710537 0.119731 1.741647 0.539816 0.000000 0.544198 0.427122 1.859687 1.196541 1.781127 0.242236 1.404112 0.215560 1.191981 1.260358 1.309168 0.371788 1.827471 1.999747 1.416704 0.604847
1.454393 0.454393 0.545607 1.545607 0.048000 1.682224 1.863257 1.301440 0.336256 0.236432 1.735222 1.262667 1.511216 1.689201 1.745265 0.663929 1.197449 0.004382 0.544198 0.000000 0.117076 1.596114 1.740739 1.236929 0.786434 1.948310 0.759758 0.647783 1.804556 0.764970 0.172410 1.628330 1.456054 0.872506 1.149045
1.571469 0.571469 0.428531 1.428531 0.069076 1.799300 1.746182 1.184364 0.453331 0.353507 1.618146 1.145591 1.394141 1.572126 1.862341 0.546854 1.314524 0.112693 0.427122 0.117076 0.000000 1.713190 1.623664 1.354004 0.669358 1.831234 0.642682 0.764859 1.687480 0.882046 0.055334 1.745406 1.573130 0.989581 1.031969
0.141721 1.141721 1.858279 0.858279 1.644114 0.086110 0.540628 1.102446 1.259859 1.359683 0.668663 1.141219 0.892669 0.714684 0.149151 1.739956 0.398666 1.600497 1.859687 1.596114 1.713190 0.000000 0.663146 0.359186 1.617452 0.455575 1.644128 0.948331 0.599330 0.831144 1.768524 0.032216 0.140060 0.723609 1.254841
0.804867 1.804867 1.195133 0.195133 1.692740 0.577036 0.122518 0.439300 1.923005 1.977171 0.005517 0.478073 0.229523 0.051538 0.513996 1.076810 1.061812 1.736357 1.196541 1.740739 1.623664 0.663146 0.000000 1.022332 0.954306 0.207571 0.980981 1.611477 0.063817 1.494291 1.568329 0.630930 0.803206 1.386755 0.591694
0.217465 0.782535 1.782535 1.217465 1.284928 0.445296 0.899814 1.461632 0.900673 1.000497 1.027849 1.500404 1.251855 1.073870 0.508336 1.900858 0.039480 1.241311 1.781127 1.236929 1.354004 0.359186 1.022332 0.000000 1.976637 0.814761 1.996687 0.589145 0.958515 0.471959 1.409339 0.391402 0.219126 0.364423 1.614026
1.759173 1.240827 0.240827 0.759173 0.738434 1.531342 1.076824 0.515006 1.122689 1.022865 0.948788 0.476233 0.724782 0.902768 1.468301 0.122504 1.983882 0.782051 0.242236 0.786434 0.669358 1.617452 0.954306 1.976637 0.000000 1.161876 0.026676 1.434217 1.018122 1.551404 0.614024 1.585236 1.757512 1.658939 0.362611
0.597297 1.597297 1.402703 0.402703 1.900310 0.369466 0.085053 0.646871 1.715434 1.815258 0.213088 0.685643 0.437094 0.259109 0.306425 1.284381 0.854241 1.943928 1.404112 1.948310 1.831234 0.455575 0.207571 0.814761 1.161876 0.000000 1.188552 1.403907 0.143754 1.286720 1.775900 0.423359 0.595635 1.179184 0.799265
1.785849 1.214151 0.214151 0.785849 0.711758 1.558018 1.103500 0.541682 1.096013 0.996190 0.975464 0.502909 0.751458 0.929443 1.494977 0.095829 1.957206 0.755375 0.215560 0.759758 0.642682 1.644128 0.980981 1.996687 0.026676 1.188552 0.000000 1.407541 1.044798 1.524728 0.587348 1.611912 1.784188 1.632263 0.389287
0.806610 0.193390 1.193390 1.806610 0.695783 1.034441 1.488959 1.949223 0.311528 0.411352 1.616995 1.910450 1.841001 1.663015 1.097482 1.311713 0.549665 0.652166 1.191981 0.647783 0.764859 0.948331 1.611477 0.589145 1.434217 1.403907 1.407541 0.000000 1.547661 0.117187 0.820193 0.980547 0.808271 0.224722 1.796828
0.741051 1.741051 1.258949 0.258949 1.756556 0.513220 0.058701 0.503116 1.859188 1.959012 0.069334 0.541889 0.293340 0.115355 0.450179 1.140627 0.997996 1.800173 1.260358 1.804556 1.687480 0.599330 0.063817 0.958515 1.018122 0.143754 1.044798 1.547661 0.000000 1.430474 1.632146 0.567114 0.739390 1.322938 0.655511
0.689423 0.310577 1.310577 1.689423 0.812970 0.917254 1.371773 1.933590 0.428714 0.528538 1.499808 1.972363 1.723814 1.545829 0.980295 1.428899 0.432479 0.769352 1.309168 0.764970 0.882046 0.831144 1.494291 0.471959 1.551404 1.286720 1.524728 0.117187 1.430474 0.000000 0.937380 0.863360 0.691084 0.107536 1.914015
1.626803 0.626803 0.373197 1.373197 0.124410 1.854634 1.690847 1.129030 0.508666 0.408842 1.562812 1.090257 1.338806 1.516791 1.917675 0.491519 1.369859 0.168028 0.371788 0.172410 0.055334 1.768524 1.568329 1.409339 0.614024 1.775900 0.587348 0.820193 1.632146 0.937380 0.000000 1.800740 1.628464 1.044916 0.976635
0.173937 1.173937 1.826063 0.826063 1.676330 0.053894 0.508412 1.070230 1.292075 1.391899 0.636447 1.109003 0.860453 0.682468 0.116935 1.707740 0.430882 1.632713 1.827471 1.628330 1.745406 0.032216 0.630930 0.391402 1.585236 0.423359 1.611912 0.980547 0.567114 0.863360 1.800740 0.000000 0.172276 0.755825 1.222625
0.001661 1.001661 1.998339 0.998339 1.504054 0.226170 0.680688 1.242506 1.119799 1.219623 0.808723 1.281279 1.032729 0.854744 0.289211 1.880016 0.258606 1.460437 1.999747 1.456054 1.573130 0.140060 0.803206 0.219126 1.757512 0.595635 1.784188 0.808271 0.739390 0.691084 1.628464 0.172276 0.000000 0.583549 1.394901
0.581888 0.418112 1.418112 1.581888 0.920505 0.809719 1.264237 1.826055 0.536250 0.636074 1.392272 1.864828 1.616278 1.438293 0.872760 1.536435 0.324943 0.876888 1.416704 0.872506 0.989581 0.723609 1.386755 0.364423 1.658939 1.179184 1.632263 0.224722 1.322938 0.107536 1.044916 0.755825 0.583549 0.000000 1.978449
1.396562 1.603438 0.603438 0.396562 1.101045 1.168731 0.714212 0.152395 1.485301 1.385477 0.586177 0.113622 0.362171 0.540156 1.105690 0.485116 1.653506 1.144663 0.604847 1.149045 1.031969 1.254841 0.591694 1.614026 0.362611 0.799265 0.389287 1.796828 0.655511 1.914015 0.976635 1.222625 1.394901 1.978449 0.000000
