30
0.000000 1.000000 2.000000 1.000000 0.653700 1.112008 0.147096 1.929788 1.401439 1.924040 1.356571 0.797872 1.464781 0.313333 1.218063 1.779408 1.347507 1.859455 1.971746 0.219500 0.601301 0.585426 1.333486 1.756370 1.555452 1.780902 1.006058 0.483360 0.020589 1.083686
1.000000 0.000000 1.000000 2.000000 1.653700 1.887992 0.852904 1.070212 0.401439 0.924040 0.356571 1.797872 1.535219 0.686667 1.781937 0.779408 0.347507 0.859455 0.971746 1.219500 1.601301 1.585426 1.666514 0.756370 1.444548 1.219098 1.993942 1.483360 1.020589 1.916314
2.000000 1.000000 0.000000 1.000000 1.346300 0.887992 1.852904 0.070212 0.598561 0.075960 0.643429 1.202128 0.535219 1.686667 0.781937 0.220592 0.652493 0.140545 0.028254 1.780500 1.398699 1.414574 0.666514 0.243630 0.444548 0.219098 0.993942 1.516640 1.979411 0.916314
1.000000 2.000000 1.000000 0.000000 0.346300 0.112008 1.147096 0.929788 1.598561 1.075960 1.643429 0.202128 0.464781 1.313333 0.218063 1.220592 1.652493 1.140545 1.028254 0.780500 0.398699 0.414574 0.333486 1.243630 0.555452 0.780902 0.006058 0.516640 0.979411 0.083686
0.653700 1.653700 1.346300 0.346300 0.000000 0.458308 0.800796 1.276088 1.944861 1.422259 1.989729 0.144171 0.811081 0.967034 0.564362 1.566892 1.998793 1.486845 1.374554 0.434200 0.052399 0.068274 0.679785 1.589930 0.901752 1.127202 0.352358 0.170341 0.633112 0.429986
1.112008 1.887992 0.887992 0.112008 0.458308 0.000000 1.259104 0.817780 1.486553 0.963951 1.531421 0.314137 0.352773 1.425342 0.106054 1.108584 1.540485 1.028537 0.916246 0.892508 0.510707 0.526582 0.221477 1.131622 0.443444 0.668894 0.105950 0.628649 1.091420 0.028322
0.147096 0.852904 1.852904 1.147096 0.800796 1.259104 0.000000 1.923116 1.254343 1.776944 1.209475 0.944967 1.611877 0.166238 1.365159 1.632312 1.200411 1.712359 1.824650 0.366596 0.748397 0.732522 1.480581 1.609274 1.702548 1.927998 1.153154 0.630455 0.167685 1.230782
1.929788 1.070212 0.070212 0.929788 1.276088 0.817780 1.923116 0.000000 0.668773 0.146172 0.713641 1.131917 0.465007 1.756878 0.711725 0.290804 0.722705 0.210757 0.098466 1.710288 1.328487 1.344362 0.596302 0.313842 0.374336 0.148886 0.923730 1.446429 1.909199 0.846102
1.401439 0.401439 0.598561 1.598561 1.944861 1.486553 1.254343 0.668773 0.000000 0.522601 0.044868 1.800689 1.133780 1.088106 1.380498 0.377969 0.053932 0.458016 0.570307 1.620939 1.997260 1.986865 1.265075 0.354931 1.043109 0.817659 1.592503 1.884799 1.422028 1.514875
1.924040 0.924040 0.075960 1.075960 1.422259 0.963951 1.776944 0.146172 0.522601 0.000000 0.567469 1.278088 0.611178 1.610707 0.857897 0.144632 0.576533 0.064585 0.047706 1.856460 1.474658 1.490534 0.742474 0.167670 0.520507 0.295057 1.069902 1.592600 1.944629 0.992274
1.356571 0.356571 0.643429 1.643429 1.989729 1.531421 1.209475 0.713641 0.044868 0.567469 0.000000 1.845557 1.178648 1.043238 1.425366 0.422837 0.009064 0.502884 0.615175 1.576071 1.957872 1.941997 1.309943 0.399799 1.087977 0.862527 1.637371 1.839931 1.377160 1.559743
0.797872 1.797872 1.202128 0.202128 0.144171 0.314137 0.944967 1.131917 1.800689 1.278088 1.845557 0.000000 0.666910 1.111205 0.420191 1.422721 1.854621 1.342674 1.230383 0.578372 0.196570 0.212446 0.535614 1.445758 0.757581 0.983031 0.208186 0.314512 0.777283 0.285814
1.464781 1.535219 0.535219 0.464781 0.811081 0.352773 1.611877 0.465007 1.133780 0.611178 1.178648 0.666910 0.000000 1.778115 0.246719 0.755811 1.187712 0.675764 0.563473 1.245281 0.863480 0.879355 0.131296 0.778849 0.090671 0.316121 0.458723 0.981422 1.444193 0.381095
0.313333 0.686667 1.686667 1.313333 0.967034 1.425342 0.166238 1.756878 1.088106 1.610707 1.043238 1.111205 1.778115 0.000000 1.531396 1.466074 1.034174 1.546121 1.658412 0.532833 0.914635 0.898759 1.646819 1.443037 1.868786 1.905764 1.319391 0.796693 0.333922 1.397019
1.218063 1.781937 0.781937 0.218063 0.564362 0.106054 1.365159 0.711725 1.380498 0.857897 1.425366 0.420191 0.246719 1.531396 0.000000 1.002529 1.434430 0.922482 0.810191 0.998563 0.616762 0.632637 0.115423 1.025567 0.337390 0.562840 0.212005 0.734703 1.197474 0.134377
1.779408 0.779408 0.220592 1.220592 1.566892 1.108584 1.632312 0.290804 0.377969 0.144632 0.422837 1.422721 0.755811 1.466074 1.002529 0.000000 0.431901 0.080047 0.192338 1.998908 1.619291 1.635166 0.887107 0.023038 0.665140 0.439690 1.214534 1.737233 1.799996 1.136906
1.347507 0.347507 0.652493 1.652493 1.998793 1.540485 1.200411 0.722705 0.053932 0.576533 0.009064 1.854621 1.187712 1.034174 1.434430 0.431901 0.000000 0.511948 0.624239 1.567007 1.948808 1.932933 1.319007 0.408863 1.097041 0.871591 1.646435 1.830867 1.368096 1.568807
1.859455 0.859455 0.140545 1.140545 1.486845 1.028537 1.712359 0.210757 0.458016 0.064585 0.502884 1.342674 0.675764 1.546121 0.922482 0.080047 0.511948 0.000000 0.112291 1.921045 1.539244 1.555119 0.807060 0.103085 0.585093 0.359643 1.134487 1.657186 1.880043 1.056859
1.971746 0.971746 0.028254 1.028254 1.374554 0.916246 1.824650 0.098466 0.570307 0.047706 0.615175 1.230383 0.563473 1.658412 0.810191 0.192338 0.624239 0.112291 0.000000 1.808754 1.426953 1.442828 0.694768 0.215376 0.472802 0.247352 1.022196 1.544895 1.992335 0.944568
0.219500 1.219500 1.780500 0.780500 0.434200 0.892508 0.366596 1.710288 1.620939 1.856460 1.576071 0.578372 1.245281 0.532833 0.998563 1.998908 1.567007 1.921045 1.808754 0.000000 0.381801 0.365926 1.113986 1.975870 1.335952 1.561402 0.786558 0.263859 0.198911 0.864186
0.601301 1.601301 1.398699 0.398699 0.052399 0.510707 0.748397 1.328487 1.997260 1.474658 1.957872 0.196570 0.863480 0.914635 0.616762 1.619291 1.948808 1.539244 1.426953 0.381801 0.000000 0.015875 0.732184 1.642329 0.954151 1.179601 0.404757 0.117942 0.580713 0.482385
0.585426 1.585426 1.414574 0.414574 0.068274 0.526582 0.732522 1.344362 1.986865 1.490534 1.941997 0.212446 0.879355 0.898759 0.632637 1.635166 1.932933 1.555119 1.442828 0.365926 0.015875 0.000000 0.748060 1.658204 0.970026 1.195476 0.420632 0.102066 0.564837 0.498260
1.333486 1.666514 0.666514 0.333486 0.679785 0.221477 1.480581 0.596302 1.265075 0.742474 1.309943 0.535614 0.131296 1.646819 0.115423 0.887107 1.319007 0.807060 0.694768 1.113986 0.732184 0.748060 0.000000 0.910144 0.221967 0.447417 0.327428 0.850126 1.312897 0.249800
1.756370 0.756370 0.243630 1.243630 1.589930 1.131622 1.609274 0.313842 0.354931 0.167670 0.399799 1.445758 0.778849 1.443037 1.025567 0.023038 0.408863 0.103085 0.215376 1.975870 1.642329 1.658204 0.910144 0.000000 0.688178 0.462728 1.237572 1.760270 1.776959 1.159944
1.555452 1.444548 0.444548 0.555452 0.901752 0.443444 1.702548 0.374336 1.043109 0.520507 1.087977 0.757581 0.090671 1.868786 0.337390 0.665140 1.097041 0.585093 0.472802 1.335952 0.954151 0.970026 0.221967 0.688178 0.000000 0.225450 0.549394 1.072093 1.534864 0.471766
1.780902 1.219098 0.219098 0.780902 1.127202 0.668894 1.927998 0.148886 0.817659 0.295057 0.862527 0.983031 0.316121 1.905764 0.562840 0.439690 0.871591 0.359643 0.247352 1.561402 1.179601 1.195476 0.447417 0.462728 0.225450 0.000000 0.774844 1.297543 1.760314 0.697216
1.006058 1.993942 0.993942 0.006058 0.352358 0.105950 1.153154 0.923730 1.592503 1.069902 1.637371 0.208186 0.458723 1.319391 0.212005 1.214534 1.646435 1.134487 1.022196 0.786558 0.404757 0.420632 0.327428 1.237572 0.549394 0.774844 0.000000 0.522699 0.985469 0.077628
0.483360 1.483360 1.516640 0.516640 0.170341 0.628649 0.630455 1.446429 1.884799 1.592600 1.839931 0.314512 0.981422 0.796693 0.734703 1.737233 1.830867 1.657186 1.544895 0.263859 0.117942 0.102066 0.850126 1.760270 1.072093 1.297543 0.522699 0.000000 0.462771 0.600327
0.020589 1.020589 1.979411 0.979411 0.633112 1.091420 0.167685 1.909199 1.422028 1.944629 1.377160 0.777283 1.444193 0.333922 1.197474 1.799996 1.368096 1.880043 1.992335 0.198911 0.580713 0.564837 1.312897 1.776959 1.534864 1.760314 0.985469 0.462771 0.000000 1.063097
1.083686 1.916314 0.916314 0.083686 0.429986 0.028322 1.230782 0.846102 1.514875 0.992274 1.559743 0.285814 0.381095 1.397019 0.134377 1.136906 1.568807 1.056859 0.944568 0.864186 0.482385 0.498260 0.249800 1.159944 0.471766 0.697216 0.077628 0.600327 1.063097 0.000000
