35
0.000000 1.000000 2.000000 1.000000 1.386264 1.442481 0.646322 1.217574 0.455922 1.942677 0.751438 0.637225 0.538864 0.911134 1.691816 1.398876 1.522758 1.353697 0.908304 1.830978 1.066807 0.916413 1.137726 0.281589 0.600226 1.590996 1.054580 1.547878 1.572456 0.474395 1.946768 0.508319 1.175422 0.215150 1.839322
1.000000 0.000000 1.000000 2.000000 1.613736 1.557519 0.353678 1.782426 0.544078 1.057323 0.248562 0.362775 0.461136 0.088866 1.308184 0.398876 1.477242 1.646303 0.091696 0.830978 1.933193 1.916413 0.137726 0.718411 0.399774 1.409004 1.945420 0.547878 1.427544 0.525605 0.946768 0.491681 0.175422 0.784850 0.839322
2.000000 1.000000 0.000000 1.000000 0.613736 0.557519 1.353678 0.782426 1.544078 0.057323 1.248562 1.362775 1.461136 1.088866 0.308184 0.601124 0.477242 0.646303 1.091696 0.169022 0.933193 1.083587 0.862274 1.718411 1.399774 0.409004 0.945420 0.452122 0.427544 1.525605 0.053232 1.491681 0.824578 1.784850 0.160678
1.000000 2.000000 1.000000 0.000000 0.386264 0.442481 1.646322 0.217574 1.455922 0.942677 1.751438 1.637225 1.538864 1.911134 0.691816 1.601124 0.522758 0.353697 1.908304 1.169022 0.066807 0.083587 1.862274 1.281589 1.600226 0.590996 0.054580 1.452122 0.572456 1.474395 1.053232 1.508319 1.824578 1.215150 1.160678
1.386264 1.613736 0.613736 0.386264 0.000000 0.056217 1.967415 0.168689 1.842186 0.556414 1.862299 1.976511 1.925127 1.702602 0.305553 1.214860 0.136494 0.032566 1.705433 0.782758 0.319456 0.469850 1.476011 1.667852 1.986490 0.204732 0.331683 1.065858 0.186192 1.860658 0.666968 1.894583 1.438315 1.601414 0.774414
1.442481 1.557519 0.557519 0.442481 0.056217 0.000000 1.911198 0.224906 1.898403 0.500196 1.806082 1.920294 1.981344 1.646385 0.249336 1.158643 0.080277 0.088784 1.649215 0.726541 0.375673 0.526068 1.419794 1.724069 1.957293 0.148515 0.387901 1.009641 0.129975 1.916876 0.610751 1.950800 1.382097 1.657631 0.718197
0.646322 0.353678 1.353678 1.646322 1.967415 1.911198 0.000000 1.863896 0.190399 1.411001 0.105116 0.009097 0.107458 0.264813 1.661862 0.752555 1.830920 1.999981 0.261982 1.184657 1.713129 1.562735 0.491404 0.364733 0.046096 1.762683 1.700902 0.901557 1.781222 0.171927 1.300447 0.138002 0.529100 0.431171 1.193001
1.217574 1.782426 0.782426 0.217574 0.168689 0.224906 1.863896 0.000000 1.673497 0.725103 1.969012 1.854799 1.756438 1.871291 0.474242 1.383549 0.305183 0.136123 1.874122 0.951447 0.150767 0.301161 1.644700 1.499163 1.817800 0.373421 0.162994 1.234547 0.354881 1.691969 0.835657 1.725894 1.607004 1.432725 0.943103
0.455922 0.544078 1.544078 1.455922 1.842186 1.898403 0.190399 1.673497 0.000000 1.601400 0.295515 0.181303 0.082941 0.455212 1.852261 0.942954 1.978680 1.809619 0.452381 1.375056 1.522730 1.372336 0.681803 0.174334 0.144304 1.953082 1.510503 1.091956 1.971622 0.018472 1.490846 0.052397 0.719499 0.240772 1.383400
1.942677 1.057323 0.057323 0.942677 0.556414 0.500196 1.411001 0.725103 1.601400 0.000000 1.305885 1.420098 1.518459 1.146189 0.250861 0.658446 0.419919 0.588980 1.149019 0.226344 0.875870 1.026264 0.919597 1.775734 1.457097 0.351682 0.888097 0.509445 0.370221 1.582928 0.110555 1.549003 0.881901 1.842173 0.218000
0.751438 0.248562 1.248562 1.751438 1.862299 1.806082 0.105116 1.969012 0.295515 1.305885 0.000000 0.114213 0.212574 0.159696 1.556746 0.647439 1.725804 1.894865 0.156866 1.079541 1.818245 1.667851 0.386288 0.469849 0.151212 1.657567 1.806018 0.796441 1.676106 0.277043 1.195331 0.243118 0.423984 0.536287 1.087885
0.637225 0.362775 1.362775 1.637225 1.976511 1.920294 0.009097 1.854799 0.181303 1.420098 0.114213 0.000000 0.098361 0.273909 1.670959 0.761651 1.840017 1.990922 0.271079 1.193754 1.704032 1.553638 0.500501 0.355636 0.036999 1.771779 1.691805 0.910653 1.790319 0.162830 1.309543 0.128906 0.538197 0.422075 1.202097
0.538864 0.461136 1.461136 1.538864 1.925127 1.981344 0.107458 1.756438 0.082941 1.518459 0.212574 0.098361 0.000000 0.372271 1.769320 0.860013 1.938379 1.892561 0.369440 1.292115 1.605671 1.455277 0.598862 0.257275 0.061362 1.870141 1.593444 1.009015 1.888681 0.064469 1.407905 0.030544 0.636558 0.323713 1.300459
0.911134 0.088866 1.088866 1.911134 1.702602 1.646385 0.264813 1.871291 0.455212 1.146189 0.159696 0.273909 0.372271 0.000000 1.397050 0.487742 1.566108 1.735169 0.002830 0.919844 1.977941 1.827547 0.226592 0.629545 0.310908 1.497870 1.965714 0.636744 1.516410 0.436739 1.035634 0.402815 0.264288 0.695984 0.928188
1.691816 1.308184 0.308184 0.691816 0.305553 0.249336 1.661862 0.474242 1.852261 0.250861 1.556746 1.670959 1.769320 1.397050 0.000000 0.909307 0.169058 0.338119 1.399880 0.477205 0.625009 0.775403 1.170458 1.973405 1.707958 0.100821 0.637236 0.760305 0.119360 1.833789 0.361415 1.799864 1.132762 1.906967 0.468861
1.398876 0.398876 0.601124 1.601124 1.214860 1.158643 0.752555 1.383549 0.942954 0.658446 0.647439 0.761651 0.860013 0.487742 0.909307 0.000000 1.078366 1.247426 0.490573 0.432102 1.534316 1.684710 0.261151 1.117288 0.798650 1.010128 1.546543 0.149002 1.028668 0.924482 0.547892 0.890557 0.223455 1.183726 0.440446
1.522758 1.477242 0.477242 0.522758 0.136494 0.080277 1.830920 0.305183 1.978680 0.419919 1.725804 1.840017 1.938379 1.566108 0.169058 1.078366 0.000000 0.169061 1.568938 0.646264 0.455951 0.606345 1.339516 1.804347 1.877016 0.068238 0.468178 0.929364 0.049698 1.997153 0.530474 1.968923 1.301820 1.737908 0.637920
1.353697 1.646303 0.646303 0.353697 0.032566 0.088784 1.999981 0.136123 1.809619 0.588980 1.894865 1.990922 1.892561 1.735169 0.338119 1.247426 0.169061 0.000000 1.737999 0.815324 0.286890 0.437284 1.508577 1.635286 1.953923 0.237299 0.299117 1.098425 0.218759 1.828092 0.699535 1.862016 1.470881 1.568847 0.806981
0.908304 0.091696 1.091696 1.908304 1.705433 1.649215 0.261982 1.874122 0.452381 1.149019 0.156866 0.271079 0.369440 0.002830 1.399880 0.490573 1.568938 1.737999 0.000000 0.922675 1.975111 1.824717 0.229422 0.626715 0.308078 1.500700 1.962884 0.639574 1.519240 0.433909 1.038464 0.399984 0.267118 0.693154 0.931019
1.830978 0.830978 0.169022 1.169022 0.782758 0.726541 1.184657 0.951447 1.375056 0.226344 1.079541 1.193754 1.292115 0.919844 0.477205 0.432102 0.646264 0.815324 0.922675 0.000000 1.102214 1.252608 0.693253 1.549390 1.230752 0.578026 1.114441 0.283100 0.596566 1.356584 0.115790 1.322659 0.655557 1.615828 0.008344
1.066807 1.933193 0.933193 0.066807 0.319456 0.375673 1.713129 0.150767 1.522730 0.875870 1.818245 1.704032 1.605671 1.977941 0.625009 1.534316 0.455951 0.286890 1.975111 1.102214 0.000000 0.150394 1.795467 1.348396 1.667033 0.524188 0.012227 1.385314 0.505649 1.541202 0.986424 1.575127 1.757771 1.281958 1.093870
0.916413 1.916413 1.083587 0.083587 0.469850 0.526068 1.562735 0.301161 1.372336 1.026264 1.667851 1.553638 1.455277 1.827547 0.775403 1.684710 0.606345 0.437284 1.824717 1.252608 0.150394 0.000000 1.945861 1.198002 1.516639 0.674583 0.138167 1.535709 0.656043 1.390808 1.136819 1.424732 1.908165 1.131563 1.244265
1.137726 0.137726 0.862274 1.862274 1.476011 1.419794 0.491404 1.644700 0.681803 0.919597 0.386288 0.500501 0.598862 0.226592 1.170458 0.261151 1.339516 1.508577 0.229422 0.693253 1.795467 1.945861 0.000000 0.856137 0.537500 1.271279 1.807694 0.410153 1.289818 0.663331 0.809042 0.629406 0.037696 0.922575 0.701597
0.281589 0.718411 1.718411 1.281589 1.667852 1.724069 0.364733 1.499163 0.174334 1.775734 0.469849 0.355636 0.257275 0.629545 1.973405 1.117288 1.804347 1.635286 0.626715 1.549390 1.348396 1.198002 0.856137 0.000000 0.318637 1.872584 1.336169 1.266290 1.854045 0.192806 1.665179 0.226731 0.893833 0.066439 1.557734
0.600226 0.399774 1.399774 1.600226 1.986490 1.957293 0.046096 1.817800 0.144304 1.457097 0.151212 0.036999 0.061362 0.310908 1.707958 0.798650 1.877016 1.953923 0.308078 1.230752 1.667033 1.516639 0.537500 0.318637 0.000000 1.808778 1.654806 0.947652 1.827318 0.125831 1.346542 0.091907 0.575196 0.385076 1.239096
1.590996 1.409004 0.409004 0.590996 0.204732 0.148515 1.762683 0.373421 1.953082 0.351682 1.657567 1.771779 1.870141 1.497870 0.100821 1.010128 0.068238 0.237299 1.500700 0.578026 0.524188 0.674583 1.271279 1.872584 1.808778 0.000000 0.536416 0.861126 0.018540 1.934610 0.462236 1.900685 1.233582 1.806146 0.569682
1.054580 1.945420 0.945420 0.054580 0.331683 0.387901 1.700902 0.162994 1.510503 0.888097 1.806018 1.691805 1.593444 1.965714 0.637236 1.546543 0.468178 0.299117 1.962884 1.114441 0.012227 0.138167 1.807694 1.336169 1.654806 0.536416 0.000000 1.397542 0.517876 1.528975 0.998652 1.562899 1.769998 1.269730 1.106098
1.547878 0.547878 0.452122 1.452122 1.065858 1.009641 0.901557 1.234547 1.091956 0.509445 0.796441 0.910653 1.009015 0.636744 0.760305 0.149002 0.929364 1.098425 0.639574 0.283100 1.385314 1.535709 0.410153 1.266290 0.947652 0.861126 1.397542 0.000000 0.879666 1.073484 0.398890 1.039559 0.372456 1.332728 0.291444
1.572456 1.427544 0.427544 0.572456 0.186192 0.129975 1.781222 0.354881 1.971622 0.370221 1.676106 1.790319 1.888681 1.516410 0.119360 1.028668 0.049698 0.218759 1.519240 0.596566 0.505649 0.656043 1.289818 1.854045 1.827318 0.018540 0.517876 0.879666 0.000000 1.953149 0.480776 1.919225 1.252122 1.787606 0.588222
0.474395 0.525605 1.525605 1.474395 1.860658 1.916876 0.171927 1.691969 0.018472 1.582928 0.277043 0.162830 0.064469 0.436739 1.833789 0.924482 1.997153 1.828092 0.433909 1.356584 1.541202 1.390808 0.663331 0.192806 0.125831 1.934610 1.528975 1.073484 1.953149 0.000000 1.472373 0.033925 0.701027 0.259245 1.364928
1.946768 0.946768 0.053232 1.053232 0.666968 0.610751 1.300447 0.835657 1.490846 0.110555 1.195331 1.309543 1.407905 1.035634 0.361415 0.547892 0.530474 0.699535 1.038464 0.115790 0.986424 1.136819 0.809042 1.665179 1.346542 0.462236 0.998652 0.398890 0.480776 1.472373 0.000000 1.438449 0.771346 1.731618 0.107446
0.508319 0.491681 1.491681 1.508319 1.894583 1.950800 0.138002 1.725894 0.052397 1.549003 0.243118 0.128906 0.030544 0.402815 1.799864 0.890557 1.968923 1.862016 0.399984 1.322659 1.575127 1.424732 0.629406 0.226731 0.091907 1.900685 1.562899 1.039559 1.919225 0.033925 1.438449 0.000000 0.667103 0.293169 1.331003
1.175422 0.175422 0.824578 1.824578 1.438315 1.382097 0.529100 1.607004 0.719499 0.881901 0.423984 0.538197 0.636558 0.264288 1.132762 0.223455 1.301820 1.470881 0.267118 0.655557 1.757771 1.908165 0.037696 0.893833 0.575196 1.233582 1.769998 0.372456 1.252122 0.701027 0.771346 0.667103 0.000000 0.960272 0.663900
0.215150 0.784850 1.784850 1.215150 1.601414 1.657631 0.431171 1.432725 0.240772 1.842173 0.536287 0.422075 0.323713 0.695984 1.906967 1.183726 1.737908 1.568847 0.693154 1.615828 1.281958 1.131563 0.922575 0.066439 0.385076 1.806146 1.269730 1.332728 1.787606 0.259245 1.731618 0.293169 0.960272 0.000000 1.624172
1.839322 0.839322 0.160678 1.160678 0.774414 0.718197 1.193001 0.943103 1.383400 0.218000 1.087885 1.202097 1.300459 0.928188 0.468861 0.440446 0.637920 0.806981 0.931019 0.008344 1.093870 1.244265 0.701597 1.557734 1.239096 0.569682 1.106098 0.291444 0.588222 1.364928 0.107446 1.331003 0.663900 1.624172 0.000000
