20
0.000000 1.000000 2.000000 1.000000 0.460566 1.252765 0.982046 1.630819 1.366004 1.689735 0.221270 0.728054 1.196668 1.536360 0.647856 0.149988 0.750085 1.347574 0.728572 1.407475
1.000000 0.000000 1.000000 2.000000 0.539434 1.747235 1.982046 1.369181 1.633996 0.689735 0.778730 0.271946 0.196668 0.536360 0.352144 0.850012 0.249915 1.652426 0.271428 0.407475
2.000000 1.000000 0.000000 1.000000 1.539434 0.747235 1.017954 0.369181 0.633996 0.310265 1.778730 1.271946 0.803332 0.463640 1.352144 1.850012 1.249915 0.652426 1.271428 0.592525
1.000000 2.000000 1.000000 0.000000 1.460566 0.252765 0.017954 0.630819 0.366004 1.310265 1.221270 1.728054 1.803332 1.463640 1.647856 1.149988 1.750085 0.347574 1.728572 1.592525
0.460566 0.539434 1.539434 1.460566 0.000000 1.713331 1.442612 1.908615 1.826570 1.229169 0.239296 0.267489 0.736102 1.075794 0.187290 0.310577 0.289520 1.808140 0.268006 0.946910
1.252765 1.747235 0.747235 0.252765 1.713331 0.000000 0.270719 0.378054 0.113239 1.057500 1.474035 1.980819 1.550567 1.210875 1.900621 1.402753 1.997150 0.094809 1.981337 1.339760
0.982046 1.982046 1.017954 0.017954 1.442612 0.270719 0.000000 0.648773 0.383958 1.328219 1.203316 1.710100 1.821286 1.481594 1.629902 1.132034 1.732131 0.365528 1.710618 1.610479
1.630819 1.369181 0.369181 0.630819 1.908615 0.378054 0.648773 0.000000 0.264815 0.679446 1.852089 1.641127 1.172513 0.832821 1.721325 1.780807 1.619096 0.283245 1.640609 0.961706
1.366004 1.633996 0.633996 0.366004 1.826570 0.113239 0.383958 0.264815 0.000000 0.944261 1.587274 1.905942 1.437328 1.097636 1.986140 1.515992 1.883911 0.018430 1.905424 1.226521
1.689735 0.689735 0.310265 1.310265 1.229169 1.057500 1.328219 0.679446 0.944261 0.000000 1.468465 0.961680 0.493067 0.153375 1.041879 1.539746 0.939650 0.962691 0.961163 0.282259
0.221270 0.778730 1.778730 1.221270 0.239296 1.474035 1.203316 1.852089 1.587274 1.468465 0.000000 0.506784 0.975397 1.315090 0.426586 0.071282 0.528815 1.568844 0.507302 1.186205
0.728054 0.271946 1.271946 1.728054 0.267489 1.980819 1.710100 1.641127 1.905942 0.961680 0.506784 0.000000 0.468613 0.808306 0.080199 0.578066 0.022031 1.924371 0.000518 0.679421
1.196668 0.196668 0.803332 1.803332 0.736102 1.550567 1.821286 1.172513 1.437328 0.493067 0.975397 0.468613 0.000000 0.339692 0.548812 1.046679 0.446582 1.455758 0.468096 0.210808
1.536360 0.536360 0.463640 1.463640 1.075794 1.210875 1.481594 0.832821 1.097636 0.153375 1.315090 0.808306 0.339692 0.000000 0.888504 1.386372 0.786275 1.116066 0.807788 0.128885
0.647856 0.352144 1.352144 1.647856 0.187290 1.900621 1.629902 1.721325 1.986140 1.041879 0.426586 0.080199 0.548812 0.888504 0.000000 0.497867 0.102229 1.995430 0.080716 0.759620
0.149988 0.850012 1.850012 1.149988 0.310577 1.402753 1.132034 1.780807 1.515992 1.539746 0.071282 0.578066 1.046679 1.386372 0.497867 0.000000 0.600097 1.497563 0.578584 1.257487
0.750085 0.249915 1.249915 1.750085 0.289520 1.997150 1.732131 1.619096 1.883911 0.939650 0.528815 0.022031 0.446582 0.786275 0.102229 0.600097 0.000000 1.902340 0.021513 0.657390
1.347574 1.652426 0.652426 0.347574 1.808140 0.094809 0.365528 0.283245 0.018430 0.962691 1.568844 1.924371 1.455758 1.116066 1.995430 1.497563 1.902340 0.000000 1.923854 1.244950
0.728572 0.271428 1.271428 1.728572 0.268006 1.981337 1.710618 1.640609 1.905424 0.961163 0.507302 0.000518 0.468096 0.807788 0.080716 0.578584 0.021513 1.923854 0.000000 0.678903
1.407475 0.407475 0.592525 1.592525 0.946910 1.339760 1.610479 0.961706 1.226521 0.282259 1.186205 0.679421 0.210808 0.128885 0.759620 1.257487 0.657390 1.244950 0.678903 0.000000
