10
0.000000 1.000000 2.000000 1.000000 0.036733 1.573208 0.374304 0.749912 0.112006 0.384200
1.000000 0.000000 1.000000 2.000000 0.963267 0.573208 1.374304 0.250088 0.887994 1.384200
2.000000 1.000000 0.000000 1.000000 1.963267 0.426792 1.625696 1.250088 1.887994 1.615800
1.000000 2.000000 1.000000 0.000000 1.036733 1.426792 0.625696 1.749912 1.112006 0.615800
0.036733 0.963267 1.963267 1.036733 0.000000 1.536475 0.411036 0.713180 0.075274 0.420932
1.573208 0.573208 0.426792 1.426792 1.536475 0.000000 1.947511 0.823295 1.461201 1.957407
0.374304 1.374304 1.625696 0.625696 0.411036 1.947511 0.000000 1.124216 0.486310 0.009896
0.749912 0.250088 1.250088 1.749912 0.713180 0.823295 1.124216 0.000000 0.637906 1.134112
0.112006 0.887994 1.887994 1.112006 0.075274 1.461201 0.486310 0.637906 0.000000 0.496206
0.384200 1.384200 1.615800 0.615800 0.420932 1.957407 0.009896 1.134112 0.496206 0.000000
