15
0.000000 1.000000 2.000000 1.000000 1.703961 0.309183 1.291425 1.197518 0.518655 0.104648 1.315014 1.558667 0.652216 0.861858 1.096096
1.000000 0.000000 1.000000 2.000000 0.703961 1.309183 0.291425 0.197518 1.518655 1.104648 1.684986 1.441333 0.347784 0.138142 1.903904
2.000000 1.000000 0.000000 1.000000 0.296039 1.690817 0.708575 0.802482 1.481345 1.895352 0.684986 0.441333 1.347784 1.138142 0.903904
1.000000 2.000000 1.000000 0.000000 1.296039 0.690817 1.708575 1.802482 0.481345 0.895352 0.315014 0.558667 1.652216 1.861858 0.096096
1.703961 0.703961 0.296039 1.296039 0.000000 1.986856 0.412536 0.506443 1.777384 1.808609 0.981025 0.737372 1.051745 0.842103 1.199944
0.309183 1.309183 1.690817 0.690817 1.986856 0.000000 1.600608 1.506701 0.209472 0.204535 1.005831 1.249484 0.961399 1.171041 0.786913
1.291425 0.291425 0.708575 1.708575 0.412536 1.600608 0.000000 0.093907 1.810080 1.396073 1.393560 1.149908 0.639209 0.429567 1.612479
1.197518 0.197518 0.802482 1.802482 0.506443 1.506701 0.093907 0.000000 1.716173 1.302166 1.487468 1.243815 0.545302 0.335660 1.706387
0.518655 1.518655 1.481345 0.481345 1.777384 0.209472 1.810080 1.716173 0.000000 0.414007 0.796359 1.040012 1.170871 1.380513 0.577440
0.104648 1.104648 1.895352 0.895352 1.808609 0.204535 1.396073 1.302166 0.414007 0.000000 1.210366 1.454019 0.756864 0.966506 0.991448
1.315014 1.684986 0.684986 0.315014 0.981025 1.005831 1.393560 1.487468 0.796359 1.210366 0.000000 0.243653 1.967230 1.823128 0.218919
1.558667 1.441333 0.441333 0.558667 0.737372 1.249484 1.149908 1.243815 1.040012 1.454019 0.243653 0.000000 1.789117 1.579475 0.462572
0.652216 0.347784 1.347784 1.652216 1.051745 0.961399 0.639209 0.545302 1.170871 0.756864 1.967230 1.789117 0.000000 0.209642 1.748312
0.861858 0.138142 1.138142 1.861858 0.842103 1.171041 0.429567 0.335660 1.380513 0.966506 1.823128 1.579475 0.209642 0.000000 1.957953
1.096096 1.903904 0.903904 0.096096 1.199944 0.786913 1.612479 1.706387 0.577440 0.991448 0.218919 0.462572 1.748312 1.957953 0.000000
