25
0.000000 1.000000 2.000000 1.000000 0.279258 0.116640 1.334269 0.718925 1.415188 1.707200 1.228934 1.988217 0.042723 0.962266 1.263086 0.037202 1.058185 1.065912 1.601649 1.651303 1.712547 0.830908 1.821642 1.580402 1.797830
1.000000 0.000000 1.000000 2.000000 0.720742 0.883360 1.665731 1.718925 0.415188 1.292800 0.228934 1.011783 0.957277 0.037734 1.736914 1.037202 1.941815 0.065912 1.398351 0.651303 1.287453 0.169092 1.178358 1.419598 0.797830
2.000000 1.000000 0.000000 1.000000 1.720742 1.883360 0.665731 1.281075 0.584812 0.292800 0.771066 0.011783 1.957277 1.037734 0.736914 1.962798 0.941815 0.934088 0.398351 0.348697 0.287453 1.169092 0.178358 0.419598 0.202170
1.000000 2.000000 1.000000 0.000000 1.279258 1.116640 0.334269 0.281075 1.584812 0.707200 1.771066 0.988217 1.042723 1.962266 0.263086 0.962798 0.058185 1.934088 0.601649 1.348697 0.712547 1.830908 0.821642 0.580402 1.202170
0.279258 0.720742 1.720742 1.279258 0.000000 0.162618 1.613527 0.998183 1.135930 1.986458 0.949676 1.732525 0.236535 0.683007 1.542344 0.316460 1.337443 0.786654 1.880907 1.372045 1.991805 0.551650 1.899100 1.859660 1.518572
0.116640 0.883360 1.883360 1.116640 0.162618 0.000000 1.450909 0.835565 1.298548 1.823840 1.112295 1.895143 0.073917 0.845626 1.379725 0.153842 1.174824 0.949273 1.718289 1.534663 1.829186 0.714269 1.938282 1.697042 1.681191
1.334269 1.665731 0.665731 0.334269 1.613527 1.450909 0.000000 0.615344 1.250543 0.372931 1.436797 0.653948 1.376992 1.703465 0.071183 1.297067 0.276084 1.599819 0.267380 1.014428 0.378278 1.834823 0.487373 0.246133 0.867901
0.718925 1.718925 1.281075 0.281075 0.998183 0.835565 0.615344 0.000000 1.865887 0.988275 1.947859 1.269292 0.761647 1.681190 0.544161 0.681723 0.339260 1.784837 0.882724 1.629772 0.993622 1.549833 1.102717 0.861477 1.483245
1.415188 0.415188 0.584812 1.584812 1.135930 1.298548 1.250543 1.865887 0.000000 0.877612 0.186253 0.596595 1.372465 0.452922 1.321726 1.452390 1.526627 0.349276 0.983163 0.236115 0.872266 0.584280 0.763170 1.004410 0.382643
1.707200 1.292800 0.292800 0.707200 1.986458 1.823840 0.372931 0.988275 0.877612 0.000000 1.063866 0.281017 1.749923 1.330534 0.444114 1.669998 0.649015 1.226888 0.105551 0.641497 0.005347 1.461892 0.114442 0.126798 0.494970
1.228934 0.228934 0.771066 1.771066 0.949676 1.112295 1.436797 1.947859 0.186253 1.063866 0.000000 0.782848 1.186212 0.266669 1.507980 1.266136 1.712881 0.163022 1.169417 0.422368 1.058519 0.398026 0.949423 1.190664 0.568896
1.988217 1.011783 0.011783 0.988217 1.732525 1.895143 0.653948 1.269292 0.596595 0.281017 0.782848 0.000000 1.969060 1.049517 0.725132 1.951015 0.930033 0.945870 0.386568 0.360480 0.275671 1.180875 0.166575 0.407815 0.213952
0.042723 0.957277 1.957277 1.042723 0.236535 0.073917 1.376992 0.761647 1.372465 1.749923 1.186212 1.969060 0.000000 0.919543 1.305808 0.079925 1.100907 1.023190 1.644372 1.608580 1.755269 0.788186 1.864365 1.623124 1.755108
0.962266 0.037734 1.037734 1.962266 0.683007 0.845626 1.703465 1.681190 0.452922 1.330534 0.266669 1.049517 0.919543 0.000000 1.774649 0.999468 1.979550 0.103647 1.436085 0.689037 1.325188 0.131357 1.216092 1.457333 0.835565
1.263086 1.736914 0.736914 0.263086 1.542344 1.379725 0.071183 0.544161 1.321726 0.444114 1.507980 0.725132 1.305808 1.774649 0.000000 1.225884 0.204901 1.671002 0.338563 1.085611 0.449461 1.906006 0.558557 0.317316 0.939084
0.037202 1.037202 1.962798 0.962798 0.316460 0.153842 1.297067 0.681723 1.452390 1.669998 1.266136 1.951015 0.079925 0.999468 1.225884 0.000000 1.020983 1.103114 1.564447 1.688505 1.675345 0.868110 1.784440 1.543200 1.835032
1.058185 1.941815 0.941815 0.058185 1.337443 1.174824 0.276084 0.339260 1.526627 0.649015 1.712881 0.930033 1.100907 1.979550 0.204901 1.020983 0.000000 1.875903 0.543464 1.290512 0.654362 1.889093 0.763458 0.522217 1.143985
1.065912 0.065912 0.934088 1.934088 0.786654 0.949273 1.599819 1.784837 0.349276 1.226888 0.163022 0.945870 1.023190 0.103647 1.671002 1.103114 1.875903 0.000000 1.332439 0.585391 1.221541 0.235004 1.112445 1.353686 0.731918
1.601649 1.398351 0.398351 0.601649 1.880907 1.718289 0.267380 0.882724 0.983163 0.105551 1.169417 0.386568 1.644372 1.436085 0.338563 1.564447 0.543464 1.332439 0.000000 0.747048 0.110898 1.567443 0.219993 0.021247 0.600521
1.651303 0.651303 0.348697 1.348697 1.372045 1.534663 1.014428 1.629772 0.236115 0.641497 0.422368 0.360480 1.608580 0.689037 1.085611 1.688505 1.290512 0.585391 0.747048 0.000000 0.636151 0.820395 0.527055 0.768295 0.146528
1.712547 1.287453 0.287453 0.712547 1.991805 1.829186 0.378278 0.993622 0.872266 0.005347 1.058519 0.275671 1.755269 1.325188 0.449461 1.675345 0.654362 1.221541 0.110898 0.636151 0.000000 1.456545 0.109096 0.132145 0.489623
0.830908 0.169092 1.169092 1.830908 0.551650 0.714269 1.834823 1.549833 0.584280 1.461892 0.398026 1.180875 0.788186 0.131357 1.906006 0.868110 1.889093 0.235004 1.567443 0.820395 1.456545 0.000000 1.347450 1.588690 0.966922
1.821642 1.178358 0.178358 0.821642 1.899100 1.938282 0.487373 1.102717 0.763170 0.114442 0.949423 0.166575 1.864365 1.216092 0.558557 1.784440 0.763458 1.112445 0.219993 0.527055 0.109096 1.347450 0.000000 0.241240 0.380527
1.580402 1.419598 0.419598 0.580402 1.859660 1.697042 0.246133 0.861477 1.004410 0.126798 1.190664 0.407815 1.623124 1.457333 0.317316 1.543200 0.522217 1.353686 0.021247 0.768295 0.132145 1.588690 0.241240 0.000000 0.621768
1.797830 0.797830 0.202170 1.202170 1.518572 1.681191 0.867901 1.483245 0.382643 0.494970 0.568896 0.213952 1.755108 0.835565 0.939084 1.835032 1.143985 0.731918 0.600521 0.146528 0.489623 0.966922 0.380527 0.621768 0.000000
