15
0.000000 1.000000 2.000000 1.000000 0.231827 0.337407 0.303534 1.288985 0.527643 0.233385 0.406649 1.246079 0.233003 0.067319 1.554918
1.000000 0.000000 1.000000 2.000000 1.231827 1.337407 0.696466 0.288985 1.527643 1.233385 1.406649 1.753921 1.233003 1.067319 0.554918
2.000000 1.000000 0.000000 1.000000 1.768173 1.662593 1.696466 0.711015 1.472357 1.766615 1.593351 0.753921 1.766997 1.932681 0.445082
1.000000 2.000000 1.000000 0.000000 0.768173 0.662593 1.303534 1.711015 0.472357 0.766615 0.593351 0.246079 0.766997 0.932681 1.445082
0.231827 1.231827 1.768173 0.768173 0.000000 0.105580 0.535361 1.520812 0.295816 0.001558 0.174823 1.014252 0.001176 0.164507 1.786745
0.337407 1.337407 1.662593 0.662593 0.105580 0.000000 0.640941 1.626392 0.190236 0.104022 0.069242 0.908672 0.104404 0.270088 1.892325
0.303534 0.696466 1.696466 1.303534 0.535361 0.640941 0.000000 0.985451 0.831177 0.536919 0.710184 1.549613 0.536537 0.370854 1.251384
1.288985 0.288985 0.711015 1.711015 1.520812 1.626392 0.985451 0.000000 1.816628 1.522370 1.695634 1.464936 1.521988 1.356305 0.265933
0.527643 1.527643 1.472357 0.472357 0.295816 0.190236 0.831177 1.816628 0.000000 0.294258 0.120994 0.718436 0.294640 0.460323 1.917439
0.233385 1.233385 1.766615 0.766615 0.001558 0.104022 0.536919 1.522370 0.294258 0.000000 0.173264 1.012694 0.000382 0.166066 1.788303
0.406649 1.406649 1.593351 0.593351 0.174823 0.069242 0.710184 1.695634 0.120994 0.173264 0.000000 0.839430 0.173646 0.339330 1.961567
1.246079 1.753921 0.753921 0.246079 1.014252 0.908672 1.549613 1.464936 0.718436 1.012694 0.839430 0.000000 1.013076 1.178760 1.199003
0.233003 1.233003 1.766997 0.766997 0.001176 0.104404 0.536537 1.521988 0.294640 0.000382 0.173646 1.013076 0.000000 0.165684 1.787921
0.067319 1.067319 1.932681 0.932681 0.164507 0.270088 0.370854 1.356305 0.460323 0.166066 0.339330 1.178760 0.165684 0.000000 1.622238
1.554918 0.554918 0.445082 1.445082 1.786745 1.892325 1.251384 0.265933 1.917439 1.788303 1.961567 1.199003 1.787921 1.622238 0.000000
