50
0.000000 1.000000 2.000000 1.000000 0.128825 0.498821 0.976303 0.651062 1.969395 1.041620 1.273471 0.498305 1.395158 0.980032 0.383115 1.030714 1.120563 1.751969 1.659575 0.997688 0.015653 0.721565 0.352866 0.401455 0.816036 0.737916 0.426661 1.551014 0.106752 1.573524 0.871032 1.914551 1.911591 1.565110 0.972102 1.879519 0.295920 0.285941 1.937640 1.090131 1.501352 1.380071 0.009770 0.901326 1.886590 1.900202 1.523933 0.075710 0.881363 1.180226
1.000000 0.000000 1.000000 2.000000 0.871175 0.501179 1.976303 0.348938 0.969395 1.958380 1.726529 1.498305 0.395158 0.019968 0.616885 0.030714 1.879437 1.248031 1.340425 0.002312 0.984347 1.721565 0.647134 1.401455 1.816036 1.737916 0.573339 1.448986 0.893248 1.426476 0.128968 1.085449 0.911591 1.434890 1.972102 1.120481 0.704080 0.714059 0.937640 1.909869 1.498648 0.380071 0.990230 1.901326 0.886590 1.099798 0.523933 1.075710 1.881363 1.819774
2.000000 1.000000 0.000000 1.000000 1.871175 1.501179 1.023697 1.348938 0.030605 0.958380 0.726529 1.501695 0.604842 1.019968 1.616885 0.969286 0.879437 0.248031 0.340425 1.002312 1.984347 1.278435 1.647134 1.598545 1.183964 1.262084 1.573339 0.448986 1.893248 0.426476 1.128968 0.085449 0.088409 0.434890 1.027898 0.120481 1.704080 1.714059 0.062360 0.909869 0.498648 0.619929 1.990230 1.098674 0.113410 0.099798 0.476067 1.924290 1.118637 0.819774
1.000000 2.000000 1.000000 0.000000 1.128825 1.498821 0.023697 1.651062 1.030605 0.041620 0.273471 0.501695 1.604842 1.980032 1.383115 1.969286 0.120563 0.751969 0.659575 1.997688 1.015653 0.278435 1.352866 0.598545 0.183964 0.262084 1.426661 0.551014 1.106752 0.573524 1.871032 0.914551 1.088409 0.565110 0.027898 0.879519 1.295920 1.285941 1.062360 0.090131 0.501352 1.619929 1.009770 0.098674 1.113410 0.900202 1.476067 0.924290 0.118637 0.180226
0.128825 0.871175 1.871175 1.128825 0.000000 0.369997 1.105128 0.522238 1.840570 1.170445 1.402295 0.627129 1.266333 0.851207 0.254291 0.901889 1.249388 1.880793 1.788400 0.868864 0.113172 0.850390 0.224042 0.530279 0.944860 0.866740 0.297837 1.679838 0.022072 1.702349 0.742207 1.956624 1.782767 1.693935 1.100927 1.991656 0.167096 0.157116 1.808815 1.218956 1.630177 1.251247 0.119055 1.030150 1.757765 1.970973 1.395108 0.204535 1.010188 1.309051
0.498821 0.501179 1.501179 1.498821 0.369997 0.000000 1.475125 0.152241 1.470573 1.540442 1.772292 0.997126 0.896337 0.481211 0.115706 0.531893 1.619384 1.749210 1.841604 0.498867 0.483169 1.220387 0.145955 0.900276 1.314857 1.236737 0.072160 1.950165 0.392069 1.927654 0.372211 1.586628 1.412770 1.936069 1.470923 1.621660 0.202901 0.212880 1.438819 1.588952 1.999827 0.881250 0.489052 1.400147 1.387768 1.600977 1.025112 0.574531 1.380185 1.679047
0.976303 1.976303 1.023697 0.023697 1.105128 1.475125 0.000000 1.627366 1.054302 0.065317 0.297168 0.477999 1.628539 1.956335 1.359419 1.992983 0.144260 0.775665 0.683272 1.973991 0.991956 0.254738 1.329170 0.574849 0.160267 0.238388 1.402965 0.574710 1.083056 0.597221 1.847335 0.938248 1.112106 0.588807 0.004201 0.903216 1.272224 1.262244 1.086057 0.113828 0.525049 1.643625 0.986073 0.074978 1.137107 0.923899 1.499764 0.900593 0.094940 0.203923
0.651062 0.348938 1.348938 1.651062 0.522238 0.152241 1.627366 0.000000 1.318332 1.692683 1.924533 1.149367 0.744095 0.328969 0.267947 0.379651 1.771625 1.596969 1.689362 0.346626 0.635410 1.372628 0.298196 1.052517 1.467098 1.388978 0.224401 1.797924 0.544310 1.775413 0.219969 1.434386 1.260529 1.783828 1.623165 1.469419 0.355142 0.365122 1.286577 1.741193 1.847586 0.729009 0.641293 1.552388 1.235527 1.448736 0.872870 0.726773 1.532426 1.831288
1.969395 0.969395 0.030605 1.030605 1.840570 1.470573 1.054302 1.318332 0.000000 0.988985 0.757134 1.532301 0.574237 0.989363 1.586279 0.938681 0.910042 0.278637 0.371030 0.971706 1.953742 1.309040 1.616528 1.629151 1.214570 1.292690 1.542733 0.479592 1.862642 0.457081 1.098363 0.116054 0.057804 0.465495 1.058503 0.151086 1.673474 1.683454 0.031755 0.940474 0.529253 0.589323 1.959625 1.129280 0.082805 0.130403 0.445462 1.954895 1.149242 0.850379
1.041620 1.958380 0.958380 0.041620 1.170445 1.540442 0.065317 1.692683 0.988985 0.000000 0.231851 0.543316 1.563222 1.978348 1.424736 1.927666 0.078943 0.710348 0.617955 1.960692 1.057273 0.320055 1.394487 0.640166 0.225585 0.303705 1.468282 0.509393 1.148373 0.531904 1.912652 0.872931 1.046789 0.523490 0.069518 0.837899 1.337541 1.327561 1.020740 0.048511 0.459732 1.578308 1.051390 0.140295 1.071790 0.858582 1.434447 0.965910 0.160257 0.138606
1.273471 1.726529 0.726529 0.273471 1.402295 1.772292 0.297168 1.924533 0.757134 0.231851 0.000000 0.775166 1.331371 1.746497 1.656586 1.695815 0.152908 0.478498 0.386104 1.728841 1.289124 0.551906 1.626337 0.872016 0.457435 0.535555 1.700132 0.277543 1.380223 0.300054 1.855497 0.641080 0.814938 0.291639 0.301369 0.606048 1.569391 1.559412 0.788889 0.183340 0.227881 1.346458 1.283241 0.372145 0.839939 0.626731 1.202596 1.197761 0.392107 0.093245
0.498305 1.498305 1.501695 0.501695 0.627129 0.997126 0.477999 1.149367 1.532301 0.543316 0.775166 0.000000 1.893462 1.478336 0.881420 1.529018 0.622258 1.253664 1.161271 1.495993 0.513957 0.223261 0.851171 0.096850 0.317731 0.239611 0.924966 1.052709 0.605057 1.075220 1.369336 1.416246 1.590104 1.066805 0.473798 1.381214 0.794225 0.784246 1.564056 0.591826 1.003047 1.878376 0.508074 0.403021 1.615106 1.401897 1.977763 0.422594 0.383059 0.681921
1.395158 0.395158 0.604842 1.604842 1.266333 0.896337 1.628539 0.744095 0.574237 1.563222 1.331371 1.893462 0.000000 0.415126 1.012042 0.364444 1.484279 0.852874 0.945267 0.397470 1.379505 1.883277 1.042291 1.796612 1.788806 1.866926 0.968496 1.053829 1.288405 1.031318 0.524126 0.690291 0.516433 1.039732 1.632740 0.725323 1.099237 1.109217 0.542482 1.514711 1.103490 0.015087 1.385388 1.703517 0.491432 0.704640 0.128775 1.470868 1.723479 1.424616
0.980032 0.019968 1.019968 1.980032 0.851207 0.481211 1.956335 0.328969 0.989363 1.978348 1.746497 1.478336 0.415126 0.000000 0.596916 0.050682 1.899405 1.268000 1.360393 0.017656 0.964379 1.701597 0.627165 1.381486 1.796068 1.717948 0.553370 1.468955 0.873279 1.446444 0.109000 1.105417 0.931559 1.454858 1.952134 1.140449 0.684111 0.694091 0.957608 1.929837 1.518616 0.400039 0.970262 1.881357 0.906558 1.119766 0.543901 1.055742 1.861395 1.839742
0.383115 0.616885 1.616885 1.383115 0.254291 0.115706 1.359419 0.267947 1.586279 1.424736 1.656586 0.881420 1.012042 0.596916 0.000000 0.647599 1.503678 1.864916 1.957310 0.614573 0.367463 1.104681 0.030249 0.784570 1.199151 1.121031 0.043546 1.934129 0.276363 1.956640 0.487917 1.702334 1.528476 1.948225 1.355218 1.737366 0.087195 0.097174 1.554524 1.473246 1.884467 0.996956 0.373346 1.284441 1.503474 1.716683 1.140818 0.458826 1.264479 1.563341
1.030714 0.030714 0.969286 1.969286 0.901889 0.531893 1.992983 0.379651 0.938681 1.927666 1.695815 1.529018 0.364444 0.050682 0.647599 0.000000 1.848723 1.217317 1.309711 0.033026 1.015061 1.752279 0.677847 1.432168 1.846750 1.768630 0.604052 1.418273 0.923962 1.395762 0.159682 1.054735 0.880877 1.404176 1.997184 1.089767 0.734793 0.744773 0.906926 1.879155 1.467934 0.349357 1.020944 1.932039 0.855876 1.069084 0.493219 1.106424 1.912077 1.789060
1.120563 1.879437 0.879437 0.120563 1.249388 1.619384 0.144260 1.771625 0.910042 0.078943 0.152908 0.622258 1.484279 1.899405 1.503678 1.848723 0.000000 0.631406 0.539012 1.881749 1.136216 0.398998 1.473429 0.719108 0.304527 0.382647 1.547224 0.430451 1.227315 0.452961 1.991595 0.793988 0.967846 0.444547 0.148461 0.758956 1.416483 1.406504 0.941797 0.030432 0.380789 1.499366 1.130333 0.219237 0.992847 0.779639 1.355504 1.044853 0.239199 0.059663
1.751969 1.248031 0.248031 0.751969 1.880793 1.749210 0.775665 1.596969 0.278637 0.710348 0.478498 1.253664 0.852874 1.268000 1.864916 1.217317 0.631406 0.000000 0.092394 1.250343 1.767621 1.030403 1.895165 1.350514 0.935933 1.014053 1.821370 0.200955 1.858721 0.178444 1.376999 0.162582 0.336440 0.186859 0.779866 0.127550 1.952111 1.962090 0.310392 0.661838 0.250617 0.867960 1.761738 0.850643 0.361442 0.148233 0.724098 1.676258 0.870605 0.571743
1.659575 1.340425 0.340425 0.659575 1.788400 1.841604 0.683272 1.689362 0.371030 0.617955 0.386104 1.161271 0.945267 1.360393 1.957310 1.309711 0.539012 0.092394 0.000000 1.342737 1.675228 0.938010 1.987559 1.258121 0.843539 0.921659 1.913764 0.108561 1.766327 0.086051 1.469393 0.254976 0.428834 0.094465 0.687473 0.219944 1.955496 1.945516 0.402785 0.569444 0.158223 0.960354 1.669345 0.758250 0.453835 0.240627 0.816492 1.583865 0.778212 0.479349
0.997688 0.002312 1.002312 1.997688 0.868864 0.498867 1.973991 0.346626 0.971706 1.960692 1.728841 1.495993 0.397470 0.017656 0.614573 0.033026 1.881749 1.250343 1.342737 0.000000 0.982035 1.719253 0.644822 1.399143 1.813724 1.735604 0.571027 1.451298 0.890936 1.428787 0.126656 1.087761 0.913903 1.437202 1.969790 1.122793 0.701768 0.711747 0.939952 1.912181 1.500960 0.382383 0.987919 1.899014 0.888902 1.102110 0.526245 1.073398 1.879052 1.822086
0.015653 0.984347 1.984347 1.015653 0.113172 0.483169 0.991956 0.635410 1.953742 1.057273 1.289124 0.513957 1.379505 0.964379 0.367463 1.015061 1.136216 1.767621 1.675228 0.982035 0.000000 0.737218 0.337214 0.417107 0.831689 0.753568 0.411009 1.566666 0.091100 1.589177 0.855379 1.930204 1.895938 1.580763 0.987755 1.895172 0.280268 0.270288 1.921987 1.105784 1.517005 1.364419 0.005883 0.916978 1.870937 1.915855 1.508280 0.091363 0.897016 1.195879
0.721565 1.721565 1.278435 0.278435 0.850390 1.220387 0.254738 1.372628 1.309040 0.320055 0.551906 0.223261 1.883277 1.701597 1.104681 1.752279 0.398998 1.030403 0.938010 1.719253 0.737218 0.000000 1.074432 0.320111 0.094471 0.016350 1.148227 0.829448 0.828318 0.851959 1.592597 1.192986 1.366844 0.843545 0.250537 1.157954 1.017486 1.007506 1.340795 0.368566 0.779787 1.898363 0.731335 0.179760 1.391845 1.178637 1.754502 0.645855 0.159798 0.458661
0.352866 0.647134 1.647134 1.352866 0.224042 0.145955 1.329170 0.298196 1.616528 1.394487 1.626337 0.851171 1.042291 0.627165 0.030249 0.677847 1.473429 1.895165 1.987559 0.644822 0.337214 1.074432 0.000000 0.754321 1.168902 1.090782 0.073795 1.903880 0.246114 1.926391 0.518166 1.732583 1.558725 1.917976 1.324969 1.767615 0.056946 0.066925 1.584773 1.442997 1.854218 1.027205 0.343097 1.254192 1.533723 1.746932 1.171067 0.428577 1.234230 1.533092
0.401455 1.401455 1.598545 0.598545 0.530279 0.900276 0.574849 1.052517 1.629151 0.640166 0.872016 0.096850 1.796612 1.381486 0.784570 1.432168 0.719108 1.350514 1.258121 1.399143 0.417107 0.320111 0.754321 0.000000 0.414581 0.336461 0.828116 1.149559 0.508207 1.172070 1.272486 1.513097 1.686954 1.163656 0.570648 1.478064 0.697375 0.687395 1.660906 0.688676 1.099897 1.781526 0.411224 0.499871 1.711956 1.498747 1.925387 0.325744 0.479909 0.778771
0.816036 1.816036 1.183964 0.183964 0.944860 1.314857 0.160267 1.467098 1.214570 0.225585 0.457435 0.317731 1.788806 1.796068 1.199151 1.846750 0.304527 0.935933 0.843539 1.813724 0.831689 0.094471 1.168902 0.414581 0.000000 0.078120 1.242697 0.734978 0.922788 0.757489 1.687068 1.098515 1.272373 0.749074 0.156066 1.063483 1.111956 1.101977 1.246324 0.274095 0.685316 1.803893 0.825805 0.085290 1.297374 1.084166 1.660031 0.740326 0.065328 0.364190
0.737916 1.737916 1.262084 0.262084 0.866740 1.236737 0.238388 1.388978 1.292690 0.303705 0.535555 0.239611 1.866926 1.717948 1.121031 1.768630 0.382647 1.014053 0.921659 1.735604 0.753568 0.016350 1.090782 0.336461 0.078120 0.000000 1.164577 0.813098 0.844668 0.835609 1.608948 1.176635 1.350493 0.827194 0.234186 1.141603 1.033836 1.023857 1.324444 0.352215 0.763436 1.882013 0.747685 0.163410 1.375495 1.162286 1.738151 0.662206 0.143448 0.442310
0.426661 0.573339 1.573339 1.426661 0.297837 0.072160 1.402965 0.224401 1.542733 1.468282 1.700132 0.924966 0.968496 0.553370 0.043546 0.604052 1.547224 1.821370 1.913764 0.571027 0.411009 1.148227 0.073795 0.828116 1.242697 1.164577 0.000000 1.977675 0.319909 1.999814 0.444370 1.658788 1.484930 1.991771 1.398764 1.693820 0.130741 0.140720 1.510978 1.516792 1.928013 0.953410 0.416892 1.327987 1.459928 1.673137 1.097271 0.502372 1.308025 1.606887
1.551014 1.448986 0.448986 0.551014 1.679838 1.950165 0.574710 1.797924 0.479592 0.509393 0.277543 1.052709 1.053829 1.468955 1.934129 1.418273 0.430451 0.200955 0.108561 1.451298 1.566666 0.829448 1.903880 1.149559 0.734978 0.813098 1.977675 0.000000 1.657766 0.022511 1.577955 0.363537 0.537395 0.014096 0.578911 0.328505 1.846934 1.836955 0.511347 0.460883 0.049662 1.068915 1.560783 0.649688 0.562397 0.349188 0.925054 1.475303 0.669650 0.370788
0.106752 0.893248 1.893248 1.106752 0.022072 0.392069 1.083056 0.544310 1.862642 1.148373 1.380223 0.605057 1.288405 0.873279 0.276363 0.923962 1.227315 1.858721 1.766327 0.890936 0.091100 0.828318 0.246114 0.508207 0.922788 0.844668 0.319909 1.657766 0.000000 1.680277 0.764280 1.978697 1.804839 1.671862 1.078855 1.986271 0.189168 0.179189 1.830887 1.196883 1.608104 1.273319 0.096983 1.008078 1.779837 1.993046 1.417181 0.182463 0.988116 1.286978
1.573524 1.426476 0.426476 0.573524 1.702349 1.927654 0.597221 1.775413 0.457081 0.531904 0.300054 1.075220 1.031318 1.446444 1.956640 1.395762 0.452961 0.178444 0.086051 1.428787 1.589177 0.851959 1.926391 1.172070 0.757489 0.835609 1.999814 0.022511 1.680277 0.000000 1.555444 0.341027 0.514884 0.008414 0.601422 0.305995 1.869445 1.859465 0.488836 0.483393 0.072172 1.046404 1.583294 0.672199 0.539886 0.326678 0.902543 1.497814 0.692161 0.393298
0.871032 0.128968 1.128968 1.871032 0.742207 0.372211 1.847335 0.219969 1.098363 1.912652 1.855497 1.369336 0.524126 0.109000 0.487917 0.159682 1.991595 1.376999 1.469393 0.126656 0.855379 1.592597 0.518166 1.272486 1.687068 1.608948 0.444370 1.577955 0.764280 1.555444 0.000000 1.214417 1.040559 1.563858 1.843134 1.249449 0.575111 0.585091 1.066608 1.961163 1.627616 0.509039 0.861262 1.772357 1.015558 1.228766 0.652901 0.946742 1.752395 1.948742
1.914551 1.085449 0.085449 0.914551 1.956624 1.586628 0.938248 1.434386 0.116054 0.872931 0.641080 1.416246 0.690291 1.105417 1.702334 1.054735 0.793988 0.162582 0.254976 1.087761 1.930204 1.192986 1.732583 1.513097 1.098515 1.176635 1.658788 0.363537 1.978697 0.341027 1.214417 0.000000 0.173858 0.349441 0.942449 0.035032 1.789528 1.799508 0.147809 0.824420 0.413199 0.705378 1.924321 1.013226 0.198859 0.014349 0.561516 1.838841 1.033188 0.734325
1.911591 0.911591 0.088409 1.088409 1.782767 1.412770 1.112106 1.260529 0.057804 1.046789 0.814938 1.590104 0.516433 0.931559 1.528476 0.880877 0.967846 0.336440 0.428834 0.913903 1.895938 1.366844 1.558725 1.686954 1.272373 1.350493 1.484930 0.537395 1.804839 0.514884 1.040559 0.173858 0.000000 0.523299 1.116307 0.208890 1.615671 1.625650 0.026049 0.998278 0.587057 0.531520 1.901822 1.187083 0.025001 0.188207 0.387658 1.987301 1.207045 0.908183
1.565110 1.434890 0.434890 0.565110 1.693935 1.936069 0.588807 1.783828 0.465495 0.523490 0.291639 1.066805 1.039732 1.454858 1.948225 1.404176 0.444547 0.186859 0.094465 1.437202 1.580763 0.843545 1.917976 1.163656 0.749074 0.827194 1.991771 0.014096 1.671862 0.008414 1.563858 0.349441 0.523299 0.000000 0.593008 0.314409 1.861030 1.851051 0.497250 0.474979 0.063758 1.054819 1.574880 0.663785 0.548300 0.335092 0.910957 1.489400 0.683747 0.384884
0.972102 1.972102 1.027898 0.027898 1.100927 1.470923 0.004201 1.623165 1.058503 0.069518 0.301369 0.473798 1.632740 1.952134 1.355218 1.997184 0.148461 0.779866 0.687473 1.969790 0.987755 0.250537 1.324969 0.570648 0.156066 0.234186 1.398764 0.578911 1.078855 0.601422 1.843134 0.942449 1.116307 0.593008 0.000000 0.907417 1.268023 1.258043 1.090258 0.118029 0.529250 1.647826 0.981872 0.070777 1.141308 0.928100 1.503965 0.896392 0.090739 0.208124
1.879519 1.120481 0.120481 0.879519 1.991656 1.621660 0.903216 1.469419 0.151086 0.837899 0.606048 1.381214 0.725323 1.140449 1.737366 1.089767 0.758956 0.127550 0.219944 1.122793 1.895172 1.157954 1.767615 1.478064 1.063483 1.141603 1.693820 0.328505 1.986271 0.305995 1.249449 0.035032 0.208890 0.314409 0.907417 0.000000 1.824561 1.834540 0.182841 0.789388 0.378167 0.740410 1.889289 0.978193 0.233891 0.020683 0.596548 1.803809 0.998156 0.699293
0.295920 0.704080 1.704080 1.295920 0.167096 0.202901 1.272224 0.355142 1.673474 1.337541 1.569391 0.794225 1.099237 0.684111 0.087195 0.734793 1.416483 1.952111 1.955496 0.701768 0.280268 1.017486 0.056946 0.697375 1.111956 1.033836 0.130741 1.846934 0.189168 1.869445 0.575111 1.789528 1.615671 1.861030 1.268023 1.824561 0.000000 0.009980 1.641719 1.386051 1.797272 1.084151 0.286151 1.197246 1.590669 1.803878 1.228012 0.371631 1.177284 1.476146
0.285941 0.714059 1.714059 1.285941 0.157116 0.212880 1.262244 0.365122 1.683454 1.327561 1.559412 0.784246 1.109217 0.694091 0.097174 0.744773 1.406504 1.962090 1.945516 0.711747 0.270288 1.007506 0.066925 0.687395 1.101977 1.023857 0.140720 1.836955 0.179189 1.859465 0.585091 1.799508 1.625650 1.851051 1.258043 1.834540 0.009980 0.000000 1.651699 1.376072 1.787293 1.094130 0.276171 1.187266 1.600649 1.813857 1.237992 0.361651 1.167304 1.466167
1.937640 0.937640 0.062360 1.062360 1.808815 1.438819 1.086057 1.286577 0.031755 1.020740 0.788889 1.564056 0.542482 0.957608 1.554524 0.906926 0.941797 0.310392 0.402785 0.939952 1.921987 1.340795 1.584773 1.660906 1.246324 1.324444 1.510978 0.511347 1.830887 0.488836 1.066608 0.147809 0.026049 0.497250 1.090258 0.182841 1.641719 1.651699 0.000000 0.972229 0.561008 0.557568 1.927870 1.161035 0.051050 0.162158 0.413707 1.986650 1.180997 0.882134
1.090131 1.909869 0.909869 0.090131 1.218956 1.588952 0.113828 1.741193 0.940474 0.048511 0.183340 0.591826 1.514711 1.929837 1.473246 1.879155 0.030432 0.661838 0.569444 1.912181 1.105784 0.368566 1.442997 0.688676 0.274095 0.352215 1.516792 0.460883 1.196883 0.483393 1.961163 0.824420 0.998278 0.474979 0.118029 0.789388 1.386051 1.376072 0.972229 0.000000 0.411221 1.529798 1.099901 0.188805 1.023279 0.810071 1.385936 1.014421 0.208768 0.090095
1.501352 1.498648 0.498648 0.501352 1.630177 1.999827 0.525049 1.847586 0.529253 0.459732 0.227881 1.003047 1.103490 1.518616 1.884467 1.467934 0.380789 0.250617 0.158223 1.500960 1.517005 0.779787 1.854218 1.099897 0.685316 0.763436 1.928013 0.049662 1.608104 0.072172 1.627616 0.413199 0.587057 0.063758 0.529250 0.378167 1.797272 1.787293 0.561008 0.411221 0.000000 1.118577 1.511122 0.600026 0.612058 0.398850 0.974715 1.425642 0.619988 0.321126
1.380071 0.380071 0.619929 1.619929 1.251247 0.881250 1.643625 0.729009 0.589323 1.578308 1.346458 1.878376 0.015087 0.400039 0.996956 0.349357 1.499366 0.867960 0.960354 0.382383 1.364419 1.898363 1.027205 1.781526 1.803893 1.882013 0.953410 1.068915 1.273319 1.046404 0.509039 0.705378 0.531520 1.054819 1.647826 0.740410 1.084151 1.094130 0.557568 1.529798 1.118577 0.000000 1.370302 1.718603 0.506518 0.719727 0.143862 1.455782 1.738565 1.439703
0.009770 0.990230 1.990230 1.009770 0.119055 0.489052 0.986073 0.641293 1.959625 1.051390 1.283241 0.508074 1.385388 0.970262 0.373346 1.020944 1.130333 1.761738 1.669345 0.987919 0.005883 0.731335 0.343097 0.411224 0.825805 0.747685 0.416892 1.560783 0.096983 1.583294 0.861262 1.924321 1.901822 1.574880 0.981872 1.889289 0.286151 0.276171 1.927870 1.099901 1.511122 1.370302 0.000000 0.911095 1.876820 1.909972 1.514163 0.085480 0.891133 1.189996
0.901326 1.901326 1.098674 0.098674 1.030150 1.400147 0.074978 1.552388 1.129280 0.140295 0.372145 0.403021 1.703517 1.881357 1.284441 1.932039 0.219237 0.850643 0.758250 1.899014 0.916978 0.179760 1.254192 0.499871 0.085290 0.163410 1.327987 0.649688 1.008078 0.672199 1.772357 1.013226 1.187083 0.663785 0.070777 0.978193 1.197246 1.187266 1.161035 0.188805 0.600026 1.718603 0.911095 0.000000 1.212085 0.998876 1.574742 0.825615 0.019962 0.278900
1.886590 0.886590 0.113410 1.113410 1.757765 1.387768 1.137107 1.235527 0.082805 1.071790 0.839939 1.615106 0.491432 0.906558 1.503474 0.855876 0.992847 0.361442 0.453835 0.888902 1.870937 1.391845 1.533723 1.711956 1.297374 1.375495 1.459928 0.562397 1.779837 0.539886 1.015558 0.198859 0.025001 0.548300 1.141308 0.233891 1.590669 1.600649 0.051050 1.023279 0.612058 0.506518 1.876820 1.212085 0.000000 0.213208 0.362657 1.962300 1.232047 0.933184
1.900202 1.099798 0.099798 0.900202 1.970973 1.600977 0.923899 1.448736 0.130403 0.858582 0.626731 1.401897 0.704640 1.119766 1.716683 1.069084 0.779639 0.148233 0.240627 1.102110 1.915855 1.178637 1.746932 1.498747 1.084166 1.162286 1.673137 0.349188 1.993046 0.326678 1.228766 0.014349 0.188207 0.335092 0.928100 0.020683 1.803878 1.813857 0.162158 0.810071 0.398850 0.719727 1.909972 0.998876 0.213208 0.000000 0.575865 1.824492 1.018839 0.719976
1.523933 0.523933 0.476067 1.476067 1.395108 1.025112 1.499764 0.872870 0.445462 1.434447 1.202596 1.977763 0.128775 0.543901 1.140818 0.493219 1.355504 0.724098 0.816492 0.526245 1.508280 1.754502 1.171067 1.925387 1.660031 1.738151 1.097271 0.925054 1.417181 0.902543 0.652901 0.561516 0.387658 0.910957 1.503965 0.596548 1.228012 1.237992 0.413707 1.385936 0.974715 0.143862 1.514163 1.574742 0.362657 0.575865 0.000000 1.599643 1.594704 1.295841
0.075710 1.075710 1.924290 0.924290 0.204535 0.574531 0.900593 0.726773 1.954895 0.965910 1.197761 0.422594 1.470868 1.055742 0.458826 1.106424 1.044853 1.676258 1.583865 1.073398 0.091363 0.645855 0.428577 0.325744 0.740326 0.662206 0.502372 1.475303 0.182463 1.497814 0.946742 1.838841 1.987301 1.489400 0.896392 1.803809 0.371631 0.361651 1.986650 1.014421 1.425642 1.455782 0.085480 0.825615 1.962300 1.824492 1.599643 0.000000 0.805653 1.104516
0.881363 1.881363 1.118637 0.118637 1.010188 1.380185 0.094940 1.532426 1.149242 0.160257 0.392107 0.383059 1.723479 1.861395 1.264479 1.912077 0.239199 0.870605 0.778212 1.879052 0.897016 0.159798 1.234230 0.479909 0.065328 0.143448 1.308025 0.669650 0.988116 0.692161 1.752395 1.033188 1.207045 0.683747 0.090739 0.998156 1.177284 1.167304 1.180997 0.208768 0.619988 1.738565 0.891133 0.019962 1.232047 1.018839 1.594704 0.805653 0.000000 0.298863
1.180226 1.819774 0.819774 0.180226 1.309051 1.679047 0.203923 1.831288 0.850379 0.138606 0.093245 0.681921 1.424616 1.839742 1.563341 1.789060 0.059663 0.571743 0.479349 1.822086 1.195879 0.458661 1.533092 0.778771 0.364190 0.442310 1.606887 0.370788 1.286978 0.393298 1.948742 0.734325 0.908183 0.384884 0.208124 0.699293 1.476146 1.466167 0.882134 0.090095 0.321126 1.439703 1.189996 0.278900 0.933184 0.719976 1.295841 1.104516 0.298863 0.000000
