30
0.000000 1.000000 2.000000 1.000000 1.841626 1.937050 0.927949 1.127404 0.930424 1.505811 1.543653 1.713495 0.838086 0.684401 0.089996 1.973412 1.572260 1.484974 1.991615 0.034399 1.214327 0.761648 0.903453 0.580754 1.824055 1.482425 0.843563 0.750141 0.326912 1.080366
1.000000 0.000000 1.000000 2.000000 0.841626 0.937050 1.927949 0.127404 1.930424 1.494189 0.543653 0.713495 1.838086 1.684401 0.910004 1.026588 1.427740 1.515026 1.008385 0.965601 0.214327 1.761648 0.096547 1.580754 1.175945 0.482425 1.843563 1.750141 0.673088 1.919634
2.000000 1.000000 0.000000 1.000000 0.158374 0.062950 1.072051 0.872596 1.069576 0.494189 0.456347 0.286505 1.161914 1.315599 1.910004 0.026588 0.427740 0.515026 0.008385 1.965601 0.785673 1.238352 1.096547 1.419246 0.175945 0.517575 1.156437 1.249859 1.673088 0.919634
1.000000 2.000000 1.000000 0.000000 1.158374 1.062950 0.072051 1.872596 0.069576 0.505811 1.456347 1.286505 0.161914 0.315599 1.089996 0.973412 0.572260 0.484974 0.991615 1.034399 1.785673 0.238352 1.903453 0.419246 0.824055 1.517575 0.156437 0.249859 1.326912 0.080366
1.841626 0.841626 0.158374 1.158374 0.000000 0.095424 1.230425 0.714222 1.227950 0.652563 0.297972 0.128131 1.320288 1.473973 1.751630 0.184963 0.586114 0.673400 0.166759 1.807227 0.627299 1.396726 0.938173 1.577620 0.334319 0.359201 1.314811 1.408233 1.514714 1.078008
1.937050 0.937050 0.062950 1.062950 0.095424 0.000000 1.135002 0.809646 1.132526 0.557139 0.393396 0.223554 1.224864 1.378549 1.847054 0.089539 0.490690 0.577976 0.071335 1.902651 0.722723 1.301302 1.033597 1.482196 0.238895 0.454624 1.219388 1.312809 1.610138 0.982584
0.927949 1.927949 1.072051 0.072051 1.230425 1.135002 0.000000 1.944648 0.002475 0.577863 1.528398 1.358556 0.089863 0.243548 1.017945 1.045463 0.644311 0.557025 1.063666 0.962347 1.857724 0.166301 1.831402 0.347194 0.896106 1.589626 0.084386 0.177807 1.254860 0.152418
1.127404 0.127404 0.872596 1.872596 0.714222 0.809646 1.944648 0.000000 1.942172 1.366785 0.416250 0.586092 1.965490 1.811805 1.037408 0.899185 1.300336 1.387622 0.880981 1.093005 0.086923 1.889052 0.223951 1.708158 1.048541 0.355022 1.970966 1.877545 0.800492 1.792230
0.930424 1.930424 1.069576 0.069576 1.227950 1.132526 0.002475 1.942172 0.000000 0.575387 1.525923 1.356081 0.092338 0.246023 1.020420 1.042988 0.641836 0.554550 1.061191 0.964823 1.855249 0.168776 1.833877 0.349670 0.893631 1.587151 0.086861 0.180282 1.257335 0.149942
1.505811 1.494189 0.494189 0.505811 0.652563 0.557139 0.577863 1.366785 0.575387 0.000000 0.950535 0.780693 0.667725 0.821410 1.595807 0.467600 0.066449 0.020837 0.485804 1.540210 1.279862 0.744163 1.590736 0.925057 0.318244 1.011763 0.662249 0.755670 1.832723 0.425445
1.543653 0.543653 0.456347 1.456347 0.297972 0.393396 1.528398 0.416250 1.525923 0.950535 0.000000 0.169842 1.618261 1.771946 1.453657 0.482935 0.884087 0.971372 0.464732 1.509255 0.329326 1.694698 0.640200 1.875592 0.632292 0.061228 1.612784 1.706205 1.216742 1.375980
1.713495 0.713495 0.286505 1.286505 0.128131 0.223554 1.358556 0.586092 1.356081 0.780693 0.169842 0.000000 1.448419 1.602104 1.623499 0.313093 0.714245 0.801530 0.294890 1.679097 0.499168 1.524857 0.810042 1.705750 0.462450 0.231070 1.442942 1.536363 1.386584 1.206138
0.838086 1.838086 1.161914 0.161914 1.320288 1.224864 0.089863 1.965490 0.092338 0.667725 1.618261 1.448419 0.000000 0.153685 0.928082 1.135325 0.734174 0.646888 1.153529 0.872485 1.947587 0.076438 1.741539 0.257332 0.985969 1.679489 0.005477 0.087945 1.164998 0.242280
0.684401 1.684401 1.315599 0.315599 1.473973 1.378549 0.243548 1.811805 0.246023 0.821410 1.771946 1.602104 0.153685 0.000000 0.774397 1.289011 0.887859 0.800573 1.307214 0.718800 1.898728 0.077247 1.587854 0.103647 1.139654 1.833174 0.159162 0.065740 1.011313 0.395965
0.089996 0.910004 1.910004 1.089996 1.751630 1.847054 1.017945 1.037408 1.020420 1.595807 1.453657 1.623499 0.928082 0.774397 0.000000 1.936592 1.662256 1.574970 1.918389 0.055597 1.124331 0.851644 0.813457 0.670750 1.914051 1.392429 0.933559 0.840137 0.236915 1.170362
1.973412 1.026588 0.026588 0.973412 0.184963 0.089539 1.045463 0.899185 1.042988 0.467600 0.482935 0.313093 1.135325 1.289011 1.936592 0.000000 0.401152 0.488437 0.018203 1.992190 0.812261 1.211763 1.123135 1.392657 0.149356 0.544163 1.129849 1.223270 1.699677 0.893045
1.572260 1.427740 0.427740 0.572260 0.586114 0.490690 0.644311 1.300336 0.641836 0.066449 0.884087 0.714245 0.734174 0.887859 1.662256 0.401152 0.000000 0.087286 0.419355 1.606659 1.213413 0.810612 1.524287 0.991506 0.251795 0.945315 0.728697 0.822119 1.899172 0.491894
1.484974 1.515026 0.515026 0.484974 0.673400 0.577976 0.557025 1.387622 0.554550 0.020837 0.971372 0.801530 0.646888 0.800573 1.574970 0.488437 0.087286 0.000000 0.506641 1.519373 1.300699 0.723326 1.611573 0.904220 0.339081 1.032600 0.641412 0.734833 1.811886 0.404608
1.991615 1.008385 0.008385 0.991615 0.166759 0.071335 1.063666 0.880981 1.061191 0.485804 0.464732 0.294890 1.153529 1.307214 1.918389 0.018203 0.419355 0.506641 0.000000 1.973986 0.794058 1.229967 1.104932 1.410861 0.167560 0.525960 1.148052 1.241473 1.681474 0.911249
0.034399 0.965601 1.965601 1.034399 1.807227 1.902651 0.962347 1.093005 0.964823 1.540210 1.509255 1.679097 0.872485 0.718800 0.055597 1.992190 1.606659 1.519373 1.973986 0.000000 1.179928 0.796047 0.869054 0.615153 1.858454 1.448027 0.877961 0.784540 0.292513 1.114765
1.214327 0.214327 0.785673 1.785673 0.627299 0.722723 1.857724 0.086923 1.855249 1.279862 0.329326 0.499168 1.947587 1.898728 1.124331 0.812261 1.213413 1.300699 0.794058 1.179928 0.000000 1.975975 0.310874 1.795081 0.961618 0.268098 1.942110 1.964468 0.887415 1.705307
0.761648 1.761648 1.238352 0.238352 1.396726 1.301302 0.166301 1.889052 0.168776 0.744163 1.694698 1.524857 0.076438 0.077247 0.851644 1.211763 0.810612 0.723326 1.229967 0.796047 1.975975 0.000000 1.665101 0.180894 1.062407 1.755927 0.081915 0.011507 1.088560 0.318718
0.903453 0.096547 1.096547 1.903453 0.938173 1.033597 1.831402 0.223951 1.833877 1.590736 0.640200 0.810042 1.741539 1.587854 0.813457 1.123135 1.524287 1.611573 1.104932 0.869054 0.310874 1.665101 0.000000 1.484207 1.272492 0.578972 1.747016 1.653594 0.576541 1.983819
0.580754 1.580754 1.419246 0.419246 1.577620 1.482196 0.347194 1.708158 0.349670 0.925057 1.875592 1.705750 0.257332 0.103647 0.670750 1.392657 0.991506 0.904220 1.410861 0.615153 1.795081 0.180894 1.484207 0.000000 1.243301 1.936820 0.262808 0.169387 0.907666 0.499612
1.824055 1.175945 0.175945 0.824055 0.334319 0.238895 0.896106 1.048541 0.893631 0.318244 0.632292 0.462450 0.985969 1.139654 1.914051 0.149356 0.251795 0.339081 0.167560 1.858454 0.961618 1.062407 1.272492 1.243301 0.000000 0.693520 0.980492 1.073914 1.849033 0.743689
1.482425 0.482425 0.517575 1.517575 0.359201 0.454624 1.589626 0.355022 1.587151 1.011763 0.061228 0.231070 1.679489 1.833174 1.392429 0.544163 0.945315 1.032600 0.525960 1.448027 0.268098 1.755927 0.578972 1.936820 0.693520 0.000000 1.674012 1.767433 1.155514 1.437208
0.843563 1.843563 1.156437 0.156437 1.314811 1.219388 0.084386 1.970966 0.086861 0.662249 1.612784 1.442942 0.005477 0.159162 0.933559 1.129849 0.728697 0.641412 1.148052 0.877961 1.942110 0.081915 1.747016 0.262808 0.980492 1.674012 0.000000 0.093421 1.170474 0.236804
0.750141 1.750141 1.249859 0.249859 1.408233 1.312809 0.177807 1.877545 0.180282 0.755670 1.706205 1.536363 0.087945 0.065740 0.840137 1.223270 0.822119 0.734833 1.241473 0.784540 1.964468 0.011507 1.653594 0.169387 1.073914 1.767433 0.093421 0.000000 1.077053 0.330225
0.326912 0.673088 1.673088 1.326912 1.514714 1.610138 1.254860 0.800492 1.257335 1.832723 1.216742 1.386584 1.164998 1.011313 0.236915 1.699677 1.899172 1.811886 1.681474 0.292513 0.887415 1.088560 0.576541 0.907666 1.849033 1.155514 1.170474 1.077053 0.000000 1.407278
1.080366 1.919634 0.919634 0.080366 1.078008 0.982584 0.152418 1.792230 0.149942 0.425445 1.375980 1.206138 0.242280 0.395965 1.170362 0.893045 0.491894 0.404608 0.911249 1.114765 1.705307 0.318718 1.983819 0.499612 0.743689 1.437208 0.236804 0.330225 1.407278 0.000000
