10
0.000000 1.000000 2.000000 1.000000 1.574633 1.408579 0.873817 1.599615 1.250292 1.969399
1.000000 0.000000 1.000000 2.000000 1.425367 0.408579 1.873817 1.400385 1.749708 1.030601
2.000000 1.000000 0.000000 1.000000 0.425367 0.591421 1.126183 0.400385 0.749708 0.030601
1.000000 2.000000 1.000000 0.000000 0.574633 1.591421 0.126183 0.599615 0.250292 0.969399
1.574633 1.425367 0.425367 0.574633 0.000000 1.016788 0.700815 0.024982 0.324341 0.394766
1.408579 0.408579 0.591421 1.591421 1.016788 0.000000 1.717603 0.991806 1.341129 0.622022
0.873817 1.873817 1.126183 0.126183 0.700815 1.717603 0.000000 0.725797 0.376474 1.095581
1.599615 1.400385 0.400385 0.599615 0.024982 0.991806 0.725797 0.000000 0.349323 0.369784
1.250292 1.749708 0.749708 0.250292 0.324341 1.341129 0.376474 0.349323 0.000000 0.719107
1.969399 1.030601 0.030601 0.969399 0.394766 0.622022 1.095581 0.369784 0.719107 0.000000
