30
0.000000 1.000000 2.000000 1.000000 1.110625 1.219280 0.089231 0.628664 0.054688 0.726206 0.387504 0.712688 1.460062 1.790435 1.949765 1.349749 0.989307 0.230174 0.101320 1.937755 0.559154 0.056643 1.054286 0.198222 0.955913 0.549386 1.359872 1.513268 0.788463 1.623434
1.000000 0.000000 1.000000 2.000000 0.110625 1.780720 0.910769 1.628664 0.945312 1.726206 1.387504 0.287312 1.539938 1.209565 1.050235 0.349749 1.989307 0.769826 0.898680 1.062245 1.559154 0.943357 0.054286 0.801778 1.955913 1.549386 0.359872 0.513268 0.211537 0.623434
2.000000 1.000000 0.000000 1.000000 0.889375 0.780720 1.910769 1.371336 1.945312 1.273794 1.612496 1.287312 0.539938 0.209565 0.050235 0.650251 1.010693 1.769826 1.898680 0.062245 1.440846 1.943357 0.945714 1.801778 1.044087 1.450614 0.640128 0.486732 1.211537 0.376566
1.000000 2.000000 1.000000 0.000000 1.889375 0.219280 1.089231 0.371336 1.054688 0.273794 0.612496 1.712688 0.460062 0.790435 0.949765 1.650251 0.010693 1.230174 1.101320 0.937755 0.440846 1.056643 1.945714 1.198222 0.044087 0.450614 1.640128 1.486732 1.788463 1.376566
1.110625 0.110625 0.889375 1.889375 0.000000 1.670095 1.021394 1.739289 1.055937 1.836831 1.498129 0.397937 1.429314 1.098940 0.939610 0.239124 1.900068 0.880451 1.009305 0.951620 1.669779 1.053982 0.056339 0.912403 1.933462 1.660011 0.249247 0.402643 0.322161 0.512809
1.219280 1.780720 0.780720 0.219280 1.670095 0.000000 1.308512 0.590616 1.273969 0.493074 0.831776 1.931969 0.240781 0.571154 0.730485 1.430971 0.229974 1.449455 1.320600 0.718475 0.660126 1.275923 1.726434 1.417502 0.263367 0.669894 1.420848 1.267452 1.992256 1.157286
0.089231 0.910769 1.910769 1.089231 1.021394 1.308512 0.000000 0.717896 0.034543 0.815438 0.476736 0.623457 1.549293 1.879666 1.961003 1.260517 1.078538 0.140943 0.012088 1.973013 0.648385 0.032589 0.965055 0.108990 1.045145 0.638618 1.270640 1.424037 0.699232 1.534202
0.628664 1.628664 1.371336 0.371336 1.739289 0.590616 0.717896 0.000000 0.683352 0.097542 0.241160 1.341352 0.831397 1.161771 1.321101 1.978413 0.360642 0.858839 0.729984 1.309091 0.069510 0.685307 1.682950 0.826886 0.327249 0.079278 1.988536 1.858068 1.417128 1.747902
0.054688 0.945312 1.945312 1.054688 1.055937 1.273969 0.034543 0.683352 0.000000 0.780895 0.442193 0.658000 1.514750 1.845123 1.995547 1.295061 1.043995 0.175486 0.046631 1.992443 0.613842 0.001954 0.999598 0.143534 1.010601 0.604075 1.305183 1.458580 0.733775 1.568745
0.726206 1.726206 1.273794 0.273794 1.836831 0.493074 0.815438 0.097542 0.780895 0.000000 0.338702 1.438895 0.733855 1.064228 1.223559 1.924045 0.263100 0.956381 0.827526 1.211549 0.167052 0.782849 1.780492 0.924428 0.229707 0.176820 1.913922 1.760526 1.514670 1.650360
0.387504 1.387504 1.612496 0.612496 1.498129 0.831776 0.476736 0.241160 0.442193 0.338702 0.000000 1.100193 1.072557 1.402930 1.562261 1.737253 0.601802 0.617679 0.488824 1.550251 0.171650 0.444147 1.441790 0.585726 0.568409 0.161882 1.747376 1.900772 1.175968 1.989062
0.712688 0.287312 1.287312 1.712688 0.397937 1.931969 0.623457 1.341352 0.658000 1.438895 1.100193 0.000000 1.827250 1.496877 1.337547 0.637061 1.701995 0.482514 0.611369 1.349557 1.271842 0.656046 0.341598 0.514466 1.668601 1.262075 0.647184 0.800580 0.075775 0.910746
1.460062 1.539938 0.539938 0.460062 1.429314 0.240781 1.549293 0.831397 1.514750 0.733855 1.072557 1.827250 0.000000 0.330373 0.489704 1.190190 0.470755 1.690236 1.561381 0.477694 0.900908 1.516704 1.485652 1.658283 0.504148 0.910675 1.180067 1.026670 1.751475 0.916505
1.790435 1.209565 0.209565 0.790435 1.098940 0.571154 1.879666 1.161771 1.845123 1.064228 1.402930 1.496877 0.330373 0.000000 0.159330 0.859817 0.801128 1.979391 1.891754 0.147321 1.231281 1.847077 1.155279 1.988657 0.834521 1.241048 0.849694 0.696297 1.421102 0.586132
1.949765 1.050235 0.050235 0.949765 0.939610 0.730485 1.961003 1.321101 1.995547 1.223559 1.562261 1.337547 0.489704 0.159330 0.000000 0.700486 0.960459 1.820060 1.948915 0.012010 1.390611 1.993592 0.995949 1.852013 0.993852 1.400379 0.690363 0.536967 1.261771 0.426801
1.349749 0.349749 0.650251 1.650251 0.239124 1.430971 1.260517 1.978413 1.295061 1.924045 1.737253 0.637061 1.190190 0.859817 0.700486 0.000000 1.660945 1.119574 1.248429 0.712496 1.908903 1.293106 0.295463 1.151527 1.694338 1.899135 0.010123 0.163519 0.561285 0.273685
0.989307 1.989307 1.010693 0.010693 1.900068 0.229974 1.078538 0.360642 1.043995 0.263100 0.601802 1.701995 0.470755 0.801128 0.960459 1.660945 0.000000 1.219481 1.090626 0.948449 0.430153 1.045949 1.956407 1.187528 0.033393 0.439920 1.650822 1.497425 1.777770 1.387260
0.230174 0.769826 1.769826 1.230174 0.880451 1.449455 0.140943 0.858839 0.175486 0.956381 0.617679 0.482514 1.690236 1.979391 1.820060 1.119574 1.219481 0.000000 0.128855 1.832070 0.789328 0.173532 0.824112 0.031953 1.186088 0.779561 1.129697 1.283094 0.558289 1.393259
0.101320 0.898680 1.898680 1.101320 1.009305 1.320600 0.012088 0.729984 0.046631 0.827526 0.488824 0.611369 1.561381 1.891754 1.948915 1.248429 1.090626 0.128855 0.000000 1.960925 0.660474 0.044677 0.952966 0.096902 1.057233 0.650706 1.258552 1.411948 0.687144 1.522114
1.937755 1.062245 0.062245 0.937755 0.951620 0.718475 1.973013 1.309091 1.992443 1.211549 1.550251 1.349557 0.477694 0.147321 0.012010 0.712496 0.948449 1.832070 1.960925 0.000000 1.378601 1.994398 1.007959 1.864023 0.981842 1.388369 0.702373 0.548977 1.273781 0.438811
0.559154 1.559154 1.440846 0.440846 1.669779 0.660126 0.648385 0.069510 0.613842 0.167052 0.171650 1.271842 0.900908 1.231281 1.390611 1.908903 0.430153 0.789328 0.660474 1.378601 0.000000 0.615797 1.613440 0.757376 0.396759 0.009768 1.919026 1.927578 1.347617 1.817412
0.056643 0.943357 1.943357 1.056643 1.053982 1.275923 0.032589 0.685307 0.001954 0.782849 0.444147 0.656046 1.516704 1.847077 1.993592 1.293106 1.045949 0.173532 0.044677 1.994398 0.615797 0.000000 0.997643 0.141579 1.012556 0.606029 1.303229 1.456625 0.731821 1.566791
1.054286 0.054286 0.945714 1.945714 0.056339 1.726434 0.965055 1.682950 0.999598 1.780492 1.441790 0.341598 1.485652 1.155279 0.995949 0.295463 1.956407 0.824112 0.952966 1.007959 1.613440 0.997643 0.000000 0.856064 1.989801 1.603672 0.305586 0.458982 0.265823 0.569148
0.198222 0.801778 1.801778 1.198222 0.912403 1.417502 0.108990 0.826886 0.143534 0.924428 0.585726 0.514466 1.658283 1.988657 1.852013 1.151527 1.187528 0.031953 0.096902 1.864023 0.757376 0.141579 0.856064 0.000000 1.154135 0.747608 1.161650 1.315046 0.590242 1.425212
0.955913 1.955913 1.044087 0.044087 1.933462 0.263367 1.045145 0.327249 1.010601 0.229707 0.568409 1.668601 0.504148 0.834521 0.993852 1.694338 0.033393 1.186088 1.057233 0.981842 0.396759 1.012556 1.989801 1.154135 0.000000 0.406527 1.684215 1.530819 1.744377 1.420653
0.549386 1.549386 1.450614 0.450614 1.660011 0.669894 0.638618 0.079278 0.604075 0.176820 0.161882 1.262075 0.910675 1.241048 1.400379 1.899135 0.439920 0.779561 0.650706 1.388369 0.009768 0.606029 1.603672 0.747608 0.406527 0.000000 1.909258 1.937346 1.337850 1.827180
1.359872 0.359872 0.640128 1.640128 0.249247 1.420848 1.270640 1.988536 1.305183 1.913922 1.747376 0.647184 1.180067 0.849694 0.690363 0.010123 1.650822 1.129697 1.258552 0.702373 1.919026 1.303229 0.305586 1.161650 1.684215 1.909258 0.000000 0.153396 0.571408 0.263562
1.513268 0.513268 0.486732 1.486732 0.402643 1.267452 1.424037 1.858068 1.458580 1.760526 1.900772 0.800580 1.026670 0.696297 0.536967 0.163519 1.497425 1.283094 1.411948 0.548977 1.927578 1.456625 0.458982 1.315046 1.530819 1.937346 0.153396 0.000000 0.724805 0.110166
0.788463 0.211537 1.211537 1.788463 0.322161 1.992256 0.699232 1.417128 0.733775 1.514670 1.175968 0.075775 1.751475 1.421102 1.261771 0.561285 1.777770 0.558289 0.687144 1.273781 1.347617 0.731821 0.265823 0.590242 1.744377 1.337850 0.571408 0.724805 0.000000 0.834970
1.623434 0.623434 0.376566 1.376566 0.512809 1.157286 1.534202 1.747902 1.568745 1.650360 1.989062 0.910746 0.916505 0.586132 0.426801 0.273685 1.387260 1.393259 1.522114 0.438811 1.817412 1.566791 0.569148 1.425212 1.420653 1.827180 0.263562 0.110166 0.834970 0.000000
