30
0.000000 1.000000 2.000000 1.000000 0.829152 0.975127 0.491317 1.916208 1.894289 1.194304 1.360199 1.296468 1.312285 0.344072 1.771953 1.958055 1.152824 1.848282 0.394808 0.019076 1.643038 0.901560 0.610034 1.875843 1.033814 1.276093 1.034989 0.976544 0.247712 0.038951
1.000000 0.000000 1.000000 2.000000 1.829152 0.024873 0.508683 1.083792 0.894289 1.805696 1.639801 0.296468 0.312285 0.655928 1.228047 1.041945 1.847176 1.151718 0.605192 0.980924 0.643038 0.098440 1.610034 0.875843 0.033814 0.276093 0.034989 0.023456 1.247712 0.961049
2.000000 1.000000 0.000000 1.000000 1.170848 1.024873 1.508683 0.083792 0.105711 0.805696 0.639801 0.703532 0.687715 1.655928 0.228047 0.041945 0.847176 0.151718 1.605192 1.980924 0.356962 1.098440 1.389966 0.124157 0.966186 0.723907 0.965011 1.023456 1.752288 1.961049
1.000000 2.000000 1.000000 0.000000 0.170848 1.975127 1.491317 0.916208 1.105711 0.194304 0.360199 1.703532 1.687715 1.344072 0.771953 0.958055 0.152824 0.848282 1.394808 1.019076 1.356962 1.901560 0.389966 1.124157 1.966186 1.723907 1.965011 1.976544 0.752288 1.038951
0.829152 1.829152 1.170848 0.170848 0.000000 1.804279 1.320469 1.087056 1.276559 0.365152 0.531047 1.874380 1.858563 1.173224 0.942801 1.128903 0.323672 1.019130 1.223960 0.848228 1.527810 1.730712 0.219118 1.295005 1.862966 1.894755 1.864141 1.805696 0.581440 0.868102
0.975127 0.024873 1.024873 1.975127 1.804279 0.000000 0.483810 1.108665 0.919162 1.830569 1.664674 0.321341 0.337158 0.631055 1.252920 1.066818 1.872049 1.176592 0.580319 0.956051 0.667911 0.073567 1.585161 0.900716 0.058687 0.300966 0.059862 0.001417 1.222839 0.936176
0.491317 0.508683 1.508683 1.491317 1.320469 0.483810 0.000000 1.592476 1.402972 1.685621 1.851515 0.805151 0.820968 0.147244 1.736730 1.550629 1.644140 1.660402 0.096509 0.472241 1.151722 0.410243 1.101351 1.384526 0.542498 0.784776 0.543672 0.485228 0.739029 0.452366
1.916208 1.083792 0.083792 0.916208 1.087056 1.108665 1.592476 0.000000 0.189504 0.721903 0.556009 0.787325 0.771507 1.739720 0.144254 0.041847 0.763384 0.067926 1.688984 1.935284 0.440754 1.182232 1.306173 0.207950 1.049978 0.807700 1.048803 1.107248 1.668495 1.955158
1.894289 0.894289 0.105711 1.105711 1.276559 0.919162 1.402972 0.189504 0.000000 0.911407 0.745513 0.597821 0.582004 1.550216 0.333758 0.147657 0.952888 0.257430 1.499481 1.875213 0.251251 0.992729 1.495677 0.018446 0.860474 0.618196 0.859300 0.917745 1.857999 1.855338
1.194304 1.805696 0.805696 0.194304 0.365152 1.830569 1.685621 0.721903 0.911407 0.000000 0.165894 1.509228 1.493411 1.538377 0.577649 0.763750 0.041481 0.653977 1.589112 1.213380 1.162657 1.904136 0.584270 0.929853 1.771881 1.529603 1.770707 1.829151 0.946592 1.233255
1.360199 1.639801 0.639801 0.360199 0.531047 1.664674 1.851515 0.556009 0.745513 0.165894 0.000000 1.343333 1.327516 1.704271 0.411755 0.597856 0.207375 0.488083 1.755007 1.379275 0.996763 1.738241 0.750164 0.763958 1.605987 1.363708 1.604812 1.663257 1.112486 1.399149
1.296468 0.296468 0.703532 1.703532 1.874380 0.321341 0.805151 0.787325 0.597821 1.509228 1.343333 0.000000 0.015817 0.952396 0.931579 0.745477 1.550708 0.855251 0.901660 1.277392 0.346570 0.394908 1.906502 0.579375 0.262653 0.020375 0.261479 0.319924 1.544180 1.257517
1.312285 0.312285 0.687715 1.687715 1.858563 0.337158 0.820968 0.771507 0.582004 1.493411 1.327516 0.015817 0.000000 0.968213 0.915762 0.729660 1.534891 0.839434 0.917477 1.293209 0.330753 0.410725 1.922319 0.563558 0.278471 0.036192 0.277296 0.335741 1.559997 1.273334
0.344072 0.655928 1.655928 1.344072 1.173224 0.631055 0.147244 1.739720 1.550216 1.538377 1.704271 0.952396 0.968213 0.000000 1.883974 1.697873 1.496896 1.807646 0.050736 0.324996 1.298966 0.557488 0.954107 1.531771 0.689742 0.932020 0.690917 0.632472 0.591785 0.305122
1.771953 1.228047 0.228047 0.771953 0.942801 1.252920 1.736730 0.144254 0.333758 0.577649 0.411755 0.931579 0.915762 1.883974 0.000000 0.186102 0.619129 0.076328 1.833239 1.791029 0.585009 1.326487 1.161919 0.352204 1.194232 0.951954 1.193058 1.251503 1.524241 1.810904
1.958055 1.041945 0.041945 0.958055 1.128903 1.066818 1.550629 0.041847 0.147657 0.763750 0.597856 0.745477 0.729660 1.697873 0.186102 0.000000 0.805231 0.109773 1.647137 1.977131 0.398907 1.140385 1.348020 0.166102 1.008131 0.765852 1.006956 1.065401 1.710342 1.997005
1.152824 1.847176 0.847176 0.152824 0.323672 1.872049 1.644140 0.763384 0.952888 0.041481 0.207375 1.550708 1.534891 1.496896 0.619129 0.805231 0.000000 0.695458 1.547632 1.171900 1.204138 1.945616 0.542789 0.971333 1.813362 1.571083 1.812187 1.870632 0.905111 1.191774
1.848282 1.151718 0.151718 0.848282 1.019130 1.176592 1.660402 0.067926 0.257430 0.653977 0.488083 0.855251 0.839434 1.807646 0.076328 0.109773 0.695458 0.000000 1.756910 1.867357 0.508680 1.250159 1.238247 0.275876 1.117904 0.875626 1.116730 1.175174 1.600569 1.887232
0.394808 0.605192 1.605192 1.394808 1.223960 0.580319 0.096509 1.688984 1.499481 1.589112 1.755007 0.901660 0.917477 0.050736 1.833239 1.647137 1.547632 1.756910 0.000000 0.375732 1.248230 0.506752 1.004842 1.481035 0.639006 0.881285 0.640181 0.581736 0.642520 0.355857
0.019076 0.980924 1.980924 1.019076 0.848228 0.956051 0.472241 1.935284 1.875213 1.213380 1.379275 1.277392 1.293209 0.324996 1.791029 1.977131 1.171900 1.867357 0.375732 0.000000 1.623962 0.882484 0.629110 1.856767 1.014738 1.257017 1.015913 0.957468 0.266788 0.019875
1.643038 0.643038 0.356962 1.356962 1.527810 0.667911 1.151722 0.440754 0.251251 1.162657 0.996763 0.346570 0.330753 1.298966 0.585009 0.398907 1.204138 0.508680 1.248230 1.623962 0.000000 0.741478 1.746928 0.232805 0.609224 0.366945 0.608049 0.666494 1.890750 1.604088
0.901560 0.098440 1.098440 1.901560 1.730712 0.073567 0.410243 1.182232 0.992729 1.904136 1.738241 0.394908 0.410725 0.557488 1.326487 1.140385 1.945616 1.250159 0.506752 0.882484 0.741478 0.000000 1.511594 0.974283 0.132254 0.374533 0.133429 0.074984 1.149272 0.862609
0.610034 1.610034 1.389966 0.389966 0.219118 1.585161 1.101351 1.306173 1.495677 0.584270 0.750164 1.906502 1.922319 0.954107 1.161919 1.348020 0.542789 1.238247 1.004842 0.629110 1.746928 1.511594 0.000000 1.514123 1.643849 1.886127 1.645023 1.586578 0.362322 0.648985
1.875843 0.875843 0.124157 1.124157 1.295005 0.900716 1.384526 0.207950 0.018446 0.929853 0.763958 0.579375 0.563558 1.531771 0.352204 0.166102 0.971333 0.275876 1.481035 1.856767 0.232805 0.974283 1.514123 0.000000 0.842028 0.599750 0.840854 0.899299 1.876445 1.836892
1.033814 0.033814 0.966186 1.966186 1.862966 0.058687 0.542498 1.049978 0.860474 1.771881 1.605987 0.262653 0.278471 0.689742 1.194232 1.008131 1.813362 1.117904 0.639006 1.014738 0.609224 0.132254 1.643849 0.842028 0.000000 0.242278 0.001175 0.057270 1.281527 0.994864
1.276093 0.276093 0.723907 1.723907 1.894755 0.300966 0.784776 0.807700 0.618196 1.529603 1.363708 0.020375 0.036192 0.932020 0.951954 0.765852 1.571083 0.875626 0.881285 1.257017 0.366945 0.374533 1.886127 0.599750 0.242278 0.000000 0.241104 0.299549 1.523805 1.237142
1.034989 0.034989 0.965011 1.965011 1.864141 0.059862 0.543672 1.048803 0.859300 1.770707 1.604812 0.261479 0.277296 0.690917 1.193058 1.006956 1.812187 1.116730 0.640181 1.015913 0.608049 0.133429 1.645023 0.840854 0.001175 0.241104 0.000000 0.058445 1.282701 0.996038
0.976544 0.023456 1.023456 1.976544 1.805696 0.001417 0.485228 1.107248 0.917745 1.829151 1.663257 0.319924 0.335741 0.632472 1.251503 1.065401 1.870632 1.175174 0.581736 0.957468 0.666494 0.074984 1.586578 0.899299 0.057270 0.299549 0.058445 0.000000 1.224257 0.937594
0.247712 1.247712 1.752288 0.752288 0.581440 1.222839 0.739029 1.668495 1.857999 0.946592 1.112486 1.544180 1.559997 0.591785 1.524241 1.710342 0.905111 1.600569 0.642520 0.266788 1.890750 1.149272 0.362322 1.876445 1.281527 1.523805 1.282701 1.224257 0.000000 0.286663
0.038951 0.961049 1.961049 1.038951 0.868102 0.936176 0.452366 1.955158 1.855338 1.233255 1.399149 1.257517 1.273334 0.305122 1.810904 1.997005 1.191774 1.887232 0.355857 0.019875 1.604088 0.862609 0.648985 1.836892 0.994864 1.237142 0.996038 0.937594 0.286663 0.000000
