25
0.000000 1.000000 2.000000 1.000000 1.613611 0.427398 1.665841 1.628101 1.576053 0.892746 1.200150 0.956753 1.388091 1.885382 1.033662 1.640124 1.397272 1.002568 0.930141 0.841121 0.747413 0.305212 0.900581 1.776565 1.147470
1.000000 0.000000 1.000000 2.000000 1.386389 1.427398 1.334159 1.371899 0.576053 1.892746 0.200150 1.956753 0.388091 0.885382 0.033662 0.640124 0.397272 0.002568 0.069859 0.158879 0.252587 1.305212 0.099419 0.776565 0.147470
2.000000 1.000000 0.000000 1.000000 0.386389 1.572602 0.334159 0.371899 0.423947 1.107254 0.799850 1.043247 0.611909 0.114618 0.966338 0.359876 0.602728 0.997432 1.069859 1.158879 1.252587 1.694788 1.099419 0.223435 0.852530
1.000000 2.000000 1.000000 0.000000 0.613611 0.572602 0.665841 0.628101 1.423947 0.107254 1.799850 0.043247 1.611909 1.114618 1.966338 1.359876 1.602728 1.997432 1.930141 1.841121 1.747413 0.694788 1.900581 1.223435 1.852530
1.613611 1.386389 0.386389 0.613611 0.000000 1.186213 0.052230 0.014490 0.810336 0.720865 1.186239 0.656859 0.998297 0.501007 1.352727 0.746265 0.989117 1.383820 1.456248 1.545268 1.638975 1.308400 1.485808 0.609824 1.238918
0.427398 1.427398 1.572602 0.572602 1.186213 0.000000 1.238442 1.200702 1.996548 0.465348 1.627548 0.529354 1.815490 1.687220 1.461061 1.932478 1.824671 1.429967 1.357540 1.268520 1.174812 0.122187 1.327979 1.796037 1.574869
1.665841 1.334159 0.334159 0.665841 0.052230 1.238442 0.000000 0.037740 0.758106 0.773095 1.134010 0.709088 0.946068 0.448778 1.300497 0.694035 0.936887 1.331591 1.404018 1.493038 1.586746 1.360629 1.433578 0.557594 1.186689
1.628101 1.371899 0.371899 0.628101 0.014490 1.200702 0.037740 0.000000 0.795846 0.735355 1.171749 0.671348 0.983808 0.486517 1.338237 0.731775 0.974627 1.369331 1.441758 1.530778 1.624486 1.322889 1.471318 0.595334 1.224429
1.576053 0.576053 0.423947 1.423947 0.810336 1.996548 0.758106 0.795846 0.000000 1.531201 0.375904 1.467194 0.187962 0.309328 0.542391 0.064071 0.178781 0.573485 0.645912 0.734932 0.828640 1.881265 0.675472 0.200512 0.428583
0.892746 1.892746 1.107254 0.107254 0.720865 0.465348 0.773095 0.735355 1.531201 0.000000 1.907104 0.064007 1.719163 1.221872 1.926408 1.467130 1.709982 1.895314 1.822887 1.733867 1.640159 0.587534 1.793327 1.330689 1.959784
1.200150 0.200150 0.799850 1.799850 1.186239 1.627548 1.134010 1.171749 0.375904 1.907104 0.000000 1.843098 0.187942 0.685232 0.166487 0.439974 0.197123 0.197581 0.270008 0.359028 0.452736 1.505361 0.299569 0.576415 0.052679
0.956753 1.956753 1.043247 0.043247 0.656859 0.529354 0.709088 0.671348 1.467194 0.064007 1.843098 0.000000 1.655156 1.157866 1.990415 1.403123 1.645975 1.959321 1.886894 1.797874 1.704166 0.651541 1.857334 1.266682 1.895777
1.388091 0.388091 0.611909 1.611909 0.998297 1.815490 0.946068 0.983808 0.187962 1.719163 0.187942 1.655156 0.000000 0.497290 0.354429 0.252033 0.009181 0.385523 0.457950 0.546970 0.640678 1.693303 0.487510 0.388474 0.240621
1.885382 0.885382 0.114618 1.114618 0.501007 1.687220 0.448778 0.486517 0.309328 1.221872 0.685232 1.157866 0.497290 0.000000 0.851720 0.245258 0.488110 0.882813 0.955240 1.044260 1.137968 1.809407 0.984801 0.108817 0.737911
1.033662 0.033662 0.966338 1.966338 1.352727 1.461061 1.300497 1.338237 0.542391 1.926408 0.166487 1.990415 0.354429 0.851720 0.000000 0.606462 0.363610 0.031094 0.103521 0.192541 0.286249 1.338874 0.133081 0.742903 0.113808
1.640124 0.640124 0.359876 1.359876 0.746265 1.932478 0.694035 0.731775 0.064071 1.467130 0.439974 1.403123 0.252033 0.245258 0.606462 0.000000 0.242852 0.637556 0.709983 0.799003 0.892711 1.945336 0.739543 0.136441 0.492654
1.397272 0.397272 0.602728 1.602728 0.989117 1.824671 0.936887 0.974627 0.178781 1.709982 0.197123 1.645975 0.009181 0.488110 0.363610 0.242852 0.000000 0.394704 0.467131 0.556151 0.649859 1.702484 0.496691 0.379293 0.249802
1.002568 0.002568 0.997432 1.997432 1.383820 1.429967 1.331591 1.369331 0.573485 1.895314 0.197581 1.959321 0.385523 0.882813 0.031094 0.637556 0.394704 0.000000 0.072427 0.161447 0.255155 1.307780 0.101987 0.773997 0.144902
0.930141 0.069859 1.069859 1.930141 1.456248 1.357540 1.404018 1.441758 0.645912 1.822887 0.270008 1.886894 0.457950 0.955240 0.103521 0.709983 0.467131 0.072427 0.000000 0.089020 0.182728 1.235353 0.029560 0.846424 0.217329
0.841121 0.158879 1.158879 1.841121 1.545268 1.268520 1.493038 1.530778 0.734932 1.733867 0.359028 1.797874 0.546970 1.044260 0.192541 0.799003 0.556151 0.161447 0.089020 0.000000 0.093708 1.146333 0.059460 0.935444 0.306349
0.747413 0.252587 1.252587 1.747413 1.638975 1.174812 1.586746 1.624486 0.828640 1.640159 0.452736 1.704166 0.640678 1.137968 0.286249 0.892711 0.649859 0.255155 0.182728 0.093708 0.000000 1.052625 0.153168 1.029152 0.400057
0.305212 1.305212 1.694788 0.694788 1.308400 0.122187 1.360629 1.322889 1.881265 0.587534 1.505361 0.651541 1.693303 1.809407 1.338874 1.945336 1.702484 1.307780 1.235353 1.146333 1.052625 0.000000 1.205793 1.918223 1.452682
0.900581 0.099419 1.099419 1.900581 1.485808 1.327979 1.433578 1.471318 0.675472 1.793327 0.299569 1.857334 0.487510 0.984801 0.133081 0.739543 0.496691 0.101987 0.029560 0.059460 0.153168 1.205793 0.000000 0.875984 0.246890
1.776565 0.776565 0.223435 1.223435 0.609824 1.796037 0.557594 0.595334 0.200512 1.330689 0.576415 1.266682 0.388474 0.108817 0.742903 0.136441 0.379293 0.773997 0.846424 0.935444 1.029152 1.918223 0.875984 0.000000 0.629095
1.147470 0.147470 0.852530 1.852530 1.238918 1.574869 1.186689 1.224429 0.428583 1.959784 0.052679 1.895777 0.240621 0.737911 0.113808 0.492654 0.249802 0.144902 0.217329 0.306349 0.400057 1.452682 0.246890 0.629095 0.000000
