45
0.000000 1.000000 2.000000 1.000000 0.717586 0.352115 0.801872 1.107765 1.247144 1.078539 0.564016 1.502701 0.063694 1.936838 0.798762 0.758759 0.791530 0.446286 0.059374 0.669873 0.325055 0.696754 0.010277 0.733608 0.701831 0.002741 1.925749 0.724714 0.964488 0.611180 1.907146 0.352453 1.804051 1.341453 0.252883 1.539855 1.880673 0.299741 1.028428 0.465458 0.553178 1.990531 1.855303 0.952729 0.620771
1.000000 0.000000 1.000000 2.000000 1.717586 1.352115 1.801872 1.892235 0.247144 1.921461 0.435984 1.497299 0.936306 1.063162 0.201238 0.241241 0.208470 0.553714 1.059374 0.330127 1.325055 1.696754 0.989723 0.266392 0.298169 1.002741 1.074251 1.724714 0.035512 0.388820 0.907146 0.647547 1.195949 0.341453 0.747117 1.460145 0.880673 1.299741 1.971572 1.465458 0.446822 1.009469 0.855303 1.952729 1.620771
2.000000 1.000000 0.000000 1.000000 1.282414 1.647885 1.198128 0.892235 0.752856 0.921461 1.435984 0.497299 1.936306 0.063162 1.201238 1.241241 1.208470 1.553714 1.940626 1.330127 1.674945 1.303246 1.989723 1.266392 1.298169 1.997259 0.074251 1.275286 1.035512 1.388820 0.092854 1.647547 0.195949 0.658547 1.747117 0.460145 0.119327 1.700259 0.971572 1.534542 1.446822 0.009469 0.144697 1.047271 1.379229
1.000000 2.000000 1.000000 0.000000 0.282414 0.647885 0.198128 0.107765 1.752856 0.078539 1.564016 0.502701 1.063694 0.936838 1.798762 1.758759 1.791530 1.446286 0.940626 1.669873 0.674945 0.303246 1.010277 1.733608 1.701831 0.997259 0.925749 0.275286 1.964488 1.611180 1.092854 1.352453 0.804051 1.658547 1.252883 0.539855 1.119327 0.700259 0.028428 0.534542 1.553178 0.990531 1.144697 0.047271 0.379229
0.717586 1.717586 1.282414 0.282414 0.000000 0.365471 0.084286 0.390180 1.964729 0.360953 1.281601 0.785115 0.781280 1.219253 1.516348 1.476345 1.509116 1.163872 0.658211 1.387459 0.392531 0.020831 0.727863 1.451193 1.419417 0.714845 1.208163 0.007129 1.682073 1.328766 1.375269 1.070039 1.086466 1.940961 0.970468 0.822269 1.401741 0.417845 0.310843 0.252128 1.270764 1.272945 1.427112 0.235143 0.096815
0.352115 1.352115 1.647885 0.647885 0.365471 0.000000 0.449757 0.755650 1.599259 0.726424 0.916131 1.150586 0.415810 1.584723 1.150877 1.110874 1.143645 0.798401 0.292741 1.021988 0.027061 0.344639 0.362392 1.085723 1.053946 0.349374 1.573634 0.372599 1.316603 0.963295 1.740739 0.704569 1.451936 1.693568 0.604998 1.187740 1.767212 0.052374 0.676313 0.113343 0.905294 1.638416 1.792582 0.600614 0.268656
0.801872 1.801872 1.198128 0.198128 0.084286 0.449757 0.000000 0.305894 1.950984 0.276667 1.365887 0.700829 0.865566 1.134966 1.600634 1.560631 1.593402 1.248158 0.742497 1.471745 0.476817 0.105117 0.812149 1.535480 1.503703 0.799131 1.123877 0.077157 1.766360 1.413052 1.290982 1.154325 1.002180 1.856675 1.054754 0.737983 1.317455 0.502131 0.226557 0.336414 1.355050 1.188659 1.342825 0.150857 0.181101
1.107765 1.892235 0.892235 0.107765 0.390180 0.755650 0.305894 0.000000 1.645091 0.029227 1.671781 0.394936 1.171460 0.829073 1.906528 1.866525 1.899296 1.554052 1.048391 1.777639 0.782711 0.411011 1.118043 1.841373 1.809597 1.105024 0.817983 0.383051 1.927747 1.718945 0.985089 1.460219 0.696286 1.550782 1.360648 0.432089 1.011561 0.808025 0.079337 0.642308 1.660944 0.882765 1.036932 0.155036 0.486994
1.247144 0.247144 0.752856 1.752856 1.964729 1.599259 1.950984 1.645091 0.000000 1.674318 0.683128 1.250155 1.183449 0.816018 0.448381 0.488384 0.455613 0.800857 1.306518 0.577270 1.572198 1.943898 1.236867 0.513536 0.545312 1.249885 0.827108 1.971858 0.282656 0.635964 0.660002 0.894690 0.948805 0.094309 0.994261 1.213002 0.633530 1.546884 1.724428 1.712601 0.693965 0.762326 0.608159 1.800127 1.867915
1.078539 1.921461 0.921461 0.078539 0.360953 0.726424 0.276667 0.029227 1.674318 0.000000 1.642554 0.424163 1.142233 0.858300 1.877301 1.837298 1.870069 1.524825 1.019164 1.748412 0.753484 0.381784 1.088816 1.812146 1.780370 1.075797 0.847210 0.353824 1.956974 1.689719 1.014316 1.430992 0.725513 1.580008 1.331421 0.461316 1.040788 0.778798 0.050110 0.613081 1.631717 0.911992 1.066159 0.125810 0.457767
0.564016 0.435984 1.435984 1.564016 1.281601 0.916131 1.365887 1.671781 0.683128 1.642554 0.000000 1.933283 0.500321 1.499146 0.234747 0.194744 0.227515 0.117729 0.623390 0.105858 0.889070 1.260770 0.553738 0.169592 0.137816 0.566757 1.510236 1.288730 0.400472 0.047164 1.343130 0.211562 1.631933 0.777437 0.311133 1.896130 1.316658 0.863756 1.592444 1.029473 0.010837 1.445454 1.291287 1.516745 1.184787
1.502701 1.497299 0.497299 0.502701 0.785115 1.150586 0.700829 0.394936 1.250155 0.424163 1.933283 0.000000 1.566396 0.434137 1.698537 1.738540 1.705769 1.948987 1.443327 1.827426 1.177647 0.805947 1.512978 1.763691 1.795467 1.499960 0.423048 0.777987 1.532811 1.886119 0.590153 1.855155 0.301350 1.155846 1.755584 0.037154 0.616626 1.202960 0.474273 1.037244 1.944120 0.487830 0.641996 0.549972 0.881930
0.063694 0.936306 1.936306 1.063694 0.781280 0.415810 0.865566 1.171460 1.183449 1.142233 0.500321 1.566396 0.000000 1.999467 0.735068 0.695065 0.727836 0.382592 0.123069 0.606179 0.388749 0.760449 0.053417 0.669913 0.638137 0.066436 1.989443 0.788409 0.900793 0.547485 1.843451 0.288759 1.867746 1.277758 0.189188 1.603549 1.816979 0.363435 1.092123 0.529152 0.489484 1.945775 1.791608 1.016423 0.684466
1.936838 1.063162 0.063162 0.936838 1.219253 1.584723 1.134966 0.829073 0.816018 0.858300 1.499146 0.434137 1.999467 0.000000 1.264399 1.304402 1.271631 1.616875 1.877464 1.393289 1.611784 1.240084 1.947115 1.329554 1.361330 1.934097 0.011090 1.212124 1.098674 1.451982 0.156016 1.710708 0.132787 0.721709 1.810279 0.396983 0.182488 1.637098 0.908410 1.471381 1.509983 0.053692 0.207859 0.984109 1.316067
0.798762 0.201238 1.201238 1.798762 1.516348 1.150877 1.600634 1.906528 0.448381 1.877301 0.234747 1.698537 0.735068 1.264399 0.000000 0.040003 0.007232 0.352476 0.858137 0.128889 1.123817 1.495517 0.788485 0.065154 0.096931 0.801503 1.275489 1.523477 0.165725 0.187582 1.108384 0.446309 1.397186 0.542691 0.545880 1.661383 1.081911 1.098503 1.827191 1.264220 0.245584 1.210707 1.056541 1.751491 1.419533
0.758759 0.241241 1.241241 1.758759 1.476345 1.110874 1.560631 1.866525 0.488384 1.837298 0.194744 1.738540 0.695065 1.304402 0.040003 0.000000 0.032771 0.312473 0.818134 0.088886 1.083814 1.455514 0.748482 0.025151 0.056928 0.761500 1.315492 1.483474 0.205728 0.147579 1.148387 0.406306 1.437189 0.582694 0.505877 1.701386 1.121914 1.058500 1.787188 1.224217 0.205581 1.250710 1.096543 1.711488 1.379530
0.791530 0.208470 1.208470 1.791530 1.509116 1.143645 1.593402 1.899296 0.455613 1.870069 0.227515 1.705769 0.727836 1.271631 0.007232 0.032771 0.000000 0.345244 0.850905 0.121657 1.116585 1.488285 0.781253 0.057922 0.089699 0.794271 1.282721 1.516245 0.172958 0.180350 1.115616 0.439077 1.404418 0.549923 0.538648 1.668615 1.089143 1.091271 1.819959 1.256988 0.238352 1.217939 1.063773 1.744259 1.412301
0.446286 0.553714 1.553714 1.446286 1.163872 0.798401 1.248158 1.554052 0.800857 1.524825 0.117729 1.948987 0.382592 1.616875 0.352476 0.312473 0.345244 0.000000 0.505661 0.223587 0.771341 1.143041 0.436009 0.287321 0.255545 0.449027 1.627965 1.171001 0.518201 0.164894 1.460859 0.093833 1.749662 0.895167 0.193404 1.986141 1.434387 0.746027 1.474715 0.911744 0.106892 1.563183 1.409016 1.399015 1.067057
0.059374 1.059374 1.940626 0.940626 0.658211 0.292741 0.742497 1.048391 1.306518 1.019164 0.623390 1.443327 0.123069 1.877464 0.858137 0.818134 0.850905 0.505661 0.000000 0.729248 0.265680 0.637380 0.069651 0.792982 0.761206 0.056633 1.866374 0.665340 1.023862 0.670554 1.966520 0.411828 1.744677 1.400827 0.312257 1.480480 1.940048 0.240366 0.969054 0.406083 0.612553 1.931156 1.914677 0.893355 0.561397
0.669873 0.330127 1.330127 1.669873 1.387459 1.021988 1.471745 1.777639 0.577270 1.748412 0.105858 1.827426 0.606179 1.393289 0.128889 0.088886 0.121657 0.223587 0.729248 0.000000 0.994928 1.366628 0.659596 0.063735 0.031958 0.672614 1.404378 1.394588 0.294615 0.058693 1.237273 0.317420 1.526075 0.671580 0.416991 1.790272 1.210800 0.969614 1.698302 1.135331 0.116695 1.339596 1.185430 1.622602 1.290644
0.325055 1.325055 1.674945 0.674945 0.392531 0.027061 0.476817 0.782711 1.572198 0.753484 0.889070 1.177647 0.388749 1.611784 1.123817 1.083814 1.116585 0.771341 0.265680 0.994928 0.000000 0.371700 0.335332 1.058662 1.026886 0.322313 1.600694 0.399660 1.289542 0.936234 1.767800 0.677508 1.478997 1.666507 0.577937 1.214800 1.794272 0.025314 0.703374 0.140403 0.878233 1.665476 1.819643 0.627674 0.295717
0.696754 1.696754 1.303246 0.303246 0.020831 0.344639 0.105117 0.411011 1.943898 0.381784 1.260770 0.805947 0.760449 1.240084 1.495517 1.455514 1.488285 1.143041 0.637380 1.366628 0.371700 0.000000 0.707032 1.430362 1.398586 0.694013 1.228994 0.027960 1.661242 1.307934 1.396100 1.049208 1.107297 1.961793 0.949637 0.843100 1.422572 0.397014 0.331674 0.231297 1.249933 1.293776 1.447943 0.255975 0.075983
0.010277 0.989723 1.989723 1.010277 0.727863 0.362392 0.812149 1.118043 1.236867 1.088816 0.553738 1.512978 0.053417 1.947115 0.788485 0.748482 0.781253 0.436009 0.069651 0.659596 0.335332 0.707032 0.000000 0.723331 0.691554 0.013018 1.936026 0.734992 0.954211 0.600903 1.896869 0.342176 1.814328 1.331176 0.242605 1.550132 1.870396 0.310018 1.038706 0.475735 0.542901 1.999192 1.845026 0.963006 0.631048
0.733608 0.266392 1.266392 1.733608 1.451193 1.085723 1.535480 1.841373 0.513536 1.812146 0.169592 1.763691 0.669913 1.329554 0.065154 0.025151 0.057922 0.287321 0.792982 0.063735 1.058662 1.430362 0.723331 0.000000 0.031776 0.736349 1.340643 1.458322 0.230880 0.122428 1.173538 0.381154 1.462341 0.607845 0.480725 1.726537 1.147065 1.033349 1.762036 1.199065 0.180429 1.275861 1.121695 1.686337 1.354379
0.701831 0.298169 1.298169 1.701831 1.419417 1.053946 1.503703 1.809597 0.545312 1.780370 0.137816 1.795467 0.638137 1.361330 0.096931 0.056928 0.089699 0.255545 0.761206 0.031958 1.026886 1.398586 0.691554 0.031776 0.000000 0.704573 1.372420 1.426546 0.262656 0.090651 1.205314 0.349378 1.494117 0.639622 0.448949 1.758314 1.178842 1.001572 1.730260 1.167289 0.148653 1.307638 1.153471 1.654560 1.322603
0.002741 1.002741 1.997259 0.997259 0.714845 0.349374 0.799131 1.105024 1.249885 1.075797 0.566757 1.499960 0.066436 1.934097 0.801503 0.761500 0.794271 0.449027 0.056633 0.672614 0.322313 0.694013 0.013018 0.736349 0.704573 0.000000 1.923008 0.721973 0.967229 0.613921 1.909887 0.355195 1.801310 1.344194 0.255624 1.537114 1.883414 0.297000 1.025687 0.462716 0.555920 1.987790 1.858044 0.949988 0.618030
1.925749 1.074251 0.074251 0.925749 1.208163 1.573634 1.123877 0.817983 0.827108 0.847210 1.510236 0.423048 1.989443 0.011090 1.275489 1.315492 1.282721 1.627965 1.866374 1.404378 1.600694 1.228994 1.936026 1.340643 1.372420 1.923008 0.000000 1.201034 1.109764 1.463071 0.167105 1.721798 0.121697 0.732798 1.821369 0.385894 0.193578 1.626008 0.897320 1.460291 1.521073 0.064782 0.218948 0.973020 1.304978
0.724714 1.724714 1.275286 0.275286 0.007129 0.372599 0.077157 0.383051 1.971858 0.353824 1.288730 0.777987 0.788409 1.212124 1.523477 1.483474 1.516245 1.171001 0.665340 1.394588 0.399660 0.027960 0.734992 1.458322 1.426546 0.721973 1.201034 0.000000 1.689202 1.335894 1.368140 1.077168 1.079337 1.933833 0.977597 0.815140 1.394612 0.424974 0.303714 0.259257 1.277893 1.265816 1.419983 0.228015 0.103943
0.964488 0.035512 1.035512 1.964488 1.682073 1.316603 1.766360 1.927747 0.282656 1.956974 0.400472 1.532811 0.900793 1.098674 0.165725 0.205728 0.172958 0.518201 1.023862 0.294615 1.289542 1.661242 0.954211 0.230880 0.262656 0.967229 1.109764 1.689202 0.000000 0.353308 0.942658 0.612034 1.231461 0.376965 0.711605 1.495657 0.916186 1.264229 1.992916 1.429945 0.411309 1.044982 0.890815 1.917217 1.585259
0.611180 0.388820 1.388820 1.611180 1.328766 0.963295 1.413052 1.718945 0.635964 1.689719 0.047164 1.886119 0.547485 1.451982 0.187582 0.147579 0.180350 0.164894 0.670554 0.058693 0.936234 1.307934 0.600903 0.122428 0.090651 0.613921 1.463071 1.335894 0.353308 0.000000 1.295966 0.258726 1.584769 0.730273 0.358297 1.848965 1.269493 0.910921 1.639608 1.076638 0.058001 1.398289 1.244123 1.563909 1.231951
1.907146 0.907146 0.092854 1.092854 1.375269 1.740739 1.290982 0.985089 0.660002 1.014316 1.343130 0.590153 1.843451 0.156016 1.108384 1.148387 1.115616 1.460859 1.966520 1.237273 1.767800 1.396100 1.896869 1.173538 1.205314 1.909887 0.167105 1.368140 0.942658 1.295966 0.000000 1.554692 0.288803 0.565693 1.654263 0.552999 0.026473 1.793113 1.064426 1.627397 1.353967 0.102323 0.051843 1.140125 1.472083
0.352453 0.647547 1.647547 1.352453 1.070039 0.704569 1.154325 1.460219 0.894690 1.430992 0.211562 1.855155 0.288759 1.710708 0.446309 0.406306 0.439077 0.093833 0.411828 0.317420 0.677508 1.049208 0.342176 0.381154 0.349378 0.355195 1.721798 1.077168 0.612034 0.258726 1.554692 0.000000 1.843495 0.988999 0.099571 1.892308 1.528220 0.652194 1.380882 0.817911 0.200725 1.657016 1.502849 1.305182 0.973225
1.804051 1.195949 0.195949 0.804051 1.086466 1.451936 1.002180 0.696286 0.948805 0.725513 1.631933 0.301350 1.867746 0.132787 1.397186 1.437189 1.404418 1.749662 1.744677 1.526075 1.478997 1.107297 1.814328 1.462341 1.494117 1.801310 0.121697 1.079337 1.231461 1.584769 0.288803 1.843495 0.000000 0.854496 1.943066 0.264197 0.315275 1.504311 0.775623 1.338594 1.642770 0.186479 0.340646 0.851322 1.183280
1.341453 0.341453 0.658547 1.658547 1.940961 1.693568 1.856675 1.550782 0.094309 1.580008 0.777437 1.155846 1.277758 0.721709 0.542691 0.582694 0.549923 0.895167 1.400827 0.671580 1.666507 1.961793 1.331176 0.607845 0.639622 1.344194 0.732798 1.933833 0.376965 0.730273 0.565693 0.988999 0.854496 0.000000 1.088570 1.118692 0.539220 1.641194 1.630119 1.806911 0.788274 0.668016 0.513850 1.705818 1.962224
0.252883 0.747117 1.747117 1.252883 0.970468 0.604998 1.054754 1.360648 0.994261 1.331421 0.311133 1.755584 0.189188 1.810279 0.545880 0.505877 0.538648 0.193404 0.312257 0.416991 0.577937 0.949637 0.242605 0.480725 0.448949 0.255624 1.821369 0.977597 0.711605 0.358297 1.654263 0.099571 1.943066 1.088570 0.000000 1.792737 1.627791 0.552623 1.281311 0.718340 0.300296 1.756587 1.602420 1.205612 0.873654
1.539855 1.460145 0.460145 0.539855 0.822269 1.187740 0.737983 0.432089 1.213002 0.461316 1.896130 0.037154 1.603549 0.396983 1.661383 1.701386 1.668615 1.986141 1.480480 1.790272 1.214800 0.843100 1.550132 1.726537 1.758314 1.537114 0.385894 0.815140 1.495657 1.848965 0.552999 1.892308 0.264197 1.118692 1.792737 0.000000 0.579472 1.240114 0.511426 1.074397 1.906967 0.450676 0.604842 0.587126 0.919084
1.880673 0.880673 0.119327 1.119327 1.401741 1.767212 1.317455 1.011561 0.633530 1.040788 1.316658 0.616626 1.816979 0.182488 1.081911 1.121914 1.089143 1.434387 1.940048 1.210800 1.794272 1.422572 1.870396 1.147065 1.178842 1.883414 0.193578 1.394612 0.916186 1.269493 0.026473 1.528220 0.315275 0.539220 1.627791 0.579472 0.000000 1.819586 1.090898 1.653869 1.327495 0.128796 0.025370 1.166598 1.498556
0.299741 1.299741 1.700259 0.700259 0.417845 0.052374 0.502131 0.808025 1.546884 0.778798 0.863756 1.202960 0.363435 1.637098 1.098503 1.058500 1.091271 0.746027 0.240366 0.969614 0.025314 0.397014 0.310018 1.033349 1.001572 0.297000 1.626008 0.424974 1.264229 0.910921 1.793113 0.652194 1.504311 1.641194 0.552623 1.240114 1.819586 0.000000 0.728688 0.165717 0.852919 1.690790 1.844956 0.652988 0.321030
1.028428 1.971572 0.971572 0.028428 0.310843 0.676313 0.226557 0.079337 1.724428 0.050110 1.592444 0.474273 1.092123 0.908410 1.827191 1.787188 1.819959 1.474715 0.969054 1.698302 0.703374 0.331674 1.038706 1.762036 1.730260 1.025687 0.897320 0.303714 1.992916 1.639608 1.064426 1.380882 0.775623 1.630119 1.281311 0.511426 1.090898 0.728688 0.000000 0.562971 1.581607 0.962102 1.116269 0.075699 0.407657
0.465458 1.465458 1.534542 0.534542 0.252128 0.113343 0.336414 0.642308 1.712601 0.613081 1.029473 1.037244 0.529152 1.471381 1.264220 1.224217 1.256988 0.911744 0.406083 1.135331 0.140403 0.231297 0.475735 1.199065 1.167289 0.462716 1.460291 0.259257 1.429945 1.076638 1.627397 0.817911 1.338594 1.806911 0.718340 1.074397 1.653869 0.165717 0.562971 0.000000 1.018636 1.525073 1.679240 0.487271 0.155314
0.553178 0.446822 1.446822 1.553178 1.270764 0.905294 1.355050 1.660944 0.693965 1.631717 0.010837 1.944120 0.489484 1.509983 0.245584 0.205581 0.238352 0.106892 0.612553 0.116695 0.878233 1.249933 0.542901 0.180429 0.148653 0.555920 1.521073 1.277893 0.411309 0.058001 1.353967 0.200725 1.642770 0.788274 0.300296 1.906967 1.327495 0.852919 1.581607 1.018636 0.000000 1.456291 1.302124 1.505907 1.173950
1.990531 1.009469 0.009469 0.990531 1.272945 1.638416 1.188659 0.882765 0.762326 0.911992 1.445454 0.487830 1.945775 0.053692 1.210707 1.250710 1.217939 1.563183 1.931156 1.339596 1.665476 1.293776 1.999192 1.275861 1.307638 1.987790 0.064782 1.265816 1.044982 1.398289 0.102323 1.657016 0.186479 0.668016 1.756587 0.450676 0.128796 1.690790 0.962102 1.525073 1.456291 0.000000 0.154166 1.037802 1.369760
1.855303 0.855303 0.144697 1.144697 1.427112 1.792582 1.342825 1.036932 0.608159 1.066159 1.291287 0.641996 1.791608 0.207859 1.056541 1.096543 1.063773 1.409016 1.914677 1.185430 1.819643 1.447943 1.845026 1.121695 1.153471 1.858044 0.218948 1.419983 0.890815 1.244123 0.051843 1.502849 0.340646 0.513850 1.602420 0.604842 0.025370 1.844956 1.116269 1.679240 1.302124 0.154166 0.000000 1.191968 1.523926
0.952729 1.952729 1.047271 0.047271 0.235143 0.600614 0.150857 0.155036 1.800127 0.125810 1.516745 0.549972 1.016423 0.984109 1.751491 1.711488 1.744259 1.399015 0.893355 1.622602 0.627674 0.255975 0.963006 1.686337 1.654560 0.949988 0.973020 0.228015 1.917217 1.563909 1.140125 1.305182 0.851322 1.705818 1.205612 0.587126 1.166598 0.652988 0.075699 0.487271 1.505907 1.037802 1.191968 0.000000 0.331958
0.620771 1.620771 1.379229 0.379229 0.096815 0.268656 0.181101 0.486994 1.867915 0.457767 1.184787 0.881930 0.684466 1.316067 1.419533 1.379530 1.412301 1.067057 0.561397 1.290644 0.295717 0.075983 0.631048 1.354379 1.322603 0.618030 1.304978 0.103943 1.585259 1.231951 1.472083 0.973225 1.183280 1.962224 0.873654 0.919084 1.498556 0.321030 0.407657 0.155314 1.173950 1.369760 1.523926 0.331958 0.000000
