20
0.000000 1.000000 2.000000 1.000000 1.683222 0.956774 1.899523 0.302709 1.527351 0.717453 0.134765 0.472673 1.855468 1.884919 0.510268 1.444052 1.288718 1.720758 0.937366 0.455723
1.000000 0.000000 1.000000 2.000000 0.683222 1.956774 1.100477 1.302709 0.527351 1.717453 0.865235 0.527327 1.144532 0.884919 0.489732 0.444052 0.288718 0.720758 0.062634 1.455723
2.000000 1.000000 0.000000 1.000000 0.316778 1.043226 0.100477 1.697291 0.472649 1.282547 1.865235 1.527327 0.144532 0.115081 1.489732 0.555948 0.711282 0.279242 1.062634 1.544277
1.000000 2.000000 1.000000 0.000000 1.316778 0.043226 0.899523 0.697291 1.472649 0.282547 1.134765 1.472673 0.855468 1.115081 1.510268 1.555948 1.711282 1.279242 1.937366 0.544277
1.683222 0.683222 0.316778 1.316778 0.000000 1.360003 0.417255 1.985932 0.155871 1.599325 1.548458 1.210549 0.461310 0.201697 1.172954 0.239170 0.394504 0.037536 0.745857 1.861055
0.956774 1.956774 1.043226 0.043226 1.360003 0.000000 0.942748 0.654065 1.515875 0.239321 1.091539 1.429447 0.898694 1.158307 1.467042 1.599174 1.754508 1.322468 1.894140 0.501051
1.899523 1.100477 0.100477 0.899523 0.417255 0.942748 0.000000 1.596813 0.573126 1.182070 1.965713 1.627804 0.044055 0.215558 1.590209 0.656425 0.811759 0.379719 1.163112 1.443800
0.302709 1.302709 1.697291 0.697291 1.985932 0.654065 1.596813 0.000000 1.830060 0.414743 0.437474 0.775382 1.552759 1.812372 0.812977 1.746762 1.591427 1.976533 1.240075 0.153014
1.527351 0.527351 0.472649 1.472649 0.155871 1.515875 0.573126 1.830060 0.000000 1.755196 1.392586 1.054678 0.617181 0.357568 1.017083 0.083299 0.238633 0.193407 0.589985 1.983074
0.717453 1.717453 1.282547 0.282547 1.599325 0.239321 1.182070 0.414743 1.755196 0.000000 0.852218 1.190126 1.138015 1.397628 1.227721 1.838495 1.993829 1.561789 1.654818 0.261730
0.134765 0.865235 1.865235 1.134765 1.548458 1.091539 1.965713 0.437474 1.392586 0.852218 0.000000 0.337908 1.990233 1.750154 0.375503 1.309287 1.153953 1.585993 0.802601 0.590488
0.472673 0.527327 1.527327 1.472673 1.210549 1.429447 1.627804 0.775382 1.054678 1.190126 0.337908 0.000000 1.671859 1.412246 0.037595 0.971379 0.816045 1.248085 0.464693 0.928396
1.855468 1.144532 0.144532 0.855468 0.461310 0.898694 0.044055 1.552759 0.617181 1.138015 1.990233 1.671859 0.000000 0.259613 1.634264 0.700480 0.855814 0.423774 1.207166 1.399745
1.884919 0.884919 0.115081 1.115081 0.201697 1.158307 0.215558 1.812372 0.357568 1.397628 1.750154 1.412246 0.259613 0.000000 1.374651 0.440867 0.596201 0.164161 0.947553 1.659358
0.510268 0.489732 1.489732 1.510268 1.172954 1.467042 1.590209 0.812977 1.017083 1.227721 0.375503 0.037595 1.634264 1.374651 0.000000 0.933784 0.778450 1.210490 0.427098 0.965991
1.444052 0.444052 0.555948 1.555948 0.239170 1.599174 0.656425 1.746762 0.083299 1.838495 1.309287 0.971379 0.700480 0.440867 0.933784 0.000000 0.155334 0.276706 0.506687 1.899775
1.288718 0.288718 0.711282 1.711282 0.394504 1.754508 0.811759 1.591427 0.238633 1.993829 1.153953 0.816045 0.855814 0.596201 0.778450 0.155334 0.000000 0.432040 0.351352 1.744441
1.720758 0.720758 0.279242 1.279242 0.037536 1.322468 0.379719 1.976533 0.193407 1.561789 1.585993 1.248085 0.423774 0.164161 1.210490 0.276706 0.432040 0.000000 0.783392 1.823519
0.937366 0.062634 1.062634 1.937366 0.745857 1.894140 1.163112 1.240075 0.589985 1.654818 0.802601 0.464693 1.207166 0.947553 0.427098 0.506687 0.351352 0.783392 0.000000 1.393089
0.455723 1.455723 1.544277 0.544277 1.861055 0.501051 1.443800 0.153014 1.983074 0.261730 0.590488 0.928396 1.399745 1.659358 0.965991 1.899775 1.744441 1.823519 1.393089 0.000000
