10
0.000000 1.000000 2.000000 1.000000 0.460165 0.355203 0.380655 0.729587 1.205557 1.911902
1.000000 0.000000 1.000000 2.000000 0.539835 1.355203 0.619345 1.729587 0.205557 0.911902
2.000000 1.000000 0.000000 1.000000 1.539835 1.644797 1.619345 1.270413 0.794443 0.088098
1.000000 2.000000 1.000000 0.000000 1.460165 0.644797 1.380655 0.270413 1.794443 1.088098
0.460165 0.539835 1.539835 1.460165 0.000000 0.815368 0.079510 1.189753 0.745392 1.451737
0.355203 1.355203 1.644797 0.644797 0.815368 0.000000 0.735858 0.374384 1.560760 1.732895
0.380655 0.619345 1.619345 1.380655 0.079510 0.735858 0.000000 1.110242 0.824902 1.531247
0.729587 1.729587 1.270413 0.270413 1.189753 0.374384 1.110242 0.000000 1.935144 1.358511
1.205557 0.205557 0.794443 1.794443 0.745392 1.560760 0.824902 1.935144 0.000000 0.706345
1.911902 0.911902 0.088098 1.088098 1.451737 1.732895 1.531247 1.358511 0.706345 0.000000
