45
0.000000 1.000000 2.000000 1.000000 1.773663 1.875978 1.833758 0.842553 0.272811 1.726088 1.170921 1.236242 0.522712 1.600044 0.144230 0.630629 0.770290 0.913835 1.703659 0.893483 1.690533 1.206198 0.482793 1.206094 0.771688 0.678092 0.655678 1.121261 0.634558 1.742235 0.050443 1.847473 1.705763 1.418302 0.511607 0.486752 1.875497 0.531843 0.326377 1.386005 1.595463 1.942003 0.425981 0.726213 1.334328
1.000000 0.000000 1.000000 2.000000 1.226337 1.124022 1.166242 0.157447 0.727189 0.726088 0.170921 1.763758 0.477288 0.600044 0.855770 1.630629 1.770290 0.086165 1.296341 0.106517 1.309467 1.793802 0.517207 0.206094 1.771688 1.678092 1.655678 1.878739 0.365442 0.742235 1.050443 1.152527 0.705763 0.418302 0.488393 0.513248 1.124503 0.468157 1.326377 1.613995 1.404537 0.942003 1.425981 1.726213 1.665672
2.000000 1.000000 0.000000 1.000000 0.226337 0.124022 0.166242 1.157447 1.727189 0.273912 0.829079 0.763758 1.477288 0.399956 1.855770 1.369371 1.229710 1.086165 0.296341 1.106517 0.309467 0.793802 1.517207 0.793906 1.228312 1.321908 1.344322 0.878739 1.365442 0.257765 1.949557 0.152527 0.294237 0.581698 1.488393 1.513248 0.124503 1.468157 1.673623 0.613995 0.404537 0.057997 1.574019 1.273787 0.665672
1.000000 2.000000 1.000000 0.000000 0.773663 0.875978 0.833758 1.842553 1.272811 1.273912 1.829079 0.236242 1.522712 1.399956 1.144230 0.369371 0.229710 1.913835 0.703659 1.893483 0.690533 0.206198 1.482793 1.793906 0.228312 0.321908 0.344322 0.121261 1.634558 1.257765 0.949557 0.847473 1.294237 1.581698 1.511607 1.486752 0.875497 1.531843 0.673623 0.386005 0.595463 1.057997 0.574019 0.273787 0.334328
1.773663 1.226337 0.226337 0.773663 0.000000 0.102315 0.060095 1.383784 1.953526 0.500249 1.055416 0.537420 1.703625 0.626293 1.917893 1.143034 1.003372 1.312502 0.070004 1.332854 0.083130 0.567465 1.743544 1.020244 1.001974 1.095571 1.117985 0.652402 1.591779 0.484103 1.723220 0.073811 0.520574 0.808035 1.714731 1.739585 0.101834 1.694495 1.447286 0.387658 0.178200 0.284334 1.347682 1.047449 0.439335
1.875978 1.124022 0.124022 0.875978 0.102315 0.000000 0.042220 1.281469 1.851211 0.397934 0.953101 0.639735 1.601310 0.523978 1.979792 1.245349 1.105687 1.210187 0.172319 1.230539 0.185445 0.669780 1.641229 0.917928 1.104289 1.197886 1.220300 0.754717 1.489464 0.381788 1.825535 0.028504 0.418259 0.705720 1.612416 1.637270 0.000481 1.592180 1.549601 0.489973 0.280515 0.182019 1.449997 1.149764 0.541650
1.833758 1.166242 0.166242 0.833758 0.060095 0.042220 0.000000 1.323689 1.893431 0.440154 0.995321 0.597515 1.643530 0.566198 1.977988 1.203128 1.063467 1.252408 0.130099 1.272759 0.143225 0.627559 1.683449 0.960149 1.062069 1.155666 1.178079 0.712496 1.531684 0.424008 1.783315 0.013716 0.460479 0.747941 1.654636 1.679490 0.041739 1.634400 1.507381 0.447753 0.238294 0.224239 1.407777 1.107544 0.499429
0.842553 0.157447 1.157447 1.842553 1.383784 1.281469 1.323689 0.000000 0.569742 0.883535 0.328368 1.921204 0.319841 0.757491 0.698323 1.473182 1.612844 0.071282 1.453788 0.050930 1.466914 1.951249 0.359760 0.363541 1.614242 1.520645 1.498231 1.963814 0.207995 0.899682 0.892996 1.309974 0.863210 0.575749 0.330947 0.355801 1.281950 0.310710 1.168930 1.771442 1.561984 1.099450 1.268534 1.568766 1.823119
0.272811 0.727189 1.727189 1.272811 1.953526 1.851211 1.893431 0.569742 0.000000 1.453277 0.898110 1.509053 0.249901 1.327233 0.128581 0.903440 1.043101 0.641024 1.976470 0.620672 1.963344 1.479009 0.209982 0.933283 1.044499 0.950903 0.928489 1.394072 0.361747 1.469424 0.323254 1.879716 1.432952 1.145491 0.238796 0.213941 1.851692 0.259032 0.599188 1.658816 1.868274 1.669192 0.698792 0.999024 1.607139
1.726088 0.726088 0.273912 1.273912 0.500249 0.397934 0.440154 0.883535 1.453277 0.000000 0.555167 1.037669 1.203376 0.126044 1.581858 1.643283 1.503621 0.812253 0.570253 0.832605 0.583379 1.067714 1.243295 0.519994 1.502223 1.595820 1.618234 1.152651 1.091530 0.016147 1.776531 0.426439 0.020325 0.307786 1.214482 1.239336 0.398415 1.194246 1.947535 0.887907 0.678449 0.215915 1.847931 1.547699 0.939584
1.170921 0.170921 0.829079 1.829079 1.055416 0.953101 0.995321 0.328368 0.898110 0.555167 0.000000 1.592836 0.648209 0.429123 1.026691 1.801551 1.941212 0.257086 1.125420 0.277438 1.138546 1.622881 0.688128 0.035172 1.942610 1.849013 1.826600 1.707818 0.536363 0.571313 1.221364 0.981605 0.534842 0.247381 0.659315 0.684169 0.953582 0.639079 1.497298 1.443074 1.233615 0.771082 1.596902 1.897135 1.494750
1.236242 1.763758 0.763758 0.236242 0.537420 0.639735 0.597515 1.921204 1.509053 1.037669 1.592836 0.000000 1.758955 1.163713 1.380473 0.605613 0.465952 1.849923 0.467416 1.870274 0.454290 0.030044 1.719036 1.557664 0.464554 0.558150 0.580564 0.114981 1.870801 1.021523 1.185799 0.611231 1.057995 1.345456 1.747849 1.722995 0.639254 1.768085 0.909866 0.149762 0.359221 0.821755 0.810262 0.510029 0.098086
0.522712 0.477288 1.477288 1.522712 1.703625 1.601310 1.643530 0.319841 0.249901 1.203376 0.648209 1.758955 0.000000 1.077332 0.378482 1.153342 1.293003 0.391122 1.773629 0.370771 1.786755 1.728911 0.039919 0.683381 1.294401 1.200805 1.178391 1.643974 0.111846 1.219522 0.573156 1.629814 1.183051 0.895589 0.011106 0.035960 1.601791 0.009130 0.849089 1.908717 1.881824 1.419290 0.948693 1.248926 1.857041
1.600044 0.600044 0.399956 1.399956 0.626293 0.523978 0.566198 0.757491 1.327233 0.126044 0.429123 1.163713 1.077332 0.000000 1.455814 1.769326 1.629665 0.686209 0.696297 0.706561 0.709423 1.193758 1.117251 0.393951 1.628267 1.721864 1.744277 1.278695 0.965486 0.142190 1.650487 0.552482 0.105719 0.181742 1.088438 1.113292 0.524459 1.068202 1.926421 1.013951 0.804492 0.341959 1.973975 1.673742 1.065627
0.144230 0.855770 1.855770 1.144230 1.917893 1.979792 1.977988 0.698323 0.128581 1.581858 1.026691 1.380473 0.378482 1.455814 0.000000 0.774859 0.914521 0.769605 1.847889 0.749253 1.834763 1.350428 0.338563 1.061864 0.915919 0.822322 0.799908 1.265491 0.490328 1.598004 0.194673 1.991704 1.561533 1.274072 0.367376 0.342522 1.980273 0.387612 0.470607 1.530235 1.739693 1.797773 0.570211 0.870444 1.478558
0.630629 1.630629 1.369371 0.369371 1.143034 1.245349 1.203128 1.473182 0.903440 1.643283 1.801551 0.605613 1.153342 1.769326 0.774859 0.000000 0.139661 1.544464 1.073030 1.524113 1.059903 0.575569 1.113422 1.836723 0.141059 0.047463 0.025049 0.490632 1.265187 1.627136 0.580186 1.216844 1.663608 1.951069 1.142236 1.117382 1.244868 1.162472 0.304253 0.755375 0.964834 1.427368 0.204648 0.095584 0.703699
0.770290 1.770290 1.229710 0.229710 1.003372 1.105687 1.063467 1.612844 1.043101 1.503621 1.941212 0.465952 1.293003 1.629665 0.914521 0.139661 0.000000 1.684125 0.933368 1.663774 0.920242 0.435908 1.253084 1.976384 0.001398 0.092198 0.114612 0.350971 1.404848 1.487475 0.719847 1.077183 1.523947 1.811408 1.281897 1.257043 1.105206 1.302133 0.443914 0.615714 0.825173 1.287707 0.344309 0.044077 0.564038
0.913835 0.086165 1.086165 1.913835 1.312502 1.210187 1.252408 0.071282 0.641024 0.812253 0.257086 1.849923 0.391122 0.686209 0.769605 1.544464 1.684125 0.000000 1.382506 0.020352 1.395633 1.879967 0.431042 0.292259 1.685523 1.591927 1.569513 1.964904 0.279277 0.828400 0.964278 1.238692 0.791928 0.504467 0.402228 0.427082 1.210668 0.381992 1.240212 1.700160 1.490702 1.028168 1.339816 1.640048 1.751837
1.703659 1.296341 0.296341 0.703659 0.070004 0.172319 0.130099 1.453788 1.976470 0.570253 1.125420 0.467416 1.773629 0.696297 1.847889 1.073030 0.933368 1.382506 0.000000 1.402858 0.013126 0.497461 1.813548 1.090248 0.931970 1.025567 1.047981 0.582398 1.661783 0.554107 1.653216 0.143815 0.590578 0.878039 1.784735 1.809589 0.171838 1.764499 1.377282 0.317654 0.108196 0.354338 1.277678 0.977445 0.369331
0.893483 0.106517 1.106517 1.893483 1.332854 1.230539 1.272759 0.050930 0.620672 0.832605 0.277438 1.870274 0.370771 0.706561 0.749253 1.524113 1.663774 0.020352 1.402858 0.000000 1.415984 1.900319 0.410690 0.312610 1.665172 1.571575 1.549162 1.985256 0.258925 0.848751 0.943926 1.259043 0.812280 0.524819 0.381877 0.406731 1.231020 0.361641 1.219860 1.720512 1.511053 1.048520 1.319464 1.619697 1.772188
1.690533 1.309467 0.309467 0.690533 0.083130 0.185445 0.143225 1.466914 1.963344 0.583379 1.138546 0.454290 1.786755 0.709423 1.834763 1.059903 0.920242 1.395633 0.013126 1.415984 0.000000 0.484334 1.826674 1.103374 0.918844 1.012440 1.034854 0.569271 1.674909 0.567233 1.640089 0.156941 0.603704 0.891166 1.797861 1.822715 0.184964 1.777625 1.364156 0.304528 0.095069 0.367465 1.264552 0.964319 0.356204
1.206198 1.793802 0.793802 0.206198 0.567465 0.669780 0.627559 1.951249 1.479009 1.067714 1.622881 0.030044 1.728911 1.193758 1.350428 0.575569 0.435908 1.879967 0.497461 1.900319 0.484334 0.000000 1.688991 1.587708 0.434510 0.528106 0.550520 0.084937 1.840756 1.051567 1.155755 0.641275 1.088039 1.375500 1.717805 1.692951 0.669299 1.738041 0.879822 0.179807 0.389265 0.851799 0.780217 0.479985 0.128130
0.482793 0.517207 1.517207 1.482793 1.743544 1.641229 1.683449 0.359760 0.209982 1.243295 0.688128 1.719036 0.039919 1.117251 0.338563 1.113422 1.253084 0.431042 1.813548 0.410690 1.826674 1.688991 0.000000 0.723301 1.254482 1.160885 1.138471 1.604054 0.151765 1.259442 0.533236 1.669734 1.222970 0.935509 0.028813 0.003959 1.641710 0.049050 0.809170 1.868798 1.921744 1.459210 0.908774 1.209006 1.817121
1.206094 0.206094 0.793906 1.793906 1.020244 0.917928 0.960149 0.363541 0.933283 0.519994 0.035172 1.557664 0.683381 0.393951 1.061864 1.836723 1.976384 0.292259 1.090248 0.312610 1.103374 1.587708 0.723301 0.000000 1.977782 1.884186 1.861772 1.672645 0.571536 0.536141 1.256537 0.946433 0.499669 0.212208 0.694487 0.719341 0.918409 0.674251 1.532470 1.407902 1.198443 0.735909 1.632075 1.932307 1.459578
0.771688 1.771688 1.228312 0.228312 1.001974 1.104289 1.062069 1.614242 1.044499 1.502223 1.942610 0.464554 1.294401 1.628267 0.915919 0.141059 0.001398 1.685523 0.931970 1.665172 0.918844 0.434510 1.254482 1.977782 0.000000 0.093596 0.116010 0.349573 1.406246 1.486077 0.721245 1.075785 1.522549 1.810010 1.283295 1.258441 1.103808 1.303531 0.445312 0.614316 0.823775 1.286309 0.345707 0.045475 0.562640
0.678092 1.678092 1.321908 0.321908 1.095571 1.197886 1.155666 1.520645 0.950903 1.595820 1.849013 0.558150 1.200805 1.721864 0.822322 0.047463 0.092198 1.591927 1.025567 1.571575 1.012440 0.528106 1.160885 1.884186 0.093596 0.000000 0.022414 0.443169 1.312650 1.579673 0.627649 1.169381 1.616145 1.903606 1.189699 1.164844 1.197405 1.209935 0.351715 0.707913 0.917371 1.379905 0.252111 0.048121 0.656236
0.655678 1.655678 1.344322 0.344322 1.117985 1.220300 1.178079 1.498231 0.928489 1.618234 1.826600 0.580564 1.178391 1.744277 0.799908 0.025049 0.114612 1.569513 1.047981 1.549162 1.034854 0.550520 1.138471 1.861772 0.116010 0.022414 0.000000 0.465583 1.290236 1.602087 0.605235 1.191795 1.638559 1.926020 1.167285 1.142431 1.219819 1.187521 0.329302 0.730326 0.939785 1.402319 0.229697 0.070535 0.678650
1.121261 1.878739 0.878739 0.121261 0.652402 0.754717 0.712496 1.963814 1.394072 1.152651 1.707818 0.114981 1.643974 1.278695 1.265491 0.490632 0.350971 1.964904 0.582398 1.985256 0.569271 0.084937 1.604054 1.672645 0.349573 0.443169 0.465583 0.000000 1.755819 1.136504 1.070818 0.726212 1.172976 1.460437 1.632868 1.608014 0.754236 1.653104 0.794885 0.264744 0.474202 0.936736 0.695280 0.395048 0.213067
0.634558 0.365442 1.365442 1.634558 1.591779 1.489464 1.531684 0.207995 0.361747 1.091530 0.536363 1.870801 0.111846 0.965486 0.490328 1.265187 1.404848 0.279277 1.661783 0.258925 1.674909 1.840756 0.151765 0.571536 1.406246 1.312650 1.290236 1.755819 0.000000 1.107677 0.685001 1.517969 1.071205 0.783744 0.122951 0.147806 1.489945 0.102715 0.960935 1.979437 1.769979 1.307445 1.060539 1.360771 1.968886
1.742235 0.742235 0.257765 1.257765 0.484103 0.381788 0.424008 0.899682 1.469424 0.016147 0.571313 1.021523 1.219522 0.142190 1.598004 1.627136 1.487475 0.828400 0.554107 0.848751 0.567233 1.051567 1.259442 0.536141 1.486077 1.579673 1.602087 1.136504 1.107677 0.000000 1.792678 0.410292 0.036472 0.323933 1.230628 1.255482 0.382268 1.210392 1.931389 0.871761 0.662302 0.199768 1.831784 1.531552 0.923437
0.050443 1.050443 1.949557 0.949557 1.723220 1.825535 1.783315 0.892996 0.323254 1.776531 1.221364 1.185799 0.573156 1.650487 0.194673 0.580186 0.719847 0.964278 1.653216 0.943926 1.640089 1.155755 0.533236 1.256537 0.721245 0.627649 0.605235 1.070818 0.685001 1.792678 0.000000 1.797030 1.756206 1.468745 0.562050 0.537195 1.825054 0.582286 0.275934 1.335562 1.545020 1.992446 0.375538 0.675770 1.283885
1.847473 1.152527 0.152527 0.847473 0.073811 0.028504 0.013716 1.309974 1.879716 0.426439 0.981605 0.611231 1.629814 0.552482 1.991704 1.216844 1.077183 1.238692 0.143815 1.259043 0.156941 0.641275 1.669734 0.946433 1.075785 1.169381 1.191795 0.726212 1.517969 0.410292 1.797030 0.000000 0.446764 0.734225 1.640920 1.665774 0.028024 1.620684 1.521097 0.461469 0.252010 0.210524 1.421492 1.121260 0.513145
1.705763 0.705763 0.294237 1.294237 0.520574 0.418259 0.460479 0.863210 1.432952 0.020325 0.534842 1.057995 1.183051 0.105719 1.561533 1.663608 1.523947 0.791928 0.590578 0.812280 0.603704 1.088039 1.222970 0.499669 1.522549 1.616145 1.638559 1.172976 1.071205 0.036472 1.756206 0.446764 0.000000 0.287461 1.194156 1.219011 0.418740 1.173920 1.967860 0.908232 0.698774 0.236240 1.868256 1.568024 0.959909
1.418302 0.418302 0.581698 1.581698 0.808035 0.705720 0.747941 0.575749 1.145491 0.307786 0.247381 1.345456 0.895589 0.181742 1.274072 1.951069 1.811408 0.504467 0.878039 0.524819 0.891166 1.375500 0.935509 0.212208 1.810010 1.903606 1.926020 1.460437 0.783744 0.323933 1.468745 0.734225 0.287461 0.000000 0.906695 0.931549 0.706201 0.886459 1.744678 1.195693 0.986235 0.523701 1.844283 1.855485 1.247370
0.511607 0.488393 1.488393 1.511607 1.714731 1.612416 1.654636 0.330947 0.238796 1.214482 0.659315 1.747849 0.011106 1.088438 0.367376 1.142236 1.281897 0.402228 1.784735 0.381877 1.797861 1.717805 0.028813 0.694487 1.283295 1.189699 1.167285 1.632868 0.122951 1.230628 0.562050 1.640920 1.194156 0.906695 0.000000 0.024854 1.612897 0.020236 0.837983 1.897611 1.892930 1.430396 0.937588 1.237820 1.845935
0.486752 0.513248 1.513248 1.486752 1.739585 1.637270 1.679490 0.355801 0.213941 1.239336 0.684169 1.722995 0.035960 1.113292 0.342522 1.117382 1.257043 0.427082 1.809589 0.406731 1.822715 1.692951 0.003959 0.719341 1.258441 1.164844 1.142431 1.608014 0.147806 1.255482 0.537195 1.665774 1.219011 0.931549 0.024854 0.000000 1.637751 0.045090 0.813129 1.872757 1.917784 1.455251 0.912733 1.212966 1.821081
1.875497 1.124503 0.124503 0.875497 0.101834 0.000481 0.041739 1.281950 1.851692 0.398415 0.953582 0.639254 1.601791 0.524459 1.980273 1.244868 1.105206 1.210668 0.171838 1.231020 0.184964 0.669299 1.641710 0.918409 1.103808 1.197405 1.219819 0.754236 1.489945 0.382268 1.825054 0.028024 0.418740 0.706201 1.612897 1.637751 0.000000 1.592661 1.549120 0.489492 0.280034 0.182500 1.449516 1.149283 0.541169
0.531843 0.468157 1.468157 1.531843 1.694495 1.592180 1.634400 0.310710 0.259032 1.194246 0.639079 1.768085 0.009130 1.068202 0.387612 1.162472 1.302133 0.381992 1.764499 0.361641 1.777625 1.738041 0.049050 0.674251 1.303531 1.209935 1.187521 1.653104 0.102715 1.210392 0.582286 1.620684 1.173920 0.886459 0.020236 0.045090 1.592661 0.000000 0.858219 1.917847 1.872694 1.410160 0.957824 1.258056 1.866171
0.326377 1.326377 1.673623 0.673623 1.447286 1.549601 1.507381 1.168930 0.599188 1.947535 1.497298 0.909866 0.849089 1.926421 0.470607 0.304253 0.443914 1.240212 1.377282 1.219860 1.364156 0.879822 0.809170 1.532470 0.445312 0.351715 0.329302 0.794885 0.960935 1.931389 0.275934 1.521097 1.967860 1.744678 0.837983 0.813129 1.549120 0.858219 0.000000 1.059628 1.269087 1.731620 0.099604 0.399837 1.007952
1.386005 1.613995 0.613995 0.386005 0.387658 0.489973 0.447753 1.771442 1.658816 0.887907 1.443074 0.149762 1.908717 1.013951 1.530235 0.755375 0.615714 1.700160 0.317654 1.720512 0.304528 0.179807 1.868798 1.407902 0.614316 0.707913 0.730326 0.264744 1.979437 0.871761 1.335562 0.461469 0.908232 1.195693 1.897611 1.872757 0.489492 1.917847 1.059628 0.000000 0.209459 0.671992 0.960024 0.659791 0.051676
1.595463 1.404537 0.404537 0.595463 0.178200 0.280515 0.238294 1.561984 1.868274 0.678449 1.233615 0.359221 1.881824 0.804492 1.739693 0.964834 0.825173 1.490702 0.108196 1.511053 0.095069 0.389265 1.921744 1.198443 0.823775 0.917371 0.939785 0.474202 1.769979 0.662302 1.545020 0.252010 0.698774 0.986235 1.892930 1.917784 0.280034 1.872694 1.269087 0.209459 0.000000 0.462534 1.169482 0.869250 0.261135
1.942003 0.942003 0.057997 1.057997 0.284334 0.182019 0.224239 1.099450 1.669192 0.215915 0.771082 0.821755 1.419290 0.341959 1.797773 1.427368 1.287707 1.028168 0.354338 1.048520 0.367465 0.851799 1.459210 0.735909 1.286309 1.379905 1.402319 0.936736 1.307445 0.199768 1.992446 0.210524 0.236240 0.523701 1.430396 1.455251 0.182500 1.410160 1.731620 0.671992 0.462534 0.000000 1.632016 1.331784 0.723669
0.425981 1.425981 1.574019 0.574019 1.347682 1.449997 1.407777 1.268534 0.698792 1.847931 1.596902 0.810262 0.948693 1.973975 0.570211 0.204648 0.344309 1.339816 1.277678 1.319464 1.264552 0.780217 0.908774 1.632075 0.345707 0.252111 0.229697 0.695280 1.060539 1.831784 0.375538 1.421492 1.868256 1.844283 0.937588 0.912733 1.449516 0.957824 0.099604 0.960024 1.169482 1.632016 0.000000 0.300232 0.908347
0.726213 1.726213 1.273787 0.273787 1.047449 1.149764 1.107544 1.568766 0.999024 1.547699 1.897135 0.510029 1.248926 1.673742 0.870444 0.095584 0.044077 1.640048 0.977445 1.619697 0.964319 0.479985 1.209006 1.932307 0.045475 0.048121 0.070535 0.395048 1.360771 1.531552 0.675770 1.121260 1.568024 1.855485 1.237820 1.212966 1.149283 1.258056 0.399837 0.659791 0.869250 1.331784 0.300232 0.000000 0.608115
1.334328 1.665672 0.665672 0.334328 0.439335 0.541650 0.499429 1.823119 1.607139 0.939584 1.494750 0.098086 1.857041 1.065627 1.478558 0.703699 0.564038 1.751837 0.369331 1.772188 0.356204 0.128130 1.817121 1.459578 0.562640 0.656236 0.678650 0.213067 1.968886 0.923437 1.283885 0.513145 0.959909 1.247370 1.845935 1.821081 0.541169 1.866171 1.007952 0.051676 0.261135 0.723669 0.908347 0.608115 0.000000
