45
0.000000 1.000000 2.000000 1.000000 0.823794 1.611429 1.199792 0.102515 1.138126 0.300228 0.986758 0.695579 0.296978 0.270130 0.924921 1.363958 0.636273 1.748886 1.382504 1.917905 0.438275 0.350998 1.105489 0.475254 1.853695 0.861402 1.701569 0.475644 1.979934 0.405785 0.715433 1.859510 0.020544 0.900130 0.908166 0.494452 0.709519 1.446542 1.491631 0.341546 0.686216 1.282807 1.600482 1.554825 0.649872
1.000000 0.000000 1.000000 2.000000 0.176206 0.611429 0.199792 1.102515 0.138126 0.699772 0.013242 1.695579 1.296978 0.729870 1.924921 1.636042 0.363727 0.748886 0.382504 0.917905 1.438275 0.649002 1.894511 0.524746 1.146305 0.138598 1.298431 0.524356 0.979934 1.405785 1.715433 0.859510 1.020544 0.099870 1.908166 0.505548 1.709519 1.553458 1.508369 1.341546 1.686216 1.717193 0.600482 0.554825 0.350128
2.000000 1.000000 0.000000 1.000000 1.176206 0.388571 0.800208 1.897485 0.861874 1.699772 1.013242 1.304421 1.703022 1.729870 1.075079 0.636042 1.363727 0.251114 0.617496 0.082095 1.561725 1.649002 0.894511 1.524746 0.146305 1.138598 0.298431 1.524356 0.020066 1.594215 1.284567 0.140490 1.979456 1.099870 1.091834 1.505548 1.290481 0.553458 0.508369 1.658454 1.313784 0.717193 0.399518 0.445175 1.350128
1.000000 2.000000 1.000000 0.000000 1.823794 1.388571 1.800208 0.897485 1.861874 1.300228 1.986758 0.304421 0.703022 1.270130 0.075079 0.363958 1.636273 1.251114 1.617496 1.082095 0.561725 1.350998 0.105489 1.475254 0.853695 1.861402 0.701569 1.475644 1.020066 0.594215 0.284567 1.140490 0.979456 1.900130 0.091834 1.494452 0.290481 0.446542 0.491631 0.658454 0.313784 0.282807 1.399518 1.445175 1.649872
0.823794 0.176206 1.176206 1.823794 0.000000 0.787635 0.375998 0.926309 0.314332 0.523565 0.162965 1.519373 1.120772 0.553663 1.748715 1.812248 0.187521 0.925093 0.558710 1.094111 1.262069 0.472796 1.929283 0.348540 1.322511 0.037609 1.474637 0.348150 1.156140 1.229579 1.539226 1.035716 0.844338 0.076337 1.731960 0.329342 1.533313 1.729664 1.684575 1.165340 1.510010 1.893399 0.776688 0.731032 0.173922
1.611429 0.611429 0.388571 1.388571 0.787635 0.000000 0.411637 1.713944 0.473303 1.311201 0.624671 1.692992 1.908407 1.341299 1.463650 1.024613 0.975157 0.137457 0.228926 0.306476 1.950296 1.260431 1.283081 1.136175 0.534875 0.750027 0.687001 1.135785 0.368504 1.982786 1.673138 0.248081 1.631973 0.711299 1.480405 1.116977 1.679052 0.942029 0.896940 1.952975 1.702355 1.105764 0.010947 0.056604 0.961557
1.199792 0.199792 0.800208 1.800208 0.375998 0.411637 0.000000 1.302307 0.061666 0.899564 0.213034 1.895371 1.496770 0.929662 1.875287 1.436250 0.563520 0.549094 0.182711 0.718113 1.638067 0.848794 1.694718 0.724538 0.946512 0.338390 1.098638 0.724148 0.780141 1.605577 1.915225 0.659718 1.220336 0.299662 1.892042 0.705340 1.909311 1.353666 1.308577 1.541338 1.886008 1.517401 0.400690 0.355033 0.549920
0.102515 1.102515 1.897485 0.897485 0.926309 1.713944 1.302307 0.000000 1.240641 0.402744 1.089273 0.593064 0.194463 0.372646 0.822406 1.261443 0.738788 1.851402 1.485019 1.979580 0.335760 0.453513 1.002974 0.577769 1.751180 0.963917 1.599054 0.578159 1.917551 0.303270 0.612917 1.962025 0.081971 1.002645 0.805651 0.596967 0.607004 1.344027 1.389116 0.239031 0.583701 1.180292 1.702997 1.657340 0.752387
1.138126 0.138126 0.861874 1.861874 0.314332 0.473303 0.061666 1.240641 0.000000 0.837898 0.151368 1.833705 1.435104 0.867996 1.936953 1.497916 0.501853 0.610760 0.244377 0.779779 1.576401 0.787128 1.756385 0.662872 1.008178 0.276724 1.160304 0.662482 0.841808 1.543911 1.853559 0.721384 1.158670 0.237996 1.953708 0.643674 1.847645 1.415332 1.370243 1.479672 1.824342 1.579067 0.462356 0.416699 0.488254
0.300228 0.699772 1.699772 1.300228 0.523565 1.311201 0.899564 0.402744 0.837898 0.000000 0.686530 0.995808 0.597207 0.030098 1.225149 1.664187 0.336044 1.448658 1.082275 1.617676 0.738504 0.050770 1.405718 0.175026 1.846076 0.561174 1.998202 0.175416 1.679705 0.706013 1.015661 1.559282 0.320772 0.599902 1.208394 0.194224 1.009747 1.746771 1.791859 0.641775 0.986444 1.583036 1.300253 1.254597 0.349644
0.986758 0.013242 1.013242 1.986758 0.162965 0.624671 0.213034 1.089273 0.151368 0.686530 0.000000 1.682337 1.283737 0.716628 1.911679 1.649283 0.350486 0.762128 0.395745 0.931147 1.425034 0.635760 1.907752 0.511504 1.159546 0.125356 1.311672 0.511114 0.993175 1.392543 1.702191 0.872752 1.007302 0.086628 1.894924 0.492306 1.696277 1.566699 1.521611 1.328305 1.672974 1.730434 0.613723 0.568067 0.336886
0.695579 1.695579 1.304421 0.304421 1.519373 1.692992 1.895371 0.593064 1.833705 0.995808 1.682337 0.000000 0.398601 0.965710 0.229342 0.668379 1.331852 1.555534 1.921917 1.386516 0.257304 1.046577 0.409910 1.170833 1.158116 1.556981 1.005990 1.171223 1.324487 0.289794 0.019854 1.444911 0.675035 1.595709 0.212587 1.190031 0.013940 0.750963 0.796052 0.354033 0.009363 0.587228 1.703939 1.749596 1.345451
0.296978 1.296978 1.703022 0.703022 1.120772 1.908407 1.496770 0.194463 1.435104 0.597207 1.283737 0.398601 0.000000 0.567109 0.627942 1.066980 0.933251 1.954135 1.679482 1.785117 0.141297 0.647977 0.808511 0.772232 1.556717 1.158381 1.404591 0.772622 1.723088 0.108806 0.418454 1.843512 0.276434 1.197109 0.611188 0.791430 0.412540 1.149564 1.194652 0.044568 0.389238 0.985829 1.897460 1.851804 0.946850
0.270130 0.729870 1.729870 1.270130 0.553663 1.341299 0.929662 0.372646 0.867996 0.030098 0.716628 0.965710 0.567109 0.000000 1.195051 1.634089 0.366142 1.478756 1.112373 1.647774 0.708406 0.080868 1.375620 0.205124 1.876174 0.591272 1.971700 0.205514 1.709803 0.675915 0.985563 1.589380 0.290675 0.630000 1.178296 0.224322 0.979649 1.716673 1.761761 0.611677 0.956346 1.552938 1.330351 1.284695 0.379742
0.924921 1.924921 1.075079 0.075079 1.748715 1.463650 1.875287 0.822406 1.936953 1.225149 1.911679 0.229342 0.627942 1.195051 0.000000 0.439038 1.561193 1.326193 1.692576 1.157174 0.486646 1.275919 0.180569 1.400175 0.928775 1.786323 0.776649 1.400565 1.095146 0.519136 0.209488 1.215569 0.904377 1.825051 0.016755 1.419373 0.215402 0.521621 0.566710 0.583374 0.238705 0.357886 1.474597 1.520254 1.574793
1.363958 1.636042 0.636042 0.363958 1.812248 1.024613 1.436250 1.261443 1.497916 1.664187 1.649283 0.668379 1.066980 1.634089 0.439038 0.000000 1.999769 0.887155 1.253538 0.718137 0.925683 1.714957 0.258469 1.839212 0.489737 1.774639 0.337611 1.839602 0.656108 0.958174 0.648526 0.776532 1.343414 1.735911 0.455792 1.858410 0.654440 0.082584 0.127672 1.022412 0.677742 0.081151 1.035560 1.081216 1.986170
0.636273 0.363727 1.363727 1.636273 0.187521 0.975157 0.563520 0.738788 0.501853 0.336044 0.350486 1.331852 0.933251 0.366142 1.561193 1.999769 0.000000 1.112614 0.746231 1.281632 1.074548 0.285274 1.741762 0.161019 1.510032 0.225130 1.662158 0.160628 1.343661 1.042057 1.351705 1.223238 0.656817 0.263858 1.544439 0.141821 1.345791 1.917185 1.872097 0.977819 1.322489 1.919080 0.964209 0.918553 0.013599
1.748886 0.748886 0.251114 1.251114 0.925093 0.137457 0.549094 1.851402 0.610760 1.448658 0.762128 1.555534 1.954135 1.478756 1.326193 0.887155 1.112614 0.000000 0.366383 0.169018 1.812838 1.397888 1.145624 1.273632 0.397418 0.887484 0.549544 1.273242 0.231047 1.845329 1.535681 0.110624 1.769430 0.848756 1.342948 1.254434 1.541595 0.804571 0.759483 1.909567 1.564898 0.968306 0.148405 0.194061 1.099014
1.382504 0.382504 0.617496 1.617496 0.558710 0.228926 0.182711 1.485019 0.244377 1.082275 0.395745 1.921917 1.679482 1.112373 1.692576 1.253538 0.746231 0.366383 0.000000 0.535401 1.820779 1.031505 1.512007 0.907249 0.763801 0.521101 0.915927 0.906859 0.597430 1.788288 1.902064 0.477007 1.403048 0.482373 1.709330 0.888051 1.907978 1.170954 1.125866 1.724050 1.931280 1.334689 0.217978 0.172322 0.732631
1.917905 0.917905 0.082095 1.082095 1.094111 0.306476 0.718113 1.979580 0.779779 1.617676 0.931147 1.386516 1.785117 1.647774 1.157174 0.718137 1.281632 0.169018 0.535401 0.000000 1.643820 1.566907 0.976606 1.442651 0.228400 1.056502 0.380526 1.442261 0.062029 1.676310 1.366663 0.058395 1.938449 1.017774 1.173929 1.423453 1.372576 0.635553 0.590464 1.740549 1.395879 0.799288 0.317423 0.363079 1.268033
0.438275 1.438275 1.561725 0.561725 1.262069 1.950296 1.638067 0.335760 1.576401 0.738504 1.425034 0.257304 0.141297 0.708406 0.486646 0.925683 1.074548 1.812838 1.820779 1.643820 0.000000 0.789273 0.667214 0.913529 1.415420 1.299678 1.263294 0.913919 1.581791 0.032490 0.277157 1.702215 0.417731 1.338406 0.469891 0.932727 0.271243 1.008267 1.053356 0.096729 0.247941 0.844532 1.961243 1.993101 1.088147
0.350998 0.649002 1.649002 1.350998 0.472796 1.260431 0.848794 0.453513 0.787128 0.050770 0.635760 1.046577 0.647977 0.080868 1.275919 1.714957 0.285274 1.397888 1.031505 1.566907 0.789273 0.000000 1.456488 0.124256 1.795306 0.510404 1.947432 0.124646 1.628935 0.756783 1.066431 1.508512 0.371542 0.549132 1.259164 0.143454 1.060517 1.797540 1.842629 0.692545 1.037214 1.633805 1.249484 1.203827 0.298874
1.105489 1.894511 0.894511 0.105489 1.929283 1.283081 1.694718 1.002974 1.756385 1.405718 1.907752 0.409910 0.808511 1.375620 0.180569 0.258469 1.741762 1.145624 1.512007 0.976606 0.667214 1.456488 0.000000 1.580743 0.748206 1.966892 0.596080 1.581134 0.914577 0.699705 0.390057 1.035001 1.084945 1.994380 0.197323 1.599941 0.395971 0.341053 0.386141 0.763943 0.419273 0.177318 1.294029 1.339685 1.755361
0.475254 0.524746 1.524746 1.475254 0.348540 1.136175 0.724538 0.577769 0.662872 0.175026 0.511504 1.170833 0.772232 0.205124 1.400175 1.839212 0.161019 1.273632 0.907249 1.442651 0.913529 0.124256 1.580743 0.000000 1.671050 0.386148 1.823176 0.000390 1.504679 0.881039 1.190687 1.384256 0.495798 0.424876 1.383420 0.019198 1.184773 1.921796 1.966885 0.816800 1.161470 1.758061 1.125228 1.079571 0.174618
1.853695 1.146305 0.146305 0.853695 1.322511 0.534875 0.946512 1.751180 1.008178 1.846076 1.159546 1.158116 1.556717 1.876174 0.928775 0.489737 1.510032 0.397418 0.763801 0.228400 1.415420 1.795306 0.748206 1.671050 0.000000 1.284902 0.152126 1.670660 0.166371 1.447911 1.138263 0.286794 1.833151 1.246174 0.945530 1.651852 1.144177 0.407153 0.362065 1.512149 1.167479 0.570888 0.545823 0.591479 1.496432
0.861402 0.138598 1.138598 1.861402 0.037609 0.750027 0.338390 0.963917 0.276724 0.561174 0.125356 1.556981 1.158381 0.591272 1.786323 1.774639 0.225130 0.887484 0.521101 1.056502 1.299678 0.510404 1.966892 0.386148 1.284902 0.000000 1.437028 0.385758 1.118531 1.267187 1.576835 0.998108 0.881946 0.038728 1.769568 0.366950 1.570921 1.692055 1.646967 1.202949 1.547618 1.855790 0.739079 0.693423 0.211530
1.701569 1.298431 0.298431 0.701569 1.474637 0.687001 1.098638 1.599054 1.160304 1.998202 1.311672 1.005990 1.404591 1.971700 0.776649 0.337611 1.662158 0.549544 0.915927 0.380526 1.263294 1.947432 0.596080 1.823176 0.152126 1.437028 0.000000 1.822786 0.318497 1.295785 0.986137 0.438920 1.681025 1.398300 0.793404 1.803978 0.992051 0.255027 0.209939 1.360023 1.015353 0.418762 0.697949 0.743605 1.648558
0.475644 0.524356 1.524356 1.475644 0.348150 1.135785 0.724148 0.578159 0.662482 0.175416 0.511114 1.171223 0.772622 0.205514 1.400565 1.839602 0.160628 1.273242 0.906859 1.442261 0.913919 0.124646 1.581134 0.000390 1.670660 0.385758 1.822786 0.000000 1.504289 0.881429 1.191077 1.383866 0.496188 0.424486 1.383810 0.018808 1.185163 1.922186 1.967275 0.817190 1.161860 1.758451 1.124838 1.079181 0.174228
1.979934 0.979934 0.020066 1.020066 1.156140 0.368504 0.780141 1.917551 0.841808 1.679705 0.993175 1.324487 1.723088 1.709803 1.095146 0.656108 1.343661 0.231047 0.597430 0.062029 1.581791 1.628935 0.914577 1.504679 0.166371 1.118531 0.318497 1.504289 0.000000 1.614282 1.304634 0.120423 1.999522 1.079803 1.111900 1.485482 1.310548 0.573524 0.528436 1.678520 1.333850 0.737259 0.379452 0.425108 1.330061
0.405785 1.405785 1.594215 0.594215 1.229579 1.982786 1.605577 0.303270 1.543911 0.706013 1.392543 0.289794 0.108806 0.675915 0.519136 0.958174 1.042057 1.845329 1.788288 1.676310 0.032490 0.756783 0.699705 0.881039 1.447911 1.267187 1.295785 0.881429 1.614282 0.000000 0.309648 1.734705 0.385241 1.305915 0.502381 0.900237 0.303734 1.040757 1.085846 0.064238 0.280431 0.877023 1.993733 1.960610 1.055657
0.715433 1.715433 1.284567 0.284567 1.539226 1.673138 1.915225 0.612917 1.853559 1.015661 1.702191 0.019854 0.418454 0.985563 0.209488 0.648526 1.351705 1.535681 1.902064 1.366663 0.277157 1.066431 0.390057 1.190687 1.138263 1.576835 0.986137 1.191077 1.304634 0.309648 0.000000 1.425057 0.694889 1.615563 0.192733 1.209885 0.005914 0.731110 0.776198 0.373886 0.029217 0.567375 1.684086 1.729742 1.365305
1.859510 0.859510 0.140490 1.140490 1.035716 0.248081 0.659718 1.962025 0.721384 1.559282 0.872752 1.444911 1.843512 1.589380 1.215569 0.776532 1.223238 0.110624 0.477007 0.058395 1.702215 1.508512 1.035001 1.384256 0.286794 0.998108 0.438920 1.383866 0.120423 1.734705 1.425057 0.000000 1.880054 0.959380 1.232324 1.365058 1.430971 0.693948 0.648859 1.798944 1.454274 0.857683 0.259028 0.304685 1.209638
0.020544 1.020544 1.979456 0.979456 0.844338 1.631973 1.220336 0.081971 1.158670 0.320772 1.007302 0.675035 0.276434 0.290675 0.904377 1.343414 0.656817 1.769430 1.403048 1.938449 0.417731 0.371542 1.084945 0.495798 1.833151 0.881946 1.681025 0.496188 1.999522 0.385241 0.694889 1.880054 0.000000 0.920674 0.887622 0.514996 0.688975 1.425998 1.471087 0.321002 0.665672 1.262263 1.621026 1.575369 0.670416
0.900130 0.099870 1.099870 1.900130 0.076337 0.711299 0.299662 1.002645 0.237996 0.599902 0.086628 1.595709 1.197109 0.630000 1.825051 1.735911 0.263858 0.848756 0.482373 1.017774 1.338406 0.549132 1.994380 0.424876 1.246174 0.038728 1.398300 0.424486 1.079803 1.305915 1.615563 0.959380 0.920674 0.000000 1.808296 0.405678 1.609649 1.653327 1.608239 1.241677 1.586346 1.817062 0.700351 0.654695 0.250258
0.908166 1.908166 1.091834 0.091834 1.731960 1.480405 1.892042 0.805651 1.953708 1.208394 1.894924 0.212587 0.611188 1.178296 0.016755 0.455792 1.544439 1.342948 1.709330 1.173929 0.469891 1.259164 0.197323 1.383420 0.945530 1.769568 0.793404 1.383810 1.111900 0.502381 0.192733 1.232324 0.887622 1.808296 0.000000 1.402618 0.198647 0.538376 0.583465 0.566620 0.221950 0.374641 1.491352 1.537009 1.558038
0.494452 0.505548 1.505548 1.494452 0.329342 1.116977 0.705340 0.596967 0.643674 0.194224 0.492306 1.190031 0.791430 0.224322 1.419373 1.858410 0.141821 1.254434 0.888051 1.423453 0.932727 0.143454 1.599941 0.019198 1.651852 0.366950 1.803978 0.018808 1.485482 0.900237 1.209885 1.365058 0.514996 0.405678 1.402618 0.000000 1.203971 1.940994 1.986083 0.835998 1.180668 1.777259 1.106030 1.060373 0.155420
0.709519 1.709519 1.290481 0.290481 1.533313 1.679052 1.909311 0.607004 1.847645 1.009747 1.696277 0.013940 0.412540 0.979649 0.215402 0.654440 1.345791 1.541595 1.907978 1.372576 0.271243 1.060517 0.395971 1.184773 1.144177 1.570921 0.992051 1.185163 1.310548 0.303734 0.005914 1.430971 0.688975 1.609649 0.198647 1.203971 0.000000 0.737024 0.782112 0.367972 0.023303 0.573289 1.690000 1.735656 1.359391
1.446542 1.553458 0.553458 0.446542 1.729664 0.942029 1.353666 1.344027 1.415332 1.746771 1.566699 0.750963 1.149564 1.716673 0.521621 0.082584 1.917185 0.804571 1.170954 0.635553 1.008267 1.797540 0.341053 1.921796 0.407153 1.692055 0.255027 1.922186 0.573524 1.040757 0.731110 0.693948 1.425998 1.653327 0.538376 1.940994 0.737024 0.000000 0.045089 1.104996 0.760326 0.163735 0.952976 0.998632 1.903586
1.491631 1.508369 0.508369 0.491631 1.684575 0.896940 1.308577 1.389116 1.370243 1.791859 1.521611 0.796052 1.194652 1.761761 0.566710 0.127672 1.872097 0.759483 1.125866 0.590464 1.053356 1.842629 0.386141 1.966885 0.362065 1.646967 0.209939 1.967275 0.528436 1.085846 0.776198 0.648859 1.471087 1.608239 0.583465 1.986083 0.782112 0.045089 0.000000 1.150084 0.805415 0.208824 0.907887 0.953544 1.858497
0.341546 1.341546 1.658454 0.658454 1.165340 1.952975 1.541338 0.239031 1.479672 0.641775 1.328305 0.354033 0.044568 0.611677 0.583374 1.022412 0.977819 1.909567 1.724050 1.740549 0.096729 0.692545 0.763943 0.816800 1.512149 1.202949 1.360023 0.817190 1.678520 0.064238 0.373886 1.798944 0.321002 1.241677 0.566620 0.835998 0.367972 1.104996 1.150084 0.000000 0.344670 0.941261 1.942028 1.896372 0.991418
0.686216 1.686216 1.313784 0.313784 1.510010 1.702355 1.886008 0.583701 1.824342 0.986444 1.672974 0.009363 0.389238 0.956346 0.238705 0.677742 1.322489 1.564898 1.931280 1.395879 0.247941 1.037214 0.419273 1.161470 1.167479 1.547618 1.015353 1.161860 1.333850 0.280431 0.029217 1.454274 0.665672 1.586346 0.221950 1.180668 0.023303 0.760326 0.805415 0.344670 0.000000 0.596591 1.713302 1.758959 1.336088
1.282807 1.717193 0.717193 0.282807 1.893399 1.105764 1.517401 1.180292 1.579067 1.583036 1.730434 0.587228 0.985829 1.552938 0.357886 0.081151 1.919080 0.968306 1.334689 0.799288 0.844532 1.633805 0.177318 1.758061 0.570888 1.855790 0.418762 1.758451 0.737259 0.877023 0.567375 0.857683 1.262263 1.817062 0.374641 1.777259 0.573289 0.163735 0.208824 0.941261 0.596591 0.000000 1.116711 1.162367 1.932679
1.600482 0.600482 0.399518 1.399518 0.776688 0.010947 0.400690 1.702997 0.462356 1.300253 0.613723 1.703939 1.897460 1.330351 1.474597 1.035560 0.964209 0.148405 0.217978 0.317423 1.961243 1.249484 1.294029 1.125228 0.545823 0.739079 0.697949 1.124838 0.379452 1.993733 1.684086 0.259028 1.621026 0.700351 1.491352 1.106030 1.690000 0.952976 0.907887 1.942028 1.713302 1.116711 0.000000 0.045656 0.950610
1.554825 0.554825 0.445175 1.445175 0.731032 0.056604 0.355033 1.657340 0.416699 1.254597 0.568067 1.749596 1.851804 1.284695 1.520254 1.081216 0.918553 0.194061 0.172322 0.363079 1.993101 1.203827 1.339685 1.079571 0.591479 0.693423 0.743605 1.079181 0.425108 1.960610 1.729742 0.304685 1.575369 0.654695 1.537009 1.060373 1.735656 0.998632 0.953544 1.896372 1.758959 1.162367 0.045656 0.000000 0.904953
0.649872 0.350128 1.350128 1.649872 0.173922 0.961557 0.549920 0.752387 0.488254 0.349644 0.336886 1.345451 0.946850 0.379742 1.574793 1.986170 0.013599 1.099014 0.732631 1.268033 1.088147 0.298874 1.755361 0.174618 1.496432 0.211530 1.648558 0.174228 1.330061 1.055657 1.365305 1.209638 0.670416 0.250258 1.558038 0.155420 1.359391 1.903586 1.858497 0.991418 1.336088 1.932679 0.950610 0.904953 0.000000
