40
0.000000 1.000000 2.000000 1.000000 0.817970 1.816302 1.891259 0.742629 0.125139 1.281584 0.120611 0.065329 0.582324 1.938860 0.950403 0.657834 0.765661 0.941625 1.791314 0.503752 0.619454 0.540835 1.946663 1.168886 0.017471 0.347631 0.096222 1.553586 0.144212 1.222599 0.658879 1.918569 0.654382 0.109170 1.061253 0.121649 1.971080 1.765811 1.535251 0.264698
1.000000 0.000000 1.000000 2.000000 1.817970 1.183698 0.891259 1.742629 0.874861 0.281584 1.120611 0.934671 1.582324 0.938860 1.950403 0.342166 0.234339 0.058375 0.791314 1.503752 1.619454 1.540835 0.946663 1.831114 0.982529 0.652369 1.096222 1.446414 1.144212 0.222599 1.658879 0.918569 0.345618 0.890830 1.938747 0.878351 1.028920 1.234189 1.464749 0.735302
2.000000 1.000000 0.000000 1.000000 1.182030 0.183698 0.108741 1.257371 1.874861 0.718416 1.879389 1.934671 1.417676 0.061140 1.049597 1.342166 1.234339 1.058375 0.208686 1.496248 1.380546 1.459165 0.053337 0.831114 1.982529 1.652369 1.903778 0.446414 1.855788 0.777401 1.341121 0.081431 1.345618 1.890830 0.938747 1.878351 0.028920 0.234189 0.464749 1.735302
1.000000 2.000000 1.000000 0.000000 0.182030 0.816302 1.108741 0.257371 1.125139 1.718416 0.879389 1.065329 0.417676 1.061140 0.049597 1.657834 1.765661 1.941625 1.208686 0.496248 0.380546 0.459165 1.053337 0.168886 1.017471 1.347631 0.903778 0.553586 0.855788 1.777401 0.341121 1.081431 1.654382 1.109170 0.061253 1.121649 0.971080 0.765811 0.535251 1.264698
0.817970 1.817970 1.182030 0.182030 0.000000 0.998332 1.290771 0.075341 0.943109 1.900447 0.697358 0.883299 0.235646 1.243170 0.132433 1.475804 1.583631 1.759595 1.390716 0.314218 0.198516 0.277135 1.235367 0.350917 0.835441 1.165601 0.721747 0.735616 0.673758 1.959431 0.159091 1.263461 1.472352 0.927140 0.243283 0.939619 1.153110 0.947841 0.717281 1.082668
1.816302 1.183698 0.183698 0.816302 0.998332 0.000000 0.292438 1.073673 1.941441 0.902114 1.695691 1.881632 1.233978 0.244838 0.865899 1.525863 1.418036 1.242072 0.392383 1.312551 1.196848 1.275468 0.237035 0.647416 1.833773 1.836066 1.720080 0.262716 1.672090 0.961098 1.157423 0.265129 1.529316 1.925472 0.755049 1.937952 0.154778 0.050491 0.281051 1.919000
1.891259 0.891259 0.108741 1.108741 1.290771 0.292438 0.000000 1.366112 1.766120 0.609676 1.988129 1.825930 1.526417 0.047601 1.158338 1.233425 1.125598 0.949634 0.099945 1.604989 1.489287 1.567906 0.055403 0.939854 1.873788 1.543628 1.987482 0.555154 1.964529 0.668660 1.449862 0.027309 1.236877 1.782089 1.047488 1.769610 0.137661 0.342929 0.573489 1.626561
0.742629 1.742629 1.257371 0.257371 0.075341 1.073673 1.366112 0.000000 0.867768 1.975788 0.622018 0.807958 0.160305 1.318511 0.207774 1.400463 1.508290 1.684254 1.466057 0.238877 0.123175 0.201794 1.310708 0.426258 0.760100 1.090260 0.646406 0.810957 0.598417 1.965228 0.083750 1.338802 1.397011 0.851799 0.318624 0.864278 1.228451 1.023182 0.792622 1.007327
0.125139 0.874861 1.874861 1.125139 0.943109 1.941441 1.766120 0.867768 0.000000 1.156444 0.245750 0.059810 0.707463 1.813721 1.075542 0.532695 0.640522 0.816486 1.666175 0.628891 0.744593 0.665974 1.821524 1.294025 0.107668 0.222492 0.221361 1.678725 0.269351 1.097460 0.784018 1.793430 0.529243 0.015969 1.186392 0.003490 1.903781 1.890950 1.660390 0.139559
1.281584 0.281584 0.718416 1.718416 1.900447 0.902114 0.609676 1.975788 1.156444 0.000000 1.402195 1.216254 1.863908 0.657277 1.768014 0.623749 0.515922 0.339958 0.509731 1.785335 1.901037 1.822418 0.665079 1.549530 1.264112 0.933952 1.377806 1.164830 1.425796 0.058984 1.940463 0.636985 0.627201 1.172413 1.657164 1.159934 0.747337 0.952605 1.183165 1.016885
0.120611 1.120611 1.879389 0.879389 0.697358 1.695691 1.988129 0.622018 0.245750 1.402195 0.000000 0.185941 0.461713 1.940528 0.829792 0.778446 0.886273 1.062237 1.911926 0.383140 0.498843 0.420223 1.932726 1.048275 0.138082 0.468243 0.024389 1.432975 0.023601 1.343211 0.538268 1.960820 0.774993 0.229781 0.940641 0.242261 1.850469 1.645200 1.414640 0.385310
0.065329 0.934671 1.934671 1.065329 0.883299 1.881632 1.825930 0.807958 0.059810 1.216254 0.185941 0.000000 0.647653 1.873531 1.015732 0.592505 0.700332 0.876296 1.725985 0.569081 0.684783 0.606164 1.881333 1.234216 0.047858 0.282302 0.161552 1.618916 0.209541 1.157270 0.724208 1.853239 0.589053 0.043841 1.126582 0.056320 1.963591 1.831141 1.600581 0.199369
0.582324 1.582324 1.417676 0.417676 0.235646 1.233978 1.526417 0.160305 0.707463 1.863908 0.461713 0.647653 0.000000 1.478816 0.368079 1.240158 1.347985 1.523949 1.626362 0.078572 0.037130 0.041489 1.471013 0.586562 0.599795 0.929955 0.486102 0.971262 0.438112 1.804924 0.076555 1.499107 1.236706 0.691494 0.478929 0.703973 1.388756 1.183487 0.952927 0.847022
1.938860 0.938860 0.061140 1.061140 1.243170 0.244838 0.047601 1.318511 1.813721 0.657277 1.940528 1.873531 1.478816 0.000000 1.110737 1.281026 1.173199 0.997235 0.147546 1.557388 1.441686 1.520305 0.007803 0.892253 1.921389 1.591229 1.964917 0.507554 1.916928 0.716261 1.402261 0.020292 1.284478 1.829690 0.999887 1.817211 0.090060 0.295329 0.525889 1.674162
0.950403 1.950403 1.049597 0.049597 0.132433 0.865899 1.158338 0.207774 1.075542 1.768014 0.829792 1.015732 0.368079 1.110737 0.000000 1.608237 1.716064 1.892028 1.258283 0.446651 0.330949 0.409568 1.102934 0.218484 0.967874 1.298034 0.854181 0.603183 0.806191 1.826998 0.291524 1.131028 1.604785 1.059573 0.110850 1.072052 1.020677 0.815408 0.584848 1.215101
0.657834 0.342166 1.342166 1.657834 1.475804 1.525863 1.233425 1.400463 0.532695 0.623749 0.778446 0.592505 1.240158 1.281026 1.608237 0.000000 0.107827 0.283791 1.133480 1.161586 1.277288 1.198669 1.288828 1.826721 0.640363 0.310203 0.754057 1.788579 0.802046 0.564765 1.316713 1.260734 0.003452 0.548664 1.719087 0.536185 1.371086 1.576354 1.806914 0.393136
0.765661 0.234339 1.234339 1.765661 1.583631 1.418036 1.125598 1.508290 0.640522 0.515922 0.886273 0.700332 1.347985 1.173199 1.716064 0.107827 0.000000 0.175964 1.025653 1.269413 1.385115 1.306496 1.181001 1.934548 0.748190 0.418030 0.861884 1.680752 0.909873 0.456938 1.424540 1.152907 0.111279 0.656491 1.826914 0.644012 1.263259 1.468527 1.699087 0.500963
0.941625 0.058375 1.058375 1.941625 1.759595 1.242072 0.949634 1.684254 0.816486 0.339958 1.062237 0.876296 1.523949 0.997235 1.892028 0.283791 0.175964 0.000000 0.849689 1.445377 1.561079 1.482460 1.005037 1.889488 0.924154 0.593994 1.037848 1.504788 1.085838 0.280974 1.600504 0.976943 0.287243 0.832455 1.997122 0.819976 1.087295 1.292563 1.523123 0.676927
1.791314 0.791314 0.208686 1.208686 1.390716 0.392383 0.099945 1.466057 1.666175 0.509731 1.911926 1.725985 1.626362 0.147546 1.258283 1.133480 1.025653 0.849689 0.000000 1.704934 1.589232 1.667851 0.155348 1.039799 1.773843 1.443683 1.887537 0.655099 1.935526 0.568715 1.549807 0.127254 1.136932 1.682144 1.147433 1.669665 0.237606 0.442874 0.673434 1.526616
0.503752 1.503752 1.496248 0.496248 0.314218 1.312551 1.604989 0.238877 0.628891 1.785335 0.383140 0.569081 0.078572 1.557388 0.446651 1.161586 1.269413 1.445377 1.704934 0.000000 0.115702 0.037083 1.549586 0.665135 0.521223 0.851383 0.407529 1.049835 0.359539 1.726351 0.155127 1.577680 1.158134 0.612922 0.557501 0.625401 1.467328 1.262060 1.031500 0.768450
0.619454 1.619454 1.380546 0.380546 0.198516 1.196848 1.489287 0.123175 0.744593 1.901037 0.498843 0.684783 0.037130 1.441686 0.330949 1.277288 1.385115 1.561079 1.589232 0.115702 0.000000 0.078619 1.433883 0.549432 0.636925 0.967085 0.523232 0.934132 0.475242 1.842053 0.039425 1.461977 1.273836 0.728624 0.441799 0.741103 1.351626 1.146357 0.915797 0.884152
0.540835 1.540835 1.459165 0.459165 0.277135 1.275468 1.567906 0.201794 0.665974 1.822418 0.420223 0.606164 0.041489 1.520305 0.409568 1.198669 1.306496 1.482460 1.667851 0.037083 0.078619 0.000000 1.512503 0.628052 0.558306 0.888466 0.444612 1.012752 0.396623 1.763434 0.118044 1.540597 1.195217 0.650005 0.520418 0.662484 1.430245 1.224977 0.994417 0.805533
1.946663 0.946663 0.053337 1.053337 1.235367 0.237035 0.055403 1.310708 1.821524 0.665079 1.932726 1.881333 1.471013 0.007803 1.102934 1.288828 1.181001 1.005037 0.155348 1.549586 1.433883 1.512503 0.000000 0.884451 1.929192 1.599031 1.957115 0.499751 1.909125 0.724063 1.394458 0.028094 1.292281 1.837493 0.992084 1.825013 0.082257 0.287526 0.518086 1.681965
1.168886 1.831114 0.831114 0.168886 0.350917 0.647416 0.939854 0.426258 1.294025 1.549530 1.048275 1.234216 0.586562 0.892253 0.218484 1.826721 1.934548 1.889488 1.039799 0.665135 0.549432 0.628052 0.884451 0.000000 1.186358 1.516518 1.072664 0.384700 1.024674 1.608514 0.510007 0.912545 1.823268 1.278056 0.107634 1.290536 0.802193 0.596925 0.366365 1.433585
0.017471 0.982529 1.982529 1.017471 0.835441 1.833773 1.873788 0.760100 0.107668 1.264112 0.138082 0.047858 0.599795 1.921389 0.967874 0.640363 0.748190 0.924154 1.773843 0.521223 0.636925 0.558306 1.929192 1.186358 0.000000 0.330160 0.113694 1.571057 0.161683 1.205128 0.676350 1.901098 0.636911 0.091699 1.078724 0.104178 1.988551 1.783282 1.552722 0.247227
0.347631 0.652369 1.652369 1.347631 1.165601 1.836066 1.543628 1.090260 0.222492 0.933952 0.468243 0.282302 0.929955 1.591229 1.298034 0.310203 0.418030 0.593994 1.443683 0.851383 0.967085 0.888466 1.599031 1.516518 0.330160 0.000000 0.443854 1.901218 0.491843 0.874968 1.006510 1.570937 0.306751 0.238461 1.408884 0.225982 1.681289 1.886557 1.882883 0.082933
0.096222 1.096222 1.903778 0.903778 0.721747 1.720080 1.987482 0.646406 0.221361 1.377806 0.024389 0.161552 0.486102 1.964917 0.854181 0.754057 0.861884 1.037848 1.887537 0.407529 0.523232 0.444612 1.957115 1.072664 0.113694 0.443854 0.000000 1.457364 0.047990 1.318822 0.562657 1.985209 0.750604 0.205392 0.965030 0.217872 1.874857 1.669589 1.439029 0.360921
1.553586 1.446414 0.446414 0.553586 0.735616 0.262716 0.555154 0.810957 1.678725 1.164830 1.432975 1.618916 0.971262 0.507554 0.603183 1.788579 1.680752 1.504788 0.655099 1.049835 0.934132 1.012752 0.499751 0.384700 1.571057 1.901218 1.457364 0.000000 1.409374 1.223814 0.894707 0.527845 1.792032 1.662756 0.492333 1.675236 0.417494 0.212225 0.018335 1.818284
0.144212 1.144212 1.855788 0.855788 0.673758 1.672090 1.964529 0.598417 0.269351 1.425796 0.023601 0.209541 0.438112 1.916928 0.806191 0.802046 0.909873 1.085838 1.935526 0.359539 0.475242 0.396623 1.909125 1.024674 0.161683 0.491843 0.047990 1.409374 0.000000 1.366812 0.514667 1.937219 0.798594 0.253382 0.917041 0.265862 1.826868 1.621599 1.391039 0.408910
1.222599 0.222599 0.777401 1.777401 1.959431 0.961098 0.668660 1.965228 1.097460 0.058984 1.343211 1.157270 1.804924 0.716261 1.826998 0.564765 0.456938 0.280974 0.568715 1.726351 1.842053 1.763434 0.724063 1.608514 1.205128 0.874968 1.318822 1.223814 1.366812 0.000000 1.881479 0.695969 0.568217 1.113429 1.716148 1.100950 0.806321 1.011589 1.242149 0.957901
0.658879 1.658879 1.341121 0.341121 0.159091 1.157423 1.449862 0.083750 0.784018 1.940463 0.538268 0.724208 0.076555 1.402261 0.291524 1.316713 1.424540 1.600504 1.549807 0.155127 0.039425 0.118044 1.394458 0.510007 0.676350 1.006510 0.562657 0.894707 0.514667 1.881479 0.000000 1.422552 1.313261 0.768049 0.402374 0.780528 1.312201 1.106932 0.876372 0.923577
1.918569 0.918569 0.081431 1.081431 1.263461 0.265129 0.027309 1.338802 1.793430 0.636985 1.960820 1.853239 1.499107 0.020292 1.131028 1.260734 1.152907 0.976943 0.127254 1.577680 1.461977 1.540597 0.028094 0.912545 1.901098 1.570937 1.985209 0.527845 1.937219 0.695969 1.422552 0.000000 1.264187 1.809399 1.020178 1.796919 0.110351 0.315620 0.546180 1.653871
0.654382 0.345618 1.345618 1.654382 1.472352 1.529316 1.236877 1.397011 0.529243 0.627201 0.774993 0.589053 1.236706 1.284478 1.604785 0.003452 0.111279 0.287243 1.136932 1.158134 1.273836 1.195217 1.292281 1.823268 0.636911 0.306751 0.750604 1.792032 0.798594 0.568217 1.313261 1.264187 0.000000 0.545212 1.715635 0.532733 1.374538 1.579807 1.810367 0.389684
0.109170 0.890830 1.890830 1.109170 0.927140 1.925472 1.782089 0.851799 0.015969 1.172413 0.229781 0.043841 0.691494 1.829690 1.059573 0.548664 0.656491 0.832455 1.682144 0.612922 0.728624 0.650005 1.837493 1.278056 0.091699 0.238461 0.205392 1.662756 0.253382 1.113429 0.768049 1.809399 0.545212 0.000000 1.170423 0.012479 1.919750 1.874981 1.644421 0.155528
1.061253 1.938747 0.938747 0.061253 0.243283 0.755049 1.047488 0.318624 1.186392 1.657164 0.940641 1.126582 0.478929 0.999887 0.110850 1.719087 1.826914 1.997122 1.147433 0.557501 0.441799 0.520418 0.992084 0.107634 1.078724 1.408884 0.965030 0.492333 0.917041 1.716148 0.402374 1.020178 1.715635 1.170423 0.000000 1.182902 0.909827 0.704558 0.473998 1.325951
0.121649 0.878351 1.878351 1.121649 0.939619 1.937952 1.769610 0.864278 0.003490 1.159934 0.242261 0.056320 0.703973 1.817211 1.072052 0.536185 0.644012 0.819976 1.669665 0.625401 0.741103 0.662484 1.825013 1.290536 0.104178 0.225982 0.217872 1.675236 0.265862 1.100950 0.780528 1.796919 0.532733 0.012479 1.182902 0.000000 1.907271 1.887461 1.656901 0.143049
1.971080 1.028920 0.028920 0.971080 1.153110 0.154778 0.137661 1.228451 1.903781 0.747337 1.850469 1.963591 1.388756 0.090060 1.020677 1.371086 1.263259 1.087295 0.237606 1.467328 1.351626 1.430245 0.082257 0.802193 1.988551 1.681289 1.874857 0.417494 1.826868 0.806321 1.312201 0.110351 1.374538 1.919750 0.909827 1.907271 0.000000 0.205269 0.435829 1.764222
1.765811 1.234189 0.234189 0.765811 0.947841 0.050491 0.342929 1.023182 1.890950 0.952605 1.645200 1.831141 1.183487 0.295329 0.815408 1.576354 1.468527 1.292563 0.442874 1.262060 1.146357 1.224977 0.287526 0.596925 1.783282 1.886557 1.669589 0.212225 1.621599 1.011589 1.106932 0.315620 1.579807 1.874981 0.704558 1.887461 0.205269 0.000000 0.230560 1.969491
1.535251 1.464749 0.464749 0.535251 0.717281 0.281051 0.573489 0.792622 1.660390 1.183165 1.414640 1.600581 0.952927 0.525889 0.584848 1.806914 1.699087 1.523123 0.673434 1.031500 0.915797 0.994417 0.518086 0.366365 1.552722 1.882883 1.439029 0.018335 1.391039 1.242149 0.876372 0.546180 1.810367 1.644421 0.473998 1.656901 0.435829 0.230560 0.000000 1.799949
0.264698 0.735302 1.735302 1.264698 1.082668 1.919000 1.626561 1.007327 0.139559 1.016885 0.385310 0.199369 0.847022 1.674162 1.215101 0.393136 0.500963 0.676927 1.526616 0.768450 0.884152 0.805533 1.681965 1.433585 0.247227 0.082933 0.360921 1.818284 0.408910 0.957901 0.923577 1.653871 0.389684 0.155528 1.325951 0.143049 1.764222 1.969491 1.799949 0.000000
