30
0.000000 1.000000 2.000000 1.000000 0.821478 0.201570 1.453274 1.306105 0.377034 0.173531 1.683421 1.467317 0.098805 0.219463 1.020859 0.999262 1.970354 1.306180 0.108373 1.898318 1.972361 1.394674 0.166954 0.494254 1.541328 0.622854 1.423013 0.740969 1.442203 0.468208
1.000000 0.000000 1.000000 2.000000 1.821478 0.798430 1.546726 1.693895 0.622966 0.826469 0.683421 0.467317 0.901195 0.780537 0.020859 0.000738 1.029646 0.306180 0.891627 1.101682 1.027639 0.394674 0.833046 1.494254 1.458672 0.377146 0.423013 0.259031 0.442203 0.531792
2.000000 1.000000 0.000000 1.000000 1.178522 1.798430 0.546726 0.693895 1.622966 1.826469 0.316579 0.532683 1.901195 1.780537 0.979141 1.000738 0.029646 0.693820 1.891627 0.101682 0.027639 0.605326 1.833046 1.505746 0.458672 1.377146 0.576987 1.259031 0.557797 1.531792
1.000000 2.000000 1.000000 0.000000 0.178522 1.201570 0.453274 0.306105 1.377034 1.173531 1.316579 1.532683 1.098805 1.219463 1.979141 1.999262 0.970354 1.693820 1.108373 0.898318 0.972361 1.605326 1.166954 0.505746 0.541328 1.622854 1.576987 1.740969 1.557797 1.468208
0.821478 1.821478 1.178522 0.178522 0.000000 1.023048 0.631796 0.484627 1.198512 0.995009 1.495101 1.711205 0.920283 1.040941 1.842337 1.820740 1.148876 1.872342 0.929852 1.076840 1.150883 1.783848 0.988432 0.327224 0.719850 1.444332 1.755509 1.562447 1.736319 1.289686
0.201570 0.798430 1.798430 1.201570 1.023048 0.000000 1.654844 1.507675 0.175464 0.028039 1.481850 1.265747 0.102765 0.017893 0.819289 0.797692 1.828076 1.104610 0.093197 1.900112 1.826069 1.193104 0.034616 0.695824 1.742898 0.421284 1.221443 0.539399 1.240632 0.266638
1.453274 1.546726 0.546726 0.453274 0.631796 1.654844 0.000000 0.147169 1.830308 1.626804 0.863306 1.079410 1.552079 1.672737 1.525868 1.547464 0.517081 1.240546 1.561647 0.445044 0.519087 1.152053 1.620228 0.959020 0.088054 1.923872 1.123713 1.805757 1.104524 1.921482
1.306105 1.693895 0.693895 0.306105 0.484627 1.507675 0.147169 0.000000 1.683139 1.479636 1.010474 1.226578 1.404910 1.525568 1.673036 1.694633 0.664249 1.387715 1.414479 0.592213 0.666256 1.299221 1.473059 0.811851 0.235223 1.928959 1.270882 1.952926 1.251692 1.774314
0.377034 0.622966 1.622966 1.377034 1.198512 0.175464 1.830308 1.683139 0.000000 0.203503 1.306387 1.090283 0.278228 0.157570 0.643825 0.622228 1.652612 0.929146 0.268660 1.724649 1.650605 1.017640 0.210080 0.871288 1.918362 0.245821 1.045979 0.363936 1.065169 0.091175
0.173531 0.826469 1.826469 1.173531 0.995009 0.028039 1.626804 1.479636 0.203503 0.000000 1.509890 1.293786 0.074725 0.045933 0.847328 0.825731 1.856115 1.132650 0.065157 1.928152 1.854109 1.221143 0.006577 0.667785 1.714859 0.449324 1.249482 0.567439 1.268672 0.294678
1.683421 0.683421 0.316579 1.316579 1.495101 1.481850 0.863306 1.010474 1.306387 1.509890 0.000000 0.216104 1.584615 1.463957 0.662562 0.684159 0.346225 0.377240 1.575047 0.418262 0.344219 0.288747 1.516467 1.822325 0.775251 1.060566 0.260407 0.942451 0.241218 1.215212
1.467317 0.467317 0.532683 1.532683 1.711205 1.265747 1.079410 1.226578 1.090283 1.293786 0.216104 0.000000 1.368511 1.247853 0.446458 0.468055 0.562329 0.161136 1.358943 0.634366 0.560323 0.072643 1.300363 1.961571 0.991355 0.844462 0.044304 0.726347 0.025114 0.999108
0.098805 0.901195 1.901195 1.098805 0.920283 0.102765 1.552079 1.404910 0.278228 0.074725 1.584615 1.368511 0.000000 0.120658 0.922053 0.900457 1.930840 1.207375 0.009568 1.997123 1.928834 1.295868 0.068149 0.593059 1.640134 0.524049 1.324208 0.642164 1.343397 0.369403
0.219463 0.780537 1.780537 1.219463 1.040941 0.017893 1.672737 1.525568 0.157570 0.045933 1.463957 1.247853 0.120658 0.000000 0.801395 0.779799 1.810182 1.086717 0.111090 1.882219 1.808176 1.175210 0.052509 0.713717 1.760792 0.403391 1.203550 0.521506 1.222739 0.248745
1.020859 0.020859 0.979141 1.979141 1.842337 0.819289 1.525868 1.673036 0.643825 0.847328 0.662562 0.446458 0.922053 0.801395 0.000000 0.021597 1.008787 0.285322 0.912485 1.080824 1.006781 0.373815 0.853905 1.515113 1.437813 0.398004 0.402154 0.279889 0.421344 0.552650
0.999262 0.000738 1.000738 1.999262 1.820740 0.797692 1.547464 1.694633 0.622228 0.825731 0.684159 0.468055 0.900457 0.779799 0.021597 0.000000 1.030384 0.306918 0.890888 1.102420 1.028377 0.395412 0.832308 1.493516 1.459410 0.376408 0.423751 0.258293 0.442941 0.531053
1.970354 1.029646 0.029646 0.970354 1.148876 1.828076 0.517081 0.664249 1.652612 1.856115 0.346225 0.562329 1.930840 1.810182 1.008787 1.030384 0.000000 0.723465 1.921272 0.072037 0.002006 0.634972 1.862692 1.476100 0.429026 1.406791 0.606633 1.288676 0.587443 1.561437
1.306180 0.306180 0.693820 1.693820 1.872342 1.104610 1.240546 1.387715 0.929146 1.132650 0.377240 0.161136 1.207375 1.086717 0.285322 0.306918 0.723465 0.000000 1.197807 0.795502 0.721459 0.088493 1.139226 1.800434 1.152492 0.683326 0.116833 0.565211 0.136022 0.837972
0.108373 0.891627 1.891627 1.108373 0.929852 0.093197 1.561647 1.414479 0.268660 0.065157 1.575047 1.358943 0.009568 0.111090 0.912485 0.890888 1.921272 1.197807 0.000000 1.993309 1.919266 1.286300 0.058580 0.602628 1.649702 0.514481 1.314640 0.632596 1.333829 0.359835
1.898318 1.101682 0.101682 0.898318 1.076840 1.900112 0.445044 0.592213 1.724649 1.928152 0.418262 0.634366 1.997123 1.882219 1.080824 1.102420 0.072037 0.795502 1.993309 0.000000 0.074043 0.707009 1.934729 1.404064 0.356989 1.478828 0.678669 1.360713 0.659480 1.633474
1.972361 1.027639 0.027639 0.972361 1.150883 1.826069 0.519087 0.666256 1.650605 1.854109 0.344219 0.560323 1.928834 1.808176 1.006781 1.028377 0.002006 0.721459 1.919266 0.074043 0.000000 0.632966 1.860685 1.478107 0.431033 1.404785 0.604626 1.286670 0.585437 1.559431
1.394674 0.394674 0.605326 1.605326 1.783848 1.193104 1.152053 1.299221 1.017640 1.221143 0.288747 0.072643 1.295868 1.175210 0.373815 0.395412 0.634972 0.088493 1.286300 0.707009 0.632966 0.000000 1.227720 1.888928 1.063998 0.771819 0.028340 0.653704 0.047529 0.926465
0.166954 0.833046 1.833046 1.166954 0.988432 0.034616 1.620228 1.473059 0.210080 0.006577 1.516467 1.300363 0.068149 0.052509 0.853905 0.832308 1.862692 1.139226 0.058580 1.934729 1.860685 1.227720 0.000000 0.661208 1.708282 0.455900 1.256059 0.574015 1.275249 0.301255
0.494254 1.494254 1.505746 0.505746 0.327224 0.695824 0.959020 0.811851 0.871288 0.667785 1.822325 1.961571 0.593059 0.713717 1.515113 1.493516 1.476100 1.800434 0.602628 1.404064 1.478107 1.888928 0.661208 0.000000 1.047074 1.117108 1.917267 1.235223 1.936457 0.962462
1.541328 1.458672 0.458672 0.541328 0.719850 1.742898 0.088054 0.235223 1.918362 1.714859 0.775251 0.991355 1.640134 1.760792 1.437813 1.459410 0.429026 1.152492 1.649702 0.356989 0.431033 1.063998 1.708282 1.047074 0.000000 1.835817 1.035659 1.717703 1.016469 1.990463
0.622854 0.377146 1.377146 1.622854 1.444332 0.421284 1.923872 1.928959 0.245821 0.449324 1.060566 0.844462 0.524049 0.403391 0.398004 0.376408 1.406791 0.683326 0.514481 1.478828 1.404785 0.771819 0.455900 1.117108 1.835817 0.000000 0.800159 0.118115 0.819348 0.154646
1.423013 0.423013 0.576987 1.576987 1.755509 1.221443 1.123713 1.270882 1.045979 1.249482 0.260407 0.044304 1.324208 1.203550 0.402154 0.423751 0.606633 0.116833 1.314640 0.678669 0.604626 0.028340 1.256059 1.917267 1.035659 0.800159 0.000000 0.682044 0.019189 0.954805
0.740969 0.259031 1.259031 1.740969 1.562447 0.539399 1.805757 1.952926 0.363936 0.567439 0.942451 0.726347 0.642164 0.521506 0.279889 0.258293 1.288676 0.565211 0.632596 1.360713 1.286670 0.653704 0.574015 1.235223 1.717703 0.118115 0.682044 0.000000 0.701233 0.272761
1.442203 0.442203 0.557797 1.557797 1.736319 1.240632 1.104524 1.251692 1.065169 1.268672 0.241218 0.025114 1.343397 1.222739 0.421344 0.442941 0.587443 0.136022 1.333829 0.659480 0.585437 0.047529 1.275249 1.936457 1.016469 0.819348 0.019189 0.701233 0.000000 0.973994
0.468208 0.531792 1.531792 1.468208 1.289686 0.266638 1.921482 1.774314 0.091175 0.294678 1.215212 0.999108 0.369403 0.248745 0.552650 0.531053 1.561437 0.837972 0.359835 1.633474 1.559431 0.926465 0.301255 0.962462 1.990463 0.154646 0.954805 0.272761 0.973994 0.000000
