10
0.000000 1.000000 2.000000 1.000000 0.490299 1.703037 1.759288 1.309011 1.918163 0.207382
1.000000 0.000000 1.000000 2.000000 0.509701 0.703037 0.759288 0.309011 0.918163 0.792618
2.000000 1.000000 0.000000 1.000000 1.509701 0.296963 0.240712 0.690989 0.081837 1.792618
1.000000 2.000000 1.000000 0.000000 1.490299 1.296963 1.240712 1.690989 1.081837 1.207382
0.490299 0.509701 1.509701 1.490299 0.000000 1.212738 1.268990 0.818712 1.427865 0.282916
1.703037 0.703037 0.296963 1.296963 1.212738 0.000000 0.056251 0.394026 0.215126 1.495655
1.759288 0.759288 0.240712 1.240712 1.268990 0.056251 0.000000 0.450278 0.158875 1.551906
1.309011 0.309011 0.690989 1.690989 0.818712 0.394026 0.450278 0.000000 0.609153 1.101628
1.918163 0.918163 0.081837 1.081837 1.427865 0.215126 0.158875 0.609153 0.000000 1.710781
0.207382 0.792618 1.792618 1.207382 0.282916 1.495655 1.551906 1.101628 1.710781 0.000000
