35
0.000000 1.000000 2.000000 1.000000 1.070793 0.706080 1.237759 1.923985 0.381168 0.739047 1.497059 1.622195 0.797996 1.362727 0.184522 0.776620 1.528174 0.717436 1.811995 0.231948 1.634145 0.090612 1.941138 0.946744 0.790225 0.387132 1.400623 0.104218 1.093732 0.813075 1.949312 0.725694 0.881014 0.198406 0.921918
1.000000 0.000000 1.000000 2.000000 0.070793 0.293920 0.237759 0.923985 0.618832 1.739047 0.497059 0.622195 1.797996 0.362727 1.184522 0.223380 0.528174 0.282564 1.188005 1.231948 1.365855 0.909388 0.941138 1.946744 1.790225 1.387132 0.400623 0.895782 0.093732 0.186925 0.949312 0.274306 0.118986 1.198406 1.921918
2.000000 1.000000 0.000000 1.000000 0.929207 1.293920 0.762241 0.076015 1.618832 1.260953 0.502941 0.377805 1.202004 0.637273 1.815478 1.223380 0.471826 1.282564 0.188005 1.768052 0.365855 1.909388 0.058862 1.053256 1.209775 1.612868 0.599377 1.895782 0.906268 1.186925 0.050688 1.274306 1.118986 1.801594 1.078082
1.000000 2.000000 1.000000 0.000000 1.929207 1.706080 1.762241 1.076015 1.381168 0.260953 1.502941 1.377805 0.202004 1.637273 0.815478 1.776620 1.471826 1.717436 0.811995 0.768052 0.634145 1.090612 1.058862 0.053256 0.209775 0.612868 1.599377 1.104218 1.906268 1.813075 1.050688 1.725694 1.881014 0.801594 0.078082
1.070793 0.070793 0.929207 1.929207 0.000000 0.364714 0.166965 0.853191 0.689626 1.809841 0.426265 0.551402 1.868789 0.291933 1.255315 0.294174 0.457381 0.353358 1.117211 1.302742 1.295062 0.980181 0.870344 1.982462 1.861018 1.457926 0.329829 0.966576 0.022939 0.257718 0.878518 0.345100 0.189779 1.269199 1.992712
0.706080 0.293920 1.293920 1.706080 0.364714 0.000000 0.531679 1.217905 0.324912 1.445127 0.790979 0.916115 1.504075 0.656647 0.890601 0.070540 0.822095 0.011356 1.481925 0.938028 1.659776 0.615468 1.235058 1.652824 1.496304 1.093212 0.694543 0.601862 0.387652 0.106996 1.243232 0.019614 0.174934 0.904485 1.627998
1.237759 0.237759 0.762241 1.762241 0.166965 0.531679 0.000000 0.686226 0.856591 1.976806 0.259300 0.384436 1.964246 0.124968 1.422280 0.461139 0.290416 0.520323 0.950246 1.469707 1.128097 1.147147 0.703379 1.815497 1.972017 1.624891 0.162864 1.133541 0.144027 0.424683 0.711553 0.512065 0.356745 1.436164 1.840323
1.923985 0.923985 0.076015 1.076015 0.853191 1.217905 0.686226 0.000000 1.542817 1.336968 0.426926 0.301790 1.278020 0.561258 1.891493 1.147365 0.395811 1.206549 0.264020 1.844067 0.441870 1.833373 0.017153 1.129271 1.285791 1.688883 0.523362 1.819767 0.830253 1.110910 0.025327 1.198291 1.042971 1.877610 1.154097
0.381168 0.618832 1.618832 1.381168 0.689626 0.324912 0.856591 1.542817 0.000000 1.120215 1.115891 1.241027 1.179163 0.981559 0.565689 0.395452 1.147007 0.336268 1.806837 0.613116 1.984687 0.290556 1.559970 1.327912 1.171392 0.768300 1.019455 0.276950 0.712564 0.431908 1.568144 0.344526 0.499846 0.579573 1.303086
0.739047 1.739047 1.260953 0.260953 1.809841 1.445127 1.976806 1.336968 1.120215 0.000000 1.763894 1.638758 0.058948 1.898226 0.554526 1.515667 1.732779 1.456483 1.072948 0.507099 0.895098 0.829659 1.319815 0.207697 0.051177 0.351915 1.860330 0.843265 1.832779 1.552122 1.311641 1.464741 1.620061 0.540642 0.182871
1.497059 0.497059 0.502941 1.502941 0.426265 0.790979 0.259300 0.426926 1.115891 1.763894 0.000000 0.125136 1.704946 0.134332 1.681580 0.720439 0.031115 0.779623 0.690946 1.729007 0.868796 1.406447 0.444079 1.556197 1.712717 1.884191 0.096436 1.392841 0.403327 0.683984 0.452253 0.771365 0.616045 1.695464 1.581023
1.622195 0.622195 0.377805 1.377805 0.551402 0.916115 0.384436 0.301790 1.241027 1.638758 0.125136 0.000000 1.579809 0.259468 1.806717 0.845575 0.094021 0.904759 0.565810 1.854143 0.743660 1.531583 0.318943 1.431061 1.587581 1.990673 0.221572 1.517977 0.528463 0.809120 0.327117 0.896501 0.741181 1.820601 1.455887
0.797996 1.797996 1.202004 0.202004 1.868789 1.504075 1.964246 1.278020 1.179163 0.058948 1.704946 1.579809 0.000000 1.839278 0.613474 1.574615 1.673830 1.515431 1.014000 0.566047 0.836149 0.888608 1.260867 0.148749 0.007771 0.410863 1.801382 0.902213 1.891728 1.611071 1.252693 1.523689 1.679010 0.599590 0.123923
1.362727 0.362727 0.637273 1.637273 0.291933 0.656647 0.124968 0.561258 0.981559 1.898226 0.134332 0.259468 1.839278 0.000000 1.547248 0.586107 0.165447 0.645291 0.825278 1.594675 1.003128 1.272115 0.578411 1.690529 1.847049 1.749859 0.037896 1.258509 0.268995 0.549652 0.586585 0.637033 0.481713 1.561132 1.715355
0.184522 1.184522 1.815478 0.815478 1.255315 0.890601 1.422280 1.891493 0.565689 0.554526 1.681580 1.806717 0.613474 1.547248 0.000000 0.961141 1.712696 0.901957 1.627474 0.047426 1.449623 0.275134 1.874341 0.762222 0.605703 0.202610 1.585145 0.288740 1.278254 0.997597 1.866167 0.910216 1.065536 0.013884 0.737396
0.776620 0.223380 1.223380 1.776620 0.294174 0.070540 0.461139 1.147365 0.395452 1.515667 0.720439 0.845575 1.574615 0.586107 0.961141 0.000000 0.751555 0.059184 1.411385 1.008568 1.589235 0.686008 1.164518 1.723364 1.566844 1.163752 0.624003 0.672402 0.317112 0.036456 1.172692 0.050926 0.104394 0.975025 1.698538
1.528174 0.528174 0.471826 1.471826 0.457381 0.822095 0.290416 0.395811 1.147007 1.732779 0.031115 0.094021 1.673830 0.165447 1.712696 0.751555 0.000000 0.810738 0.659830 1.760122 0.837681 1.437562 0.412963 1.525082 1.681601 1.915306 0.127551 1.423956 0.434442 0.715099 0.421138 0.802480 0.647160 1.726580 1.549908
0.717436 0.282564 1.282564 1.717436 0.353358 0.011356 0.520323 1.206549 0.336268 1.456483 0.779623 0.904759 1.515431 0.645291 0.901957 0.059184 0.810738 0.000000 1.470569 0.949384 1.648419 0.626824 1.223702 1.664180 1.507660 1.104568 0.683187 0.613218 0.376296 0.095639 1.231876 0.008258 0.163578 0.915841 1.639354
1.811995 1.188005 0.188005 0.811995 1.117211 1.481925 0.950246 0.264020 1.806837 1.072948 0.690946 0.565810 1.014000 0.825278 1.627474 1.411385 0.659830 1.470569 0.000000 1.580047 0.177851 1.902607 0.246867 0.865251 1.021771 1.424863 0.787382 1.916213 1.094273 1.374929 0.238693 1.462311 1.306991 1.613590 0.890077
0.231948 1.231948 1.768052 0.768052 1.302742 0.938028 1.469707 1.844067 0.613116 0.507099 1.729007 1.854143 0.566047 1.594675 0.047426 1.008568 1.760122 0.949384 1.580047 0.000000 1.402197 0.322560 1.826914 0.714796 0.558276 0.155184 1.632571 0.336166 1.325680 1.045023 1.818740 0.957642 1.112962 0.033543 0.689970
1.634145 1.365855 0.365855 0.634145 1.295062 1.659776 1.128097 0.441870 1.984687 0.895098 0.868796 0.743660 0.836149 1.003128 1.449623 1.589235 0.837681 1.648419 0.177851 1.402197 0.000000 1.724757 0.424718 0.687401 0.843920 1.247013 0.965232 1.738363 1.272123 1.552780 0.416543 1.640161 1.484841 1.435739 0.712227
0.090612 0.909388 1.909388 1.090612 0.980181 0.615468 1.147147 1.833373 0.290556 0.829659 1.406447 1.531583 0.888608 1.272115 0.275134 0.686008 1.437562 0.626824 1.902607 0.322560 1.724757 0.000000 1.850526 1.037356 0.880837 0.477744 1.310011 0.013606 1.003120 0.722463 1.858700 0.635082 0.790402 0.289018 1.012530
1.941138 0.941138 0.058862 1.058862 0.870344 1.235058 0.703379 0.017153 1.559970 1.319815 0.444079 0.318943 1.260867 0.578411 1.874341 1.164518 0.412963 1.223702 0.246867 1.826914 0.424718 1.850526 0.000000 1.112118 1.268638 1.671730 0.540515 1.836920 0.847406 1.128062 0.008174 1.215444 1.060124 1.860457 1.136944
0.946744 1.946744 1.053256 0.053256 1.982462 1.652824 1.815497 1.129271 1.327912 0.207697 1.556197 1.431061 0.148749 1.690529 0.762222 1.723364 1.525082 1.664180 0.865251 0.714796 0.687401 1.037356 1.112118 0.000000 0.156520 0.559612 1.652633 1.050962 1.959524 1.759819 1.103944 1.672438 1.827758 0.748338 0.024826
0.790225 1.790225 1.209775 0.209775 1.861018 1.496304 1.972017 1.285791 1.171392 0.051177 1.712717 1.587581 0.007771 1.847049 0.605703 1.566844 1.681601 1.507660 1.021771 0.558276 0.843920 0.880837 1.268638 0.156520 0.000000 0.403092 1.809153 0.894442 1.883957 1.603300 1.260464 1.515918 1.671239 0.591819 0.131694
0.387132 1.387132 1.612868 0.612868 1.457926 1.093212 1.624891 1.688883 0.768300 0.351915 1.884191 1.990673 0.410863 1.749859 0.202610 1.163752 1.915306 1.104568 1.424863 0.155184 1.247013 0.477744 1.671730 0.559612 0.403092 0.000000 1.787755 0.491350 1.480864 1.200207 1.663556 1.112826 1.268146 0.188727 0.534786
1.400623 0.400623 0.599377 1.599377 0.329829 0.694543 0.162864 0.523362 1.019455 1.860330 0.096436 0.221572 1.801382 0.037896 1.585145 0.624003 0.127551 0.683187 0.787382 1.632571 0.965232 1.310011 0.540515 1.652633 1.809153 1.787755 0.000000 1.296405 0.306891 0.587548 0.548689 0.674929 0.519609 1.599028 1.677459
0.104218 0.895782 1.895782 1.104218 0.966576 0.601862 1.133541 1.819767 0.276950 0.843265 1.392841 1.517977 0.902213 1.258509 0.288740 0.672402 1.423956 0.613218 1.916213 0.336166 1.738363 0.013606 1.836920 1.050962 0.894442 0.491350 1.296405 0.000000 0.989514 0.708857 1.845094 0.621476 0.776796 0.302623 1.026136
1.093732 0.093732 0.906268 1.906268 0.022939 0.387652 0.144027 0.830253 0.712564 1.832779 0.403327 0.528463 1.891728 0.268995 1.278254 0.317112 0.434442 0.376296 1.094273 1.325680 1.272123 1.003120 0.847406 1.959524 1.883957 1.480864 0.306891 0.989514 0.000000 0.280657 0.855580 0.368038 0.212718 1.292138 1.984350
0.813075 0.186925 1.186925 1.813075 0.257718 0.106996 0.424683 1.110910 0.431908 1.552122 0.683984 0.809120 1.611071 0.549652 0.997597 0.036456 0.715099 0.095639 1.374929 1.045023 1.552780 0.722463 1.128062 1.759819 1.603300 1.200207 0.587548 0.708857 0.280657 0.000000 1.136237 0.087381 0.067939 1.011481 1.734993
1.949312 0.949312 0.050688 1.050688 0.878518 1.243232 0.711553 0.025327 1.568144 1.311641 0.452253 0.327117 1.252693 0.586585 1.866167 1.172692 0.421138 1.231876 0.238693 1.818740 0.416543 1.858700 0.008174 1.103944 1.260464 1.663556 0.548689 1.845094 0.855580 1.136237 0.000000 1.223618 1.068298 1.852283 1.128770
0.725694 0.274306 1.274306 1.725694 0.345100 0.019614 0.512065 1.198291 0.344526 1.464741 0.771365 0.896501 1.523689 0.637033 0.910216 0.050926 0.802480 0.008258 1.462311 0.957642 1.640161 0.635082 1.215444 1.672438 1.515918 1.112826 0.674929 0.621476 0.368038 0.087381 1.223618 0.000000 0.155320 0.924100 1.647612
0.881014 0.118986 1.118986 1.881014 0.189779 0.174934 0.356745 1.042971 0.499846 1.620061 0.616045 0.741181 1.679010 0.481713 1.065536 0.104394 0.647160 0.163578 1.306991 1.112962 1.484841 0.790402 1.060124 1.827758 1.671239 1.268146 0.519609 0.776796 0.212718 0.067939 1.068298 0.155320 0.000000 1.079420 1.802932
0.198406 1.198406 1.801594 0.801594 1.269199 0.904485 1.436164 1.877610 0.579573 0.540642 1.695464 1.820601 0.599590 1.561132 0.013884 0.975025 1.726580 0.915841 1.613590 0.033543 1.435739 0.289018 1.860457 0.748338 0.591819 0.188727 1.599028 0.302623 1.292138 1.011481 1.852283 0.924100 1.079420 0.000000 0.723513
0.921918 1.921918 1.078082 0.078082 1.992712 1.627998 1.840323 1.154097 1.303086 0.182871 1.581023 1.455887 0.123923 1.715355 0.737396 1.698538 1.549908 1.639354 0.890077 0.689970 0.712227 1.012530 1.136944 0.024826 0.131694 0.534786 1.677459 1.026136 1.984350 1.734993 1.128770 1.647612 1.802932 0.723513 0.000000
