10
0.000000 1.000000 2.000000 1.000000 0.011490 0.223061 1.624040 0.822557 0.895268 1.180203
1.000000 0.000000 1.000000 2.000000 1.011490 1.223061 0.624040 1.822557 0.104732 1.819797
2.000000 1.000000 0.000000 1.000000 1.988510 1.776939 0.375960 1.177443 1.104732 0.819797
1.000000 2.000000 1.000000 0.000000 0.988510 0.776939 1.375960 0.177443 1.895268 0.180203
0.011490 1.011490 1.988510 0.988510 0.000000 0.211571 1.635530 0.811067 0.906758 1.168713
0.223061 1.223061 1.776939 0.776939 0.211571 0.000000 1.847101 0.599496 1.118329 0.957142
1.624040 0.624040 0.375960 1.375960 1.635530 1.847101 0.000000 1.553403 0.728772 1.195757
0.822557 1.822557 1.177443 0.177443 0.811067 0.599496 1.553403 0.000000 1.717825 0.357646
0.895268 0.104732 1.104732 1.895268 0.906758 1.118329 0.728772 1.717825 0.000000 1.924529
1.180203 1.819797 0.819797 0.180203 1.168713 0.957142 1.195757 0.357646 1.924529 0.000000
