30
0.000000 1.000000 2.000000 1.000000 1.750607 0.203398 0.753131 1.149542 1.925906 1.619767 0.955796 0.313818 0.129237 0.113403 0.266722 1.731946 0.756442 1.081716 0.853564 0.159640 0.215985 0.946385 0.616998 0.144832 0.614584 1.631080 0.913067 1.173229 1.112179 0.004798
1.000000 0.000000 1.000000 2.000000 0.750607 0.796602 0.246869 1.850458 0.925906 0.619767 1.955796 1.313818 0.870763 0.886597 1.266722 1.268054 1.756442 1.918284 1.853564 1.159640 0.784015 1.946385 0.383002 1.144832 0.385416 0.631080 0.086933 1.826771 1.887821 0.995202
2.000000 1.000000 0.000000 1.000000 0.249393 1.796602 1.246869 0.850458 0.074094 0.380233 1.044204 1.686182 1.870763 1.886597 1.733278 0.268054 1.243558 0.918284 1.146436 1.840360 1.784015 1.053615 1.383002 1.855168 1.385416 0.368920 1.086933 0.826771 0.887821 1.995202
1.000000 2.000000 1.000000 0.000000 1.249393 1.203398 1.753131 0.149542 1.074094 1.380233 0.044204 0.686182 1.129237 1.113403 0.733278 0.731946 0.243558 0.081716 0.146436 0.840360 1.215985 0.053615 1.616998 0.855168 1.614584 1.368920 1.913067 0.173229 0.112179 1.004798
1.750607 0.750607 0.249393 1.249393 0.000000 1.547209 0.997476 1.099851 0.175298 0.130840 1.293597 1.935575 1.621371 1.637204 1.982670 0.517447 1.492951 1.167677 1.395829 1.910247 1.534623 1.303008 1.133609 1.895439 1.136023 0.119527 0.837541 1.076164 1.137214 1.745810
0.203398 0.796602 1.796602 1.203398 1.547209 0.000000 0.549733 1.352940 1.722507 1.416369 1.159194 0.517217 0.074162 0.089995 0.470121 1.935344 0.959841 1.285114 1.056962 0.363038 0.012586 1.149783 0.413600 0.348230 0.411186 1.427682 0.709668 1.376627 1.315577 0.198601
0.753131 0.246869 1.246869 1.753131 0.997476 0.549733 0.000000 1.902673 1.172774 0.866636 1.708927 1.066950 0.623895 0.639728 1.019854 1.514923 1.509574 1.834847 1.606695 0.912771 0.537147 1.699516 0.136133 0.897963 0.138547 0.877949 0.159935 1.926360 1.865310 0.748334
1.149542 1.850458 0.850458 0.149542 1.099851 1.352940 1.902673 0.000000 0.924553 1.230691 0.193746 0.835723 1.278778 1.262945 0.882819 0.582404 0.393099 0.067826 0.295978 0.989902 1.365526 0.203157 1.766540 1.004710 1.764126 1.219378 1.937392 0.023687 0.037363 1.154339
1.925906 0.925906 0.074094 1.074094 0.175298 1.722507 1.172774 0.924553 0.000000 0.306138 1.118298 1.760276 1.796669 1.812502 1.807372 0.342149 1.317652 0.992378 1.220531 1.914455 1.709921 1.127709 1.308907 1.929262 1.311322 0.294825 1.012839 0.900866 0.961915 1.921108
1.619767 0.619767 0.380233 1.380233 0.130840 1.416369 0.866636 1.230691 0.306138 0.000000 1.424437 1.933585 1.490531 1.506364 1.886490 0.648287 1.623791 1.298517 1.526669 1.779407 1.403783 1.433848 1.002769 1.764599 1.005183 0.011313 0.706701 1.207004 1.268054 1.614970
0.955796 1.955796 1.044204 0.044204 1.293597 1.159194 1.708927 0.193746 1.118298 1.424437 0.000000 0.641978 1.085032 1.069199 0.689074 0.776150 0.199354 0.125920 0.102232 0.796156 1.171781 0.009411 1.572794 0.810964 1.570380 1.413124 1.868863 0.217433 0.156383 0.960593
0.313818 1.313818 1.686182 0.686182 1.935575 0.517217 1.066950 0.835723 1.760276 1.933585 0.641978 0.000000 0.443055 0.427221 0.047096 1.418127 0.442624 0.767898 0.539745 0.154179 0.529803 0.632567 0.930817 0.168986 0.928402 1.944899 1.226885 0.859410 0.798361 0.318616
0.129237 0.870763 1.870763 1.129237 1.621371 0.074162 0.623895 1.278778 1.796669 1.490531 1.085032 0.443055 0.000000 0.015833 0.395959 1.861182 0.885679 1.210953 0.982800 0.288876 0.086748 1.075622 0.487762 0.274068 0.485347 1.501844 0.783830 1.302465 1.241416 0.124439
0.113403 0.886597 1.886597 1.113403 1.637204 0.089995 0.639728 1.262945 1.812502 1.506364 1.069199 0.427221 0.015833 0.000000 0.380126 1.845349 0.869846 1.195119 0.966967 0.273043 0.102581 1.059788 0.503595 0.258235 0.501181 1.517677 0.799663 1.286632 1.225582 0.108606
0.266722 1.266722 1.733278 0.733278 1.982670 0.470121 1.019854 0.882819 1.807372 1.886490 0.689074 0.047096 0.395959 0.380126 0.000000 1.465223 0.489720 0.814994 0.586841 0.107083 0.482707 0.679663 0.883721 0.121890 0.881306 1.897803 1.179789 0.906506 0.845457 0.271520
1.731946 1.268054 0.268054 0.731946 0.517447 1.935344 1.514923 0.582404 0.342149 0.648287 0.776150 1.418127 1.861182 1.845349 1.465223 0.000000 0.975503 0.650230 0.878382 1.572306 1.947930 0.785561 1.651056 1.587114 1.653470 0.636974 1.354988 0.558717 0.619767 1.736743
0.756442 1.756442 1.243558 0.243558 1.492951 0.959841 1.509574 0.393099 1.317652 1.623791 0.199354 0.442624 0.885679 0.869846 0.489720 0.975503 0.000000 0.325274 0.097121 0.596803 0.972427 0.189943 1.373441 0.611610 1.371026 1.612477 1.669509 0.416786 0.355737 0.761240
1.081716 1.918284 0.918284 0.081716 1.167677 1.285114 1.834847 0.067826 0.992378 1.298517 0.125920 0.767898 1.210953 1.195119 0.814994 0.650230 0.325274 0.000000 0.228152 0.922076 1.297701 0.135331 1.698714 0.936884 1.696300 1.287204 1.994783 0.091513 0.030463 1.086514
0.853564 1.853564 1.146436 0.146436 1.395829 1.056962 1.606695 0.295978 1.220531 1.526669 0.102232 0.539745 0.982800 0.966967 0.586841 0.878382 0.097121 0.228152 0.000000 0.693924 1.069548 0.092821 1.470562 0.708732 1.468148 1.515356 1.766630 0.319665 0.258615 0.858361
0.159640 1.159640 1.840360 0.840360 1.910247 0.363038 0.912771 0.989902 1.914455 1.779407 0.796156 0.154179 0.288876 0.273043 0.107083 1.572306 0.596803 0.922076 0.693924 0.000000 0.375624 0.786745 0.776638 0.014808 0.774224 1.790720 1.072706 1.013589 0.952539 0.164437
0.215985 0.784015 1.784015 1.215985 1.534623 0.012586 0.537147 1.365526 1.709921 1.403783 1.171781 0.529803 0.086748 0.102581 0.482707 1.947930 0.972427 1.297701 1.069548 0.375624 0.000000 1.162370 0.401014 0.360817 0.398599 1.415096 0.697082 1.389213 1.328164 0.211187
0.946385 1.946385 1.053615 0.053615 1.303008 1.149783 1.699516 0.203157 1.127709 1.433848 0.009411 0.632567 1.075622 1.059788 0.679663 0.785561 0.189943 0.135331 0.092821 0.786745 1.162370 0.000000 1.563383 0.801553 1.560969 1.422535 1.859452 0.226844 0.165794 0.951183
0.616998 0.383002 1.383002 1.616998 1.133609 0.413600 0.136133 1.766540 1.308907 1.002769 1.572794 0.930817 0.487762 0.503595 0.883721 1.651056 1.373441 1.698714 1.470562 0.776638 0.401014 1.563383 0.000000 0.761830 0.002414 1.014082 0.296068 1.790227 1.729177 0.612201
0.144832 1.144832 1.855168 0.855168 1.895439 0.348230 0.897963 1.004710 1.929262 1.764599 0.810964 0.168986 0.274068 0.258235 0.121890 1.587114 0.611610 0.936884 0.708732 0.014808 0.360817 0.801553 0.761830 0.000000 0.759416 1.775912 1.057899 1.028397 0.967347 0.149629
0.614584 0.385416 1.385416 1.614584 1.136023 0.411186 0.138547 1.764126 1.311322 1.005183 1.570380 0.928402 0.485347 0.501181 0.881306 1.653470 1.371026 1.696300 1.468148 0.774224 0.398599 1.560969 0.002414 0.759416 0.000000 1.016496 0.298483 1.787813 1.726763 0.609787
1.631080 0.631080 0.368920 1.368920 0.119527 1.427682 0.877949 1.219378 0.294825 0.011313 1.413124 1.944899 1.501844 1.517677 1.897803 0.636974 1.612477 1.287204 1.515356 1.790720 1.415096 1.422535 1.014082 1.775912 1.016496 0.000000 0.718014 1.195691 1.256741 1.626283
0.913067 0.086933 1.086933 1.913067 0.837541 0.709668 0.159935 1.937392 1.012839 0.706701 1.868863 1.226885 0.783830 0.799663 1.179789 1.354988 1.669509 1.994783 1.766630 1.072706 0.697082 1.859452 0.296068 1.057899 0.298483 0.718014 0.000000 1.913705 1.974754 0.908269
1.173229 1.826771 0.826771 0.173229 1.076164 1.376627 1.926360 0.023687 0.900866 1.207004 0.217433 0.859410 1.302465 1.286632 0.906506 0.558717 0.416786 0.091513 0.319665 1.013589 1.389213 0.226844 1.790227 1.028397 1.787813 1.195691 1.913705 0.000000 0.061050 1.178026
1.112179 1.887821 0.887821 0.112179 1.137214 1.315577 1.865310 0.037363 0.961915 1.268054 0.156383 0.798361 1.241416 1.225582 0.845457 0.619767 0.355737 0.030463 0.258615 0.952539 1.328164 0.165794 1.729177 0.967347 1.726763 1.256741 1.974754 0.061050 0.000000 1.116977
0.004798 0.995202 1.995202 1.004798 1.745810 0.198601 0.748334 1.154339 1.921108 1.614970 0.960593 0.318616 0.124439 0.108606 0.271520 1.736743 0.761240 1.086514 0.858361 0.164437 0.211187 0.951183 0.612201 0.149629 0.609787 1.626283 0.908269 1.178026 1.116977 0.000000
