20
0.000000 1.000000 2.000000 1.000000 1.524224 1.131947 1.118300 1.777680 1.303940 0.534940 1.993284 1.446812 1.321099 0.682732 1.192253 0.304054 0.140485 1.107954 1.824012 0.474693
1.000000 0.000000 1.000000 2.000000 0.524224 1.868053 1.881700 0.777680 0.303940 0.465060 1.006716 0.446812 0.321099 1.682732 0.192253 1.304054 1.140485 0.107954 1.175988 0.525307
2.000000 1.000000 0.000000 1.000000 0.475776 0.868053 0.881700 0.222320 0.696060 1.465060 0.006716 0.553188 0.678901 1.317268 0.807747 1.695946 1.859515 0.892046 0.175988 1.525307
1.000000 2.000000 1.000000 0.000000 1.475776 0.131947 0.118300 1.222320 1.696060 1.534940 0.993284 1.553188 1.678901 0.317268 1.807747 0.695946 0.859515 1.892046 0.824012 1.474693
1.524224 0.524224 0.475776 1.475776 0.000000 1.343828 1.357476 0.253456 0.220284 0.989285 0.482492 0.077412 0.203125 1.793044 0.331971 1.828279 1.664709 0.416271 0.651764 1.049531
1.131947 1.868053 0.868053 0.131947 1.343828 0.000000 0.013648 1.090373 1.564113 1.666887 0.861337 1.421241 1.546953 0.449216 1.675799 0.827893 0.991462 1.760099 0.692064 1.606641
1.118300 1.881700 0.881700 0.118300 1.357476 0.013648 0.000000 1.104020 1.577760 1.653239 0.874984 1.434888 1.560601 0.435568 1.689447 0.814245 0.977815 1.773747 0.705712 1.592993
1.777680 0.777680 0.222320 1.222320 0.253456 1.090373 1.104020 0.000000 0.473740 1.242740 0.229036 0.330868 0.456581 1.539588 0.585426 1.918266 1.918165 0.669726 0.398308 1.302987
1.303940 0.303940 0.696060 1.696060 0.220284 1.564113 1.577760 0.473740 0.000000 0.769000 0.702776 0.142872 0.017159 1.986672 0.111687 1.607995 1.444425 0.195986 0.872048 0.829247
0.534940 0.465060 1.465060 1.534940 0.989285 1.666887 1.653239 1.242740 0.769000 0.000000 1.471777 0.911872 0.786160 1.217671 0.657314 0.838994 0.675425 0.573014 1.641049 0.060246
1.993284 1.006716 0.006716 0.993284 0.482492 0.861337 0.874984 0.229036 0.702776 1.471777 0.000000 0.559904 0.685617 1.310552 0.814463 1.689229 1.852799 0.898762 0.169272 1.532023
1.446812 0.446812 0.553188 1.553188 0.077412 1.421241 1.434888 0.330868 0.142872 0.911872 0.559904 0.000000 0.125713 1.870456 0.254559 1.750866 1.587297 0.338858 0.729176 0.972119
1.321099 0.321099 0.678901 1.678901 0.203125 1.546953 1.560601 0.456581 0.017159 0.786160 0.685617 0.125713 0.000000 1.996169 0.128846 1.625154 1.461585 0.213146 0.854889 0.846406
0.682732 1.682732 1.317268 0.317268 1.793044 0.449216 0.435568 1.539588 1.986672 1.217671 1.310552 1.870456 1.996169 0.000000 1.874985 0.378677 0.542247 1.790686 1.141280 1.157425
1.192253 0.192253 0.807747 1.807747 0.331971 1.675799 1.689447 0.585426 0.111687 0.657314 0.814463 0.254559 0.128846 1.874985 0.000000 1.496308 1.332739 0.084300 0.983735 0.717560
0.304054 1.304054 1.695946 0.695946 1.828279 0.827893 0.814245 1.918266 1.607995 0.838994 1.689229 1.750866 1.625154 0.378677 1.496308 0.000000 0.163569 1.412008 1.519957 0.778748
0.140485 1.140485 1.859515 0.859515 1.664709 0.991462 0.977815 1.918165 1.444425 0.675425 1.852799 1.587297 1.461585 0.542247 1.332739 0.163569 0.000000 1.248439 1.683526 0.615179
1.107954 0.107954 0.892046 1.892046 0.416271 1.760099 1.773747 0.669726 0.195986 0.573014 0.898762 0.338858 0.213146 1.790686 0.084300 1.412008 1.248439 0.000000 1.068035 0.633260
1.824012 1.175988 0.175988 0.824012 0.651764 0.692064 0.705712 0.398308 0.872048 1.641049 0.169272 0.729176 0.854889 1.141280 0.983735 1.519957 1.683526 1.068035 0.000000 1.701295
0.474693 0.525307 1.525307 1.474693 1.049531 1.606641 1.592993 1.302987 0.829247 0.060246 1.532023 0.972119 0.846406 1.157425 0.717560 0.778748 0.615179 0.633260 1.701295 0.000000
