35
0.000000 1.000000 2.000000 1.000000 0.020009 1.696575 1.960729 1.390267 0.211036 0.371709 1.718672 0.767936 0.876559 1.636544 0.224701 0.044779 0.057748 0.371332 1.844588 1.684708 0.754577 0.120978 1.352714 1.386717 0.107114 1.676195 1.918804 1.333097 0.751116 1.307139 1.986014 0.970015 1.188017 0.084207 1.410198
1.000000 0.000000 1.000000 2.000000 0.979991 1.303425 0.960729 0.390267 1.211036 0.628291 1.281328 0.232064 0.123441 1.363456 0.775299 1.044779 1.057748 1.371332 0.844588 0.684708 1.754577 0.879022 0.352714 0.386717 0.892886 1.323805 1.081196 0.333097 1.751116 1.692861 1.013986 0.029985 1.811983 0.915793 1.589802
2.000000 1.000000 0.000000 1.000000 1.979991 0.303425 0.039271 0.609733 1.788964 1.628291 0.281328 1.232064 1.123441 0.363456 1.775299 1.955221 1.942252 1.628668 0.155412 0.315292 1.245423 1.879022 0.647286 0.613283 1.892886 0.323805 0.081196 0.666903 1.248884 0.692861 0.013986 1.029985 0.811983 1.915793 0.589802
1.000000 2.000000 1.000000 0.000000 1.020009 0.696575 1.039271 1.609733 0.788964 1.371709 0.718672 1.767936 1.876559 0.636544 1.224701 0.955221 0.942252 0.628668 1.155412 1.315292 0.245423 1.120978 1.647286 1.613283 1.107114 0.676195 0.918804 1.666903 0.248884 0.307139 0.986014 1.970015 0.188017 1.084207 0.410198
0.020009 0.979991 1.979991 1.020009 0.000000 1.716584 1.940720 1.370257 0.231045 0.351700 1.738682 0.747927 0.856549 1.656553 0.204692 0.064789 0.077757 0.391341 1.824579 1.664698 0.774586 0.100969 1.332705 1.366707 0.087105 1.696204 1.938814 1.313088 0.771125 1.327148 1.993976 0.950005 1.208027 0.064197 1.430207
1.696575 1.303425 0.303425 0.696575 1.716584 0.000000 0.342696 0.913158 1.485539 1.931716 0.022097 1.535488 1.426866 0.060031 1.921276 1.651796 1.638827 1.325243 0.458837 0.618717 0.941998 1.817554 0.950711 0.916708 1.803689 0.020380 0.222229 0.970328 0.945459 0.389436 0.289439 1.333410 0.508558 1.780782 0.286377
1.960729 0.960729 0.039271 1.039271 1.940720 0.342696 0.000000 0.570462 1.828235 1.589020 0.320599 1.192793 1.084170 0.402727 1.736028 1.994491 1.981523 1.667939 0.116141 0.276022 1.284694 1.839751 0.608015 0.574012 1.853615 0.363076 0.120467 0.627632 1.288155 0.732132 0.053257 0.990714 0.851254 1.876522 0.629073
1.390267 0.390267 0.609733 1.609733 1.370257 0.913158 0.570462 0.000000 1.601303 1.018558 0.891061 0.622330 0.513708 0.973190 1.165566 1.435046 1.448015 1.761599 0.454321 0.294441 1.855156 1.269288 0.037552 0.003550 1.283153 0.933538 0.690929 0.057170 1.858617 1.302594 0.623719 0.420252 1.421716 1.306060 1.199535
0.211036 1.211036 1.788964 0.788964 0.231045 1.485539 1.828235 1.601303 0.000000 0.582745 1.507636 0.978972 1.087595 1.425508 0.435737 0.166257 0.153288 0.160296 1.944376 1.895744 0.543541 0.332015 1.563750 1.597753 0.318150 1.465159 1.707768 1.544133 0.540080 1.096103 1.774978 1.181051 0.976981 0.295243 1.199162
0.371709 0.628291 1.628291 1.371709 0.351700 1.931716 1.589020 1.018558 0.582745 0.000000 1.909618 0.396227 0.504850 1.991747 0.147008 0.416489 0.429457 0.743041 1.472879 1.312998 1.126286 0.250731 0.981005 1.015007 0.264595 1.952096 1.709486 0.961388 1.122825 1.678848 1.642276 0.598306 1.559727 0.287503 1.781907
1.718672 1.281328 0.281328 0.718672 1.738682 0.022097 0.320599 0.891061 1.507636 1.909618 0.000000 1.513391 1.404769 0.082129 1.943374 1.673893 1.660924 1.347340 0.436740 0.596620 0.964095 1.839651 0.928613 0.894611 1.825786 0.042477 0.200132 0.948230 0.967556 0.411533 0.267342 1.311313 0.530655 1.802879 0.308474
0.767936 0.232064 1.232064 1.767936 0.747927 1.535488 1.192793 0.622330 0.978972 0.396227 1.513391 0.000000 0.108622 1.595520 0.543235 0.812716 0.825684 1.139268 1.076652 0.916771 1.522513 0.646958 0.584778 0.618780 0.660822 1.555869 1.313259 0.565161 1.519052 1.924925 1.246049 0.202078 1.955954 0.683730 1.821865
0.876559 0.123441 1.123441 1.876559 0.856549 1.426866 1.084170 0.513708 1.087595 0.504850 1.404769 0.108622 0.000000 1.486898 0.651858 0.921338 0.934307 1.247891 0.968029 0.808149 1.631136 0.755580 0.476156 0.510158 0.769445 1.447246 1.204637 0.456538 1.627675 1.816302 1.137427 0.093456 1.935424 0.792352 1.713243
1.636544 1.363456 0.363456 0.636544 1.656553 0.060031 0.402727 0.973190 1.425508 1.991747 0.082129 1.595520 1.486898 0.000000 1.861245 1.591764 1.578796 1.265212 0.518868 0.678749 0.881967 1.757522 1.010742 0.976740 1.743658 0.039651 0.282261 1.030359 0.885428 0.329405 0.349471 1.393442 0.448526 1.720750 0.226346
0.224701 0.775299 1.775299 1.224701 0.204692 1.921276 1.736028 1.165566 0.435737 0.147008 1.943374 0.543235 0.651858 1.861245 0.000000 0.269481 0.282449 0.596033 1.619887 1.460006 0.979278 0.103723 1.128013 1.162015 0.117587 1.900896 1.856494 1.108396 0.975817 1.531840 1.789284 0.745314 1.412719 0.140495 1.634899
0.044779 1.044779 1.955221 0.955221 0.064789 1.651796 1.994491 1.435046 0.166257 0.416489 1.673893 0.812716 0.921338 1.591764 0.269481 0.000000 0.012968 0.326552 1.889368 1.729487 0.709797 0.165758 1.397494 1.431496 0.151894 1.631416 1.874025 1.377877 0.706336 1.262359 1.941235 1.014794 1.143238 0.128986 1.365419
0.057748 1.057748 1.942252 0.942252 0.077757 1.638827 1.981523 1.448015 0.153288 0.429457 1.660924 0.825684 0.934307 1.578796 0.282449 0.012968 0.000000 0.313584 1.902336 1.742455 0.696829 0.178726 1.410462 1.444465 0.164862 1.618447 1.861056 1.390845 0.693368 1.249391 1.928266 1.027763 1.130269 0.141955 1.352450
0.371332 1.371332 1.628668 0.628668 0.391341 1.325243 1.667939 1.761599 0.160296 0.743041 1.347340 1.139268 1.247891 1.265212 0.596033 0.326552 0.313584 0.000000 1.784080 1.943961 0.383245 0.492310 1.724046 1.758048 0.478446 1.304863 1.547473 1.704429 0.379784 0.935807 1.614683 1.341347 0.816686 0.455538 1.038866
1.844588 0.844588 0.155412 1.155412 1.824579 0.458837 0.116141 0.454321 1.944376 1.472879 0.436740 1.076652 0.968029 0.518868 1.619887 1.889368 1.902336 1.784080 0.000000 0.159881 1.400835 1.723610 0.491874 0.457872 1.737474 0.479217 0.236607 0.511491 1.404296 0.848273 0.169398 0.874573 0.967394 1.760382 0.745214
1.684708 0.684708 0.315292 1.315292 1.664698 0.618717 0.276022 0.294441 1.895744 1.312998 0.596620 0.916771 0.808149 0.678749 1.460006 1.729487 1.742455 1.943961 0.159881 0.000000 1.560716 1.563729 0.331993 0.297991 1.577593 0.639097 0.396488 0.351610 1.564177 1.008154 0.329278 0.714693 1.127275 1.600501 0.905094
0.754577 1.754577 1.245423 0.245423 0.774586 0.941998 1.284694 1.855156 0.543541 1.126286 0.964095 1.522513 1.631136 0.881967 0.979278 0.709797 0.696829 0.383245 1.400835 1.560716 0.000000 0.875555 1.892709 1.858707 0.861691 0.921618 1.164228 1.912326 0.003461 0.552562 1.231437 1.724592 0.433440 0.838784 0.655621
0.120978 0.879022 1.879022 1.120978 0.100969 1.817554 1.839751 1.269288 0.332015 0.250731 1.839651 0.646958 0.755580 1.757522 0.103723 0.165758 0.178726 0.492310 1.723610 1.563729 0.875555 0.000000 1.231736 1.265738 0.013864 1.797173 1.960217 1.212119 0.872094 1.428117 1.893007 0.849036 1.308996 0.036772 1.531177
1.352714 0.352714 0.647286 1.647286 1.332705 0.950711 0.608015 0.037552 1.563750 0.981005 0.928613 0.584778 0.476156 1.010742 1.128013 1.397494 1.410462 1.724046 0.491874 0.331993 1.892709 1.231736 0.000000 0.034002 1.245600 0.971091 0.728481 0.019617 1.896170 1.340147 0.661271 0.382700 1.459268 1.268508 1.237088
1.386717 0.386717 0.613283 1.613283 1.366707 0.916708 0.574012 0.003550 1.597753 1.015007 0.894611 0.618780 0.510158 0.976740 1.162015 1.431496 1.444465 1.758048 0.457872 0.297991 1.858707 1.265738 0.034002 0.000000 1.279602 0.937088 0.694479 0.053619 1.862168 1.306145 0.627269 0.416702 1.425266 1.302510 1.203085
0.107114 0.892886 1.892886 1.107114 0.087105 1.803689 1.853615 1.283153 0.318150 0.264595 1.825786 0.660822 0.769445 1.743658 0.117587 0.151894 0.164862 0.478446 1.737474 1.577593 0.861691 0.013864 1.245600 1.279602 0.000000 1.783309 1.974081 1.225983 0.858230 1.414253 1.906871 0.862901 1.295132 0.022908 1.517312
1.676195 1.323805 0.323805 0.676195 1.696204 0.020380 0.363076 0.933538 1.465159 1.952096 0.042477 1.555869 1.447246 0.039651 1.900896 1.631416 1.618447 1.304863 0.479217 0.639097 0.921618 1.797173 0.971091 0.937088 1.783309 0.000000 0.242609 0.990708 0.925079 0.369056 0.309819 1.353790 0.488178 1.760402 0.265997
1.918804 1.081196 0.081196 0.918804 1.938814 0.222229 0.120467 0.690929 1.707768 1.709486 0.200132 1.313259 1.204637 0.282261 1.856494 1.874025 1.861056 1.547473 0.236607 0.396488 1.164228 1.960217 0.728481 0.694479 1.974081 0.242609 0.000000 0.748098 1.167689 0.611666 0.067210 1.111181 0.730787 1.996989 0.508606
1.333097 0.333097 0.666903 1.666903 1.313088 0.970328 0.627632 0.057170 1.544133 0.961388 0.948230 0.565161 0.456538 1.030359 1.108396 1.377877 1.390845 1.704429 0.511491 0.351610 1.912326 1.212119 0.019617 0.053619 1.225983 0.990708 0.748098 0.000000 1.915787 1.359764 0.680888 0.363082 1.478885 1.248891 1.256705
0.751116 1.751116 1.248884 0.248884 0.771125 0.945459 1.288155 1.858617 0.540080 1.122825 0.967556 1.519052 1.627675 0.885428 0.975817 0.706336 0.693368 0.379784 1.404296 1.564177 0.003461 0.872094 1.896170 1.862168 0.858230 0.925079 1.167689 1.915787 0.000000 0.556023 1.234899 1.721131 0.436902 0.835322 0.659082
1.307139 1.692861 0.692861 0.307139 1.327148 0.389436 0.732132 1.302594 1.096103 1.678848 0.411533 1.924925 1.816302 0.329405 1.531840 1.262359 1.249391 0.935807 0.848273 1.008154 0.552562 1.428117 1.340147 1.306145 1.414253 0.369056 0.611666 1.359764 0.556023 0.000000 0.678876 1.722846 0.119121 1.391345 0.103059
1.986014 1.013986 0.013986 0.986014 1.993976 0.289439 0.053257 0.623719 1.774978 1.642276 0.267342 1.246049 1.137427 0.349471 1.789284 1.941235 1.928266 1.614683 0.169398 0.329278 1.231437 1.893007 0.661271 0.627269 1.906871 0.309819 0.067210 0.680888 1.234899 0.678876 0.000000 1.043971 0.797997 1.929779 0.575816
0.970015 0.029985 1.029985 1.970015 0.950005 1.333410 0.990714 0.420252 1.181051 0.598306 1.311313 0.202078 0.093456 1.393442 0.745314 1.014794 1.027763 1.341347 0.874573 0.714693 1.724592 0.849036 0.382700 0.416702 0.862901 1.353790 1.111181 0.363082 1.721131 1.722846 1.043971 0.000000 1.841968 0.885808 1.619787
1.188017 1.811983 0.811983 0.188017 1.208027 0.508558 0.851254 1.421716 0.976981 1.559727 0.530655 1.955954 1.935424 0.448526 1.412719 1.143238 1.130269 0.816686 0.967394 1.127275 0.433440 1.308996 1.459268 1.425266 1.295132 0.488178 0.730787 1.478885 0.436902 0.119121 0.797997 1.841968 0.000000 1.272224 0.222181
0.084207 0.915793 1.915793 1.084207 0.064197 1.780782 1.876522 1.306060 0.295243 0.287503 1.802879 0.683730 0.792352 1.720750 0.140495 0.128986 0.141955 0.455538 1.760382 1.600501 0.838784 0.036772 1.268508 1.302510 0.022908 1.760402 1.996989 1.248891 0.835322 1.391345 1.929779 0.885808 1.272224 0.000000 1.494405
1.410198 1.589802 0.589802 0.410198 1.430207 0.286377 0.629073 1.199535 1.199162 1.781907 0.308474 1.821865 1.713243 0.226346 1.634899 1.365419 1.352450 1.038866 0.745214 0.905094 0.655621 1.531177 1.237088 1.203085 1.517312 0.265997 0.508606 1.256705 0.659082 0.103059 0.575816 1.619787 0.222181 1.494405 0.000000
