35
0.000000 1.000000 2.000000 1.000000 1.509913 0.533100 1.322285 1.949342 0.436194 1.887154 1.063993 1.104648 0.065078 0.640327 0.801727 0.559863 0.750680 0.239267 0.101899 1.728881 0.578801 1.145344 1.498944 0.807004 1.693992 1.154247 0.685665 0.979443 0.678214 0.524301 0.463399 1.913887 0.375753 0.941351 0.014822
1.000000 0.000000 1.000000 2.000000 1.490087 1.533100 1.677715 0.949342 1.436194 1.112846 0.063993 0.104648 1.065078 0.359673 1.801727 0.440137 1.750680 1.239267 0.898101 1.271119 1.578801 1.854656 0.498944 1.807004 0.693992 0.154247 1.685665 0.020557 0.321786 0.475699 1.463399 0.913887 0.624247 1.941351 0.985178
2.000000 1.000000 0.000000 1.000000 0.490087 1.466900 0.677715 0.050658 1.563806 0.112846 0.936007 0.895352 1.934922 1.359673 1.198273 1.440137 1.249320 1.760733 1.898101 0.271119 1.421199 0.854656 0.501056 1.192996 0.306008 0.845753 1.314335 1.020557 1.321786 1.475699 1.536601 0.086113 1.624247 1.058649 1.985178
1.000000 2.000000 1.000000 0.000000 0.509913 0.466900 0.322285 1.050658 0.563806 0.887154 1.936007 1.895352 0.934922 1.640327 0.198273 1.559863 0.249320 0.760733 1.101899 0.728881 0.421199 0.145344 1.501056 0.192996 1.306008 1.845753 0.314335 1.979443 1.678214 1.524301 0.536601 1.086113 1.375753 0.058649 1.014822
1.509913 1.490087 0.490087 0.509913 0.000000 0.976813 0.187628 0.540744 1.073720 0.377241 1.426094 1.385439 1.444835 1.849760 0.708186 1.930223 0.759233 1.270646 1.611813 0.218967 0.931113 0.364569 0.991143 0.702910 0.796095 1.335840 0.824248 1.510643 1.811873 1.965786 1.046514 0.576200 1.885666 0.568562 1.524736
0.533100 1.533100 1.466900 0.466900 0.976813 0.000000 0.789185 1.517558 0.096906 1.354054 1.597093 1.637748 0.468022 1.173427 0.268627 1.092963 0.217580 0.293833 0.634999 1.195781 0.045701 0.612244 1.967956 0.273904 1.772908 1.687347 0.152565 1.512543 1.211314 1.057401 0.069701 1.553013 0.908853 0.408251 0.547922
1.322285 1.677715 0.677715 0.322285 0.187628 0.789185 0.000000 0.728372 0.886091 0.564869 1.613722 1.573067 1.257207 1.962612 0.520558 1.882149 0.571605 1.083018 1.424185 0.406596 0.743485 0.176941 1.178771 0.515281 0.983723 1.523468 0.636620 1.698272 1.999501 1.846586 0.858886 0.763828 1.698038 0.380934 1.337108
1.949342 0.949342 0.050658 1.050658 0.540744 1.517558 0.728372 0.000000 1.614464 0.163504 0.885349 0.844694 1.985580 1.309016 1.248931 1.389479 1.299978 1.811391 1.847443 0.321777 1.471857 0.905314 0.450399 1.243654 0.255350 0.795095 1.364992 0.969899 1.271128 1.425041 1.587258 0.035456 1.573589 1.109306 1.934520
0.436194 1.436194 1.563806 0.563806 1.073720 0.096906 0.886091 1.614464 0.000000 1.450960 1.500187 1.540842 0.371116 1.076520 0.365533 0.996057 0.314486 0.196927 0.538093 1.292687 0.142607 0.709150 1.935137 0.370810 1.869814 1.590441 0.249472 1.415637 1.114408 0.960495 0.027206 1.649920 0.811947 0.505158 0.451016
1.887154 1.112846 0.112846 0.887154 0.377241 1.354054 0.564869 0.163504 1.450960 0.000000 1.048853 1.008198 1.822076 1.472519 1.085427 1.552983 1.136474 1.647887 1.989053 0.158273 1.308353 0.741810 0.613902 1.080150 0.418854 0.958599 1.201489 1.133403 1.434632 1.588545 1.423755 0.198959 1.737093 0.945803 1.901976
1.063993 0.063993 0.936007 1.936007 1.426094 1.597093 1.613722 0.885349 1.500187 1.048853 0.000000 0.040655 1.129071 0.423666 1.865720 0.504130 1.814673 1.303260 0.962094 1.207126 1.642794 1.790663 0.434951 1.870997 0.629999 0.090254 1.749658 0.084550 0.385779 0.539692 1.527392 0.849894 0.688240 1.994656 1.049171
1.104648 0.104648 0.895352 1.895352 1.385439 1.637748 1.573067 0.844694 1.540842 1.008198 0.040655 0.000000 1.169726 0.464321 1.906375 0.544785 1.855328 1.343915 1.002749 1.166471 1.683449 1.750008 0.394296 1.911652 0.589344 0.049599 1.790313 0.125205 0.426434 0.580347 1.568047 0.809239 0.728895 1.954001 1.089826
0.065078 1.065078 1.934922 0.934922 1.444835 0.468022 1.257207 1.985580 0.371116 1.822076 1.129071 1.169726 0.000000 0.705405 0.736649 0.624942 0.685602 0.174189 0.166978 1.663803 0.513722 1.080266 1.564022 0.741926 1.759070 1.219325 0.620587 1.044521 0.743292 0.589379 0.398321 1.978965 0.440831 0.876273 0.079901
0.640327 0.359673 1.359673 1.640327 1.849760 1.173427 1.962612 1.309016 1.076520 1.472519 0.423666 0.464321 0.705405 0.000000 1.442054 0.080463 1.391007 0.879594 0.538427 1.630792 1.219127 1.785671 0.858617 1.447331 1.053665 0.513920 1.325992 0.339116 0.037887 0.116026 1.103726 1.273560 0.264574 1.581678 0.625504
0.801727 1.801727 1.198273 0.198273 0.708186 0.268627 0.520558 1.248931 0.365533 1.085427 1.865720 1.906375 0.736649 1.442054 0.000000 1.361591 0.051047 0.562460 0.903626 0.927154 0.222926 0.343617 1.699329 0.005277 1.504281 1.955974 0.116062 1.781170 1.479941 1.326028 0.338328 1.284386 1.177480 0.139624 0.816550
0.559863 0.440137 1.440137 1.559863 1.930223 1.092963 1.882149 1.389479 0.996057 1.552983 0.504130 0.544785 0.624942 0.080463 1.361591 0.000000 1.310543 0.799130 0.457964 1.711256 1.138664 1.705208 0.939080 1.366867 1.134128 0.594384 1.245529 0.419580 0.118351 0.035562 1.023263 1.354023 0.184110 1.501215 0.545041
0.750680 1.750680 1.249320 0.249320 0.759233 0.217580 0.571605 1.299978 0.314486 1.136474 1.814673 1.855328 0.685602 1.391007 0.051047 1.310543 0.000000 0.511413 0.852579 0.978201 0.171879 0.394664 1.750376 0.056324 1.555328 1.904927 0.065015 1.730123 1.428894 1.274981 0.287281 1.335433 1.126433 0.190671 0.765502
0.239267 1.239267 1.760733 0.760733 1.270646 0.293833 1.083018 1.811391 0.196927 1.647887 1.303260 1.343915 0.174189 0.879594 0.562460 0.799130 0.511413 0.000000 0.341166 1.489614 0.339534 0.906077 1.738211 0.567737 1.933259 1.393514 0.446398 1.218710 0.917481 0.763568 0.224132 1.846846 0.615020 0.702084 0.254089
0.101899 0.898101 1.898101 1.101899 1.611813 0.634999 1.424185 1.847443 0.538093 1.989053 0.962094 1.002749 0.166978 0.538427 0.903626 0.457964 0.852579 0.341166 0.000000 1.830780 0.680700 1.247243 1.397044 0.908903 1.592092 1.052348 0.787565 0.877544 0.576315 0.422402 0.565299 1.811987 0.273854 1.043251 0.087077
1.728881 1.271119 0.271119 0.728881 0.218967 1.195781 0.406596 0.321777 1.292687 0.158273 1.207126 1.166471 1.663803 1.630792 0.927154 1.711256 0.978201 1.489614 1.830780 0.000000 1.150080 0.583537 0.772176 0.921877 0.577127 1.116872 1.043216 1.291676 1.592905 1.746818 1.265482 0.357232 1.895366 0.787530 1.743703
0.578801 1.578801 1.421199 0.421199 0.931113 0.045701 0.743485 1.471857 0.142607 1.308353 1.642794 1.683449 0.513722 1.219127 0.222926 1.138664 0.171879 0.339534 0.680700 1.150080 0.000000 0.566543 1.922256 0.228203 1.727208 1.733048 0.106865 1.558244 1.257015 1.103102 0.115401 1.507313 0.954554 0.362551 0.593623
1.145344 1.854656 0.854656 0.145344 0.364569 0.612244 0.176941 0.905314 0.709150 0.741810 1.790663 1.750008 1.080266 1.785671 0.343617 1.705208 0.394664 0.906077 1.247243 0.583537 0.566543 0.000000 1.355712 0.338340 1.160664 1.700409 0.459679 1.875213 1.823558 1.669645 0.681945 0.940769 1.521097 0.203993 1.160166
1.498944 0.498944 0.501056 1.501056 0.991143 1.967956 1.178771 0.450399 1.935137 0.613902 0.434951 0.394296 1.564022 0.858617 1.699329 0.939080 1.750376 1.738211 1.397044 0.772176 1.922256 1.355712 0.000000 1.694053 0.195048 0.344697 1.815391 0.519501 0.820730 0.974643 1.962343 0.414943 1.123191 1.559705 1.484121
0.807004 1.807004 1.192996 0.192996 0.702910 0.273904 0.515281 1.243654 0.370810 1.080150 1.870997 1.911652 0.741926 1.447331 0.005277 1.366867 0.056324 0.567737 0.908903 0.921877 0.228203 0.338340 1.694053 0.000000 1.499004 1.961251 0.121339 1.786447 1.485218 1.331305 0.343605 1.279109 1.182757 0.134347 0.821826
1.693992 0.693992 0.306008 1.306008 0.796095 1.772908 0.983723 0.255350 1.869814 0.418854 0.629999 0.589344 1.759070 1.053665 1.504281 1.134128 1.555328 1.933259 1.592092 0.577127 1.727208 1.160664 0.195048 1.499004 0.000000 0.539745 1.620343 0.714549 1.015778 1.169691 1.842609 0.219895 1.318239 1.364657 1.679169
1.154247 0.154247 0.845753 1.845753 1.335840 1.687347 1.523468 0.795095 1.590441 0.958599 0.090254 0.049599 1.219325 0.513920 1.955974 0.594384 1.904927 1.393514 1.052348 1.116872 1.733048 1.700409 0.344697 1.961251 0.539745 0.000000 1.839912 0.174804 0.476033 0.629946 1.617646 0.759640 0.778494 1.904402 1.139425
0.685665 1.685665 1.314335 0.314335 0.824248 0.152565 0.636620 1.364992 0.249472 1.201489 1.749658 1.790313 0.620587 1.325992 0.116062 1.245529 0.065015 0.446398 0.787565 1.043216 0.106865 0.459679 1.815391 0.121339 1.620343 1.839912 0.000000 1.665108 1.363879 1.209966 0.222266 1.400448 1.061418 0.255686 0.700488
0.979443 0.020557 1.020557 1.979443 1.510643 1.512543 1.698272 0.969899 1.415637 1.133403 0.084550 0.125205 1.044521 0.339116 1.781170 0.419580 1.730123 1.218710 0.877544 1.291676 1.558244 1.875213 0.519501 1.786447 0.714549 0.174804 1.665108 0.000000 0.301229 0.455142 1.442842 0.934444 0.603690 1.920794 0.964621
0.678214 0.321786 1.321786 1.678214 1.811873 1.211314 1.999501 1.271128 1.114408 1.434632 0.385779 0.426434 0.743292 0.037887 1.479941 0.118351 1.428894 0.917481 0.576315 1.592905 1.257015 1.823558 0.820730 1.485218 1.015778 0.476033 1.363879 0.301229 0.000000 0.153913 1.141613 1.235673 0.302461 1.619565 0.663392
0.524301 0.475699 1.475699 1.524301 1.965786 1.057401 1.846586 1.425041 0.960495 1.588545 0.539692 0.580347 0.589379 0.116026 1.326028 0.035562 1.274981 0.763568 0.422402 1.746818 1.103102 1.669645 0.974643 1.331305 1.169691 0.629946 1.209966 0.455142 0.153913 0.000000 0.987700 1.389586 0.148548 1.465652 0.509479
0.463399 1.463399 1.536601 0.536601 1.046514 0.069701 0.858886 1.587258 0.027206 1.423755 1.527392 1.568047 0.398321 1.103726 0.338328 1.023263 0.287281 0.224132 0.565299 1.265482 0.115401 0.681945 1.962343 0.343605 1.842609 1.617646 0.222266 1.442842 1.141613 0.987700 0.000000 1.622714 0.839152 0.477952 0.478222
1.913887 0.913887 0.086113 1.086113 0.576200 1.553013 0.763828 0.035456 1.649920 0.198959 0.849894 0.809239 1.978965 1.273560 1.284386 1.354023 1.335433 1.846846 1.811987 0.357232 1.507313 0.940769 0.414943 1.279109 0.219895 0.759640 1.400448 0.934444 1.235673 1.389586 1.622714 0.000000 1.538134 1.144762 1.899064
0.375753 0.624247 1.624247 1.375753 1.885666 0.908853 1.698038 1.573589 0.811947 1.737093 0.688240 0.728895 0.440831 0.264574 1.177480 0.184110 1.126433 0.615020 0.273854 1.895366 0.954554 1.521097 1.123191 1.182757 1.318239 0.778494 1.061418 0.603690 0.302461 0.148548 0.839152 1.538134 0.000000 1.317104 0.360931
0.941351 1.941351 1.058649 0.058649 0.568562 0.408251 0.380934 1.109306 0.505158 0.945803 1.994656 1.954001 0.876273 1.581678 0.139624 1.501215 0.190671 0.702084 1.043251 0.787530 0.362551 0.203993 1.559705 0.134347 1.364657 1.904402 0.255686 1.920794 1.619565 1.465652 0.477952 1.144762 1.317104 0.000000 0.956174
0.014822 0.985178 1.985178 1.014822 1.524736 0.547922 1.337108 1.934520 0.451016 1.901976 1.049171 1.089826 0.079901 0.625504 0.816550 0.545041 0.765502 0.254089 0.087077 1.743703 0.593623 1.160166 1.484121 0.821826 1.679169 1.139425 0.700488 0.964621 0.663392 0.509479 0.478222 1.899064 0.360931 0.956174 0.000000
