30
0.000000 1.000000 2.000000 1.000000 0.722994 0.347044 1.703868 1.845990 0.916554 0.560144 0.811018 1.494687 0.863576 0.328588 0.513713 1.417383 1.587171 0.401330 1.633638 0.063564 1.145840 0.974744 1.026794 0.775734 0.466544 0.205732 0.646380 1.115678 0.261724 1.205143
1.000000 0.000000 1.000000 2.000000 0.277006 1.347044 1.296132 1.154010 0.083446 0.439856 1.811018 1.505313 0.136424 0.671412 0.486287 0.417383 1.412829 1.401330 1.366362 1.063564 0.145840 0.025256 0.026794 1.775734 1.466544 0.794268 1.646380 0.115678 0.738276 1.794857
2.000000 1.000000 0.000000 1.000000 1.277006 1.652956 0.296132 0.154010 1.083446 1.439856 1.188982 0.505313 1.136424 1.671412 1.486287 0.582617 0.412829 1.598670 0.366362 1.936436 0.854160 1.025256 0.973206 1.224266 1.533456 1.794268 1.353620 0.884322 1.738276 0.794857
1.000000 2.000000 1.000000 0.000000 1.722994 0.652956 0.703868 0.845990 1.916554 1.560144 0.188982 0.494687 1.863576 1.328588 1.513713 1.582617 0.587171 0.598670 0.633638 0.936436 1.854160 1.974744 1.973206 0.224266 0.533456 1.205732 0.353620 1.884322 1.261724 0.205143
0.722994 0.277006 1.277006 1.722994 0.000000 1.070037 1.573138 1.431016 0.193560 0.162850 1.534011 1.782319 0.140583 0.394406 0.209281 0.694390 1.689835 1.124324 1.643368 0.786558 0.422846 0.251750 0.303800 1.498728 1.189538 0.517261 1.369374 0.392684 0.461270 1.928137
0.347044 1.347044 1.652956 0.652956 1.070037 0.000000 1.356825 1.498947 1.263597 0.907188 0.463974 1.147644 1.210620 0.675632 0.860756 1.764427 1.240128 0.054286 1.286595 0.283479 1.492884 1.321788 1.373837 0.428691 0.119500 0.552776 0.299337 1.462722 0.608767 0.858099
1.703868 1.296132 0.296132 0.703868 1.573138 1.356825 0.000000 0.142122 1.379578 1.735987 0.892851 0.209181 1.432555 1.967544 1.782419 0.878748 0.116697 1.302538 0.070230 1.640304 1.150291 1.321387 1.269338 0.928134 1.237325 1.909601 1.057488 1.180454 1.965592 0.498726
1.845990 1.154010 0.154010 0.845990 1.431016 1.498947 0.142122 0.000000 1.237456 1.593866 1.034973 0.351303 1.290433 1.825422 1.640297 0.736626 0.258819 1.444660 0.212352 1.782426 1.008170 1.179266 1.127216 1.070256 1.379446 1.948277 1.199610 1.038332 1.892286 0.640847
0.916554 0.083446 1.083446 1.916554 0.193560 1.263597 1.379578 1.237456 0.000000 0.356409 1.727571 1.588759 0.052977 0.587966 0.402841 0.500830 1.496275 1.317883 1.449808 0.980118 0.229287 0.058191 0.110240 1.692288 1.383097 0.710821 1.562934 0.199124 0.654830 1.878304
0.560144 0.439856 1.439856 1.560144 0.162850 0.907188 1.735987 1.593866 0.356409 0.000000 1.371162 1.945169 0.303432 0.231556 0.046432 0.857239 1.852684 0.961474 1.806217 0.623708 0.585696 0.414600 0.466649 1.335879 1.026688 0.354412 1.206524 0.555534 0.298420 1.765287
0.811018 1.811018 1.188982 0.188982 1.534011 0.463974 0.892851 1.034973 1.727571 1.371162 0.000000 0.683670 1.674594 1.139606 1.324730 1.771599 0.776154 0.409688 0.822621 0.747454 1.956858 1.785762 1.837811 0.035283 0.344474 1.016750 0.164638 1.926696 1.072742 0.394125
1.494687 1.505313 0.505313 0.494687 1.782319 1.147644 0.209181 0.351303 1.588759 1.945169 0.683670 0.000000 1.641736 1.823275 1.991600 1.087929 0.092484 1.093357 0.138951 1.431123 1.359473 1.530569 1.478519 0.718953 1.028144 1.700420 0.848307 1.389635 1.756411 0.289544
0.863576 0.136424 1.136424 1.863576 0.140583 1.210620 1.432555 1.290433 0.052977 0.303432 1.674594 1.641736 0.000000 0.534988 0.349864 0.553807 1.549252 1.264906 1.502785 0.927140 0.282264 0.111168 0.163217 1.639311 1.330120 0.657844 1.509956 0.252102 0.601852 1.931281
0.328588 0.671412 1.671412 1.328588 0.394406 0.675632 1.967544 1.825422 0.587966 0.231556 1.139606 1.823275 0.534988 0.000000 0.185125 1.088795 1.915759 0.729918 1.962226 0.392152 0.817252 0.646156 0.698206 1.104322 0.795132 0.122856 0.974968 0.787090 0.066864 1.533731
0.513713 0.486287 1.486287 1.513713 0.209281 0.860756 1.782419 1.640297 0.402841 0.046432 1.324730 1.991600 0.349864 0.185125 0.000000 0.903671 1.899116 0.915042 1.852649 0.577277 0.632128 0.461032 0.513081 1.289447 0.980256 0.307980 1.160093 0.601965 0.251989 1.718855
1.417383 0.417383 0.582617 1.582617 0.694390 1.764427 0.878748 0.736626 0.500830 0.857239 1.771599 1.087929 0.553807 1.088795 0.903671 0.000000 0.995445 1.818713 0.948978 1.480947 0.271543 0.442639 0.390590 1.806882 1.883927 1.211651 1.936236 0.301705 1.155659 1.377474
1.587171 1.412829 0.412829 0.587171 1.689835 1.240128 0.116697 0.258819 1.496275 1.852684 0.776154 0.092484 1.549252 1.915759 1.899116 0.995445 0.000000 1.185841 0.046467 1.523607 1.266989 1.438084 1.386035 0.811437 1.120628 1.792904 0.940791 1.297151 1.848895 0.382029
0.401330 1.401330 1.598670 0.598670 1.124324 0.054286 1.302538 1.444660 1.317883 0.961474 0.409688 1.093357 1.264906 0.729918 0.915042 1.818713 1.185841 0.000000 1.232308 0.337766 1.547170 1.376074 1.428124 0.374404 0.065214 0.607062 0.245050 1.517008 0.663054 0.803813
1.633638 1.366362 0.366362 0.633638 1.643368 1.286595 0.070230 0.212352 1.449808 1.806217 0.822621 0.138951 1.502785 1.962226 1.852649 0.948978 0.046467 1.232308 0.000000 1.570074 1.220522 1.391617 1.339568 0.857904 1.167095 1.839371 0.987258 1.250684 1.895362 0.428496
0.063564 1.063564 1.936436 0.936436 0.786558 0.283479 1.640304 1.782426 0.980118 0.623708 0.747454 1.431123 0.927140 0.392152 0.577277 1.480947 1.523607 0.337766 1.570074 0.000000 1.209404 1.038308 1.090358 0.712170 0.402980 0.269297 0.582816 1.179242 0.325288 1.141579
1.145840 0.145840 0.854160 1.854160 0.422846 1.492884 1.150291 1.008170 0.229287 0.585696 1.956858 1.359473 0.282264 0.817252 0.632128 0.271543 1.266989 1.547170 1.220522 1.209404 0.000000 0.171096 0.119046 1.921574 1.612384 0.940108 1.792220 0.030162 0.884116 1.649017
0.974744 0.025256 1.025256 1.974744 0.251750 1.321788 1.321387 1.179266 0.058191 0.414600 1.785762 1.530569 0.111168 0.646156 0.461032 0.442639 1.438084 1.376074 1.391617 1.038308 0.171096 0.000000 0.052049 1.750479 1.441288 0.769012 1.621124 0.140934 0.713020 1.820113
1.026794 0.026794 0.973206 1.973206 0.303800 1.373837 1.269338 1.127216 0.110240 0.466649 1.837811 1.478519 0.163217 0.698206 0.513081 0.390590 1.386035 1.428124 1.339568 1.090358 0.119046 0.052049 0.000000 1.802528 1.493337 0.821061 1.673174 0.088884 0.765070 1.768064
0.775734 1.775734 1.224266 0.224266 1.498728 0.428691 0.928134 1.070256 1.692288 1.335879 0.035283 0.718953 1.639311 1.104322 1.289447 1.806882 0.811437 0.374404 0.857904 0.712170 1.921574 1.750479 1.802528 0.000000 0.309191 0.981467 0.129354 1.891412 1.037458 0.429408
0.466544 1.466544 1.533456 0.533456 1.189538 0.119500 1.237325 1.379446 1.383097 1.026688 0.344474 1.028144 1.330120 0.795132 0.980256 1.883927 1.120628 0.065214 1.167095 0.402980 1.612384 1.441288 1.493337 0.309191 0.000000 0.672276 0.179836 1.582222 0.728268 0.738599
0.205732 0.794268 1.794268 1.205732 0.517261 0.552776 1.909601 1.948277 0.710821 0.354412 1.016750 1.700420 0.657844 0.122856 0.307980 1.211651 1.792904 0.607062 1.839371 0.269297 0.940108 0.769012 0.821061 0.981467 0.672276 0.000000 0.852113 0.909946 0.055991 1.410875
0.646380 1.646380 1.353620 0.353620 1.369374 0.299337 1.057488 1.199610 1.562934 1.206524 0.164638 0.848307 1.509956 0.974968 1.160093 1.936236 0.940791 0.245050 0.987258 0.582816 1.792220 1.621124 1.673174 0.129354 0.179836 0.852113 0.000000 1.762058 0.908104 0.558763
1.115678 0.115678 0.884322 1.884322 0.392684 1.462722 1.180454 1.038332 0.199124 0.555534 1.926696 1.389635 0.252102 0.787090 0.601965 0.301705 1.297151 1.517008 1.250684 1.179242 0.030162 0.140934 0.088884 1.891412 1.582222 0.909946 1.762058 0.000000 0.853954 1.679179
0.261724 0.738276 1.738276 1.261724 0.461270 0.608767 1.965592 1.892286 0.654830 0.298420 1.072742 1.756411 0.601852 0.066864 0.251989 1.155659 1.848895 0.663054 1.895362 0.325288 0.884116 0.713020 0.765070 1.037458 0.728268 0.055991 0.908104 0.853954 0.000000 1.466867
1.205143 1.794857 0.794857 0.205143 1.928137 0.858099 0.498726 0.640847 1.878304 1.765287 0.394125 0.289544 1.931281 1.533731 1.718855 1.377474 0.382029 0.803813 0.428496 1.141579 1.649017 1.820113 1.768064 0.429408 0.738599 1.410875 0.558763 1.679179 1.466867 0.000000
