40
0.000000 1.000000 2.000000 1.000000 1.152673 0.755787 0.625176 0.030230 0.753555 0.605910 0.094669 0.617066 0.421996 1.253439 0.283324 0.537649 1.947968 1.418111 1.208524 0.041956 1.213978 0.294335 0.500002 0.065331 1.218422 0.803601 1.105413 0.616693 1.614577 0.518862 0.596043 0.815391 1.763995 0.018988 1.188055 1.573412 0.647453 0.467737 1.601616 1.330035
1.000000 0.000000 1.000000 2.000000 1.847327 1.755787 0.374824 1.030230 1.753555 1.605910 1.094669 1.617066 1.421996 1.746561 1.283324 1.537649 1.052032 1.581889 1.791476 1.041956 0.213978 1.294335 0.499998 1.065331 0.218422 1.803601 1.894587 1.616693 0.614577 1.518862 1.596043 0.184609 1.236005 1.018988 1.811945 1.426588 1.647453 0.532263 0.601616 1.669965
2.000000 1.000000 0.000000 1.000000 0.847327 1.244213 1.374824 1.969770 1.246445 1.394090 1.905331 1.382934 1.578004 0.746561 1.716676 1.462351 0.052032 0.581889 0.791476 1.958044 0.786022 1.705665 1.499998 1.934669 0.781578 1.196399 0.894587 1.383307 0.385423 1.481138 1.403957 1.184609 0.236005 1.981012 0.811945 0.426588 1.352547 1.532263 0.398384 0.669965
1.000000 2.000000 1.000000 0.000000 0.152673 0.244213 1.625176 0.969770 0.246445 0.394090 0.905331 0.382934 0.578004 0.253439 0.716676 0.462351 0.947968 0.418111 0.208524 0.958044 1.786022 0.705665 1.500002 0.934669 1.781578 0.196399 0.105413 0.383307 1.385423 0.481138 0.403957 1.815391 0.763995 0.981012 0.188055 0.573412 0.352547 1.467737 1.398384 0.330035
1.152673 1.847327 0.847327 0.152673 0.000000 0.396886 1.777849 1.122443 0.399117 0.546763 1.058004 0.535606 0.730677 0.100766 0.869349 0.615023 0.795295 0.265439 0.055852 1.110717 1.633349 0.858338 1.652675 1.087342 1.628905 0.349071 0.047260 0.535980 1.232750 0.633811 0.556630 1.968064 0.611323 1.133685 0.035382 0.420739 0.505219 1.620410 1.245711 0.177362
0.755787 1.755787 1.244213 0.244213 0.396886 0.000000 1.380963 0.725557 0.002231 0.149877 0.661117 0.138720 0.333791 0.497652 0.472463 0.218137 1.192181 0.662325 0.452738 0.713830 1.969765 0.461452 1.255788 0.690456 1.974209 0.047815 0.349626 0.139094 1.629636 0.236925 0.159744 1.571178 1.008209 0.736799 0.432268 0.817626 0.108333 1.223524 1.642597 0.574248
0.625176 0.374824 1.374824 1.625176 1.777849 1.380963 0.000000 0.655406 1.378731 1.231086 0.719845 1.242242 1.047171 1.878615 0.908500 1.162825 1.426856 1.956713 1.833700 0.667132 0.588802 0.919511 0.125174 0.690507 0.593246 1.428777 1.730589 1.241868 0.989401 1.144038 1.221219 0.190215 1.610829 0.644164 1.813231 1.801412 1.272629 0.157439 0.976440 1.955210
0.030230 1.030230 1.969770 0.969770 1.122443 0.725557 0.655406 0.000000 0.723326 0.575681 0.064440 0.586837 0.391766 1.223209 0.253094 0.507420 1.917738 1.387882 1.178295 0.011727 1.244208 0.264105 0.530231 0.035101 1.248652 0.773372 1.075183 0.586463 1.644807 0.488632 0.565813 0.845621 1.733766 0.011242 1.157825 1.543183 0.617224 0.497967 1.631846 1.299805
0.753555 1.753555 1.246445 0.246445 0.399117 0.002231 1.378731 0.723326 0.000000 0.147645 0.658886 0.136489 0.331560 0.499883 0.470231 0.215906 1.194413 0.664556 0.454969 0.711599 1.967534 0.459221 1.253557 0.688225 1.971977 0.050046 0.351858 0.136863 1.631867 0.234694 0.157513 1.568946 1.010440 0.734568 0.434499 0.819857 0.106102 1.221293 1.644828 0.576479
0.605910 1.605910 1.394090 0.394090 0.546763 0.149877 1.231086 0.575681 0.147645 0.000000 0.511241 0.011156 0.183915 0.647529 0.322586 0.068261 1.342058 0.812201 0.602614 0.563954 1.819888 0.311575 1.105912 0.540579 1.824332 0.197691 0.499503 0.010782 1.779513 0.087048 0.009867 1.421301 1.158085 0.586922 0.582145 0.967502 0.041543 1.073647 1.792474 0.724124
0.094669 1.094669 1.905331 0.905331 1.058004 0.661117 0.719845 0.064440 0.658886 0.511241 0.000000 0.522397 0.327326 1.158769 0.188655 0.442980 1.853299 1.323442 1.113855 0.052713 1.308647 0.199666 0.594671 0.029339 1.313091 0.708932 1.010744 0.522023 1.709247 0.424193 0.501374 0.910060 1.669326 0.075682 1.093386 1.478743 0.552784 0.562406 1.696285 1.235365
0.617066 1.617066 1.382934 0.382934 0.535606 0.138720 1.242242 0.586837 0.136489 0.011156 0.522397 0.000000 0.195071 0.636372 0.333742 0.079417 1.330902 0.801045 0.591458 0.575110 1.831044 0.322732 1.117068 0.551736 1.835488 0.186535 0.488347 0.000374 1.768356 0.098205 0.021024 1.432457 1.146929 0.598079 0.570989 0.956346 0.030387 1.084804 1.781318 0.712968
0.421996 1.421996 1.578004 0.578004 0.730677 0.333791 1.047171 0.391766 0.331560 0.183915 0.327326 0.195071 0.000000 0.831443 0.138672 0.115654 1.525972 0.996116 0.786529 0.380039 1.635974 0.127661 0.921997 0.356665 1.640418 0.381606 0.683417 0.194697 1.963427 0.096866 0.174047 1.237387 1.342000 0.403008 0.766059 1.151417 0.225458 0.889733 1.976388 0.908039
1.253439 1.746561 0.746561 0.253439 0.100766 0.497652 1.878615 1.223209 0.499883 0.647529 1.158769 0.636372 0.831443 0.000000 0.970115 0.715789 0.694529 0.164673 0.044914 1.211482 1.532583 0.959104 1.753440 1.188108 1.528139 0.449837 0.148026 0.636746 1.131984 0.734577 0.657396 1.931170 0.510557 1.234451 0.065384 0.319974 0.605985 1.721176 1.144945 0.076596
0.283324 1.283324 1.716676 0.716676 0.869349 0.472463 0.908500 0.253094 0.470231 0.322586 0.188655 0.333742 0.138672 0.970115 0.000000 0.254325 1.664644 1.134787 0.925200 0.241368 1.497302 0.011011 0.783326 0.217993 1.501746 0.520277 0.822089 0.333369 1.897901 0.235538 0.312719 1.098715 1.480671 0.264336 0.904731 1.290088 0.364129 0.751061 1.884940 1.046711
0.537649 1.537649 1.462351 0.462351 0.615023 0.218137 1.162825 0.507420 0.215906 0.068261 0.442980 0.079417 0.115654 0.715789 0.254325 0.000000 1.410319 0.880462 0.670875 0.495693 1.751628 0.243315 1.037651 0.472319 1.756071 0.265952 0.567764 0.079043 1.847773 0.018788 0.058393 1.353040 1.226346 0.518662 0.650405 1.035763 0.109804 1.005387 1.860734 0.792385
1.947968 1.052032 0.052032 0.947968 0.795295 1.192181 1.426856 1.917738 1.194413 1.342058 1.853299 1.330902 1.525972 0.694529 1.664644 1.410319 0.000000 0.529857 0.739444 1.906012 0.838054 1.653633 1.552030 1.882637 0.833610 1.144366 0.842555 1.331275 0.437455 1.429106 1.351925 1.236641 0.183973 1.928980 0.759913 0.374556 1.300515 1.584295 0.450416 0.617933
1.418111 1.581889 0.581889 0.418111 0.265439 0.662325 1.956713 1.387882 0.664556 0.812201 1.323442 0.801045 0.996116 0.164673 1.134787 0.880462 0.529857 0.000000 0.209587 1.376155 1.367910 1.123777 1.918113 1.352781 1.363467 0.614510 0.312698 0.801419 0.967311 0.899250 0.822069 1.766498 0.345884 1.399124 0.230056 0.155301 0.770658 1.885849 0.980272 0.088077
1.208524 1.791476 0.791476 0.208524 0.055852 0.452738 1.833700 1.178295 0.454969 0.602614 1.113855 0.591458 0.786529 0.044914 0.925200 0.670875 0.739444 0.209587 0.000000 1.166568 1.577497 0.914190 1.708526 1.143194 1.573054 0.404923 0.103111 0.591832 1.176898 0.689663 0.612482 1.976085 0.555471 1.189537 0.020469 0.364888 0.561071 1.676262 1.189859 0.121510
0.041956 1.041956 1.958044 0.958044 1.110717 0.713830 0.667132 0.011727 0.711599 0.563954 0.052713 0.575110 0.380039 1.211482 0.241368 0.495693 1.906012 1.376155 1.166568 0.000000 1.255934 0.252379 0.541958 0.023374 1.260378 0.761645 1.063457 0.574736 1.656534 0.476906 0.554086 0.857347 1.722039 0.022969 1.146099 1.531456 0.605497 0.509694 1.643572 1.288078
1.213978 0.213978 0.786022 1.786022 1.633349 1.969765 0.588802 1.244208 1.967534 1.819888 1.308647 1.831044 1.635974 1.532583 1.497302 1.751628 0.838054 1.367910 1.577497 1.255934 0.000000 1.508313 0.713976 1.279309 0.004444 1.982420 1.680609 1.830671 0.400599 1.732840 1.810021 0.398587 1.022027 1.232966 1.597967 1.212610 1.861431 0.746241 0.387638 1.455987
0.294335 1.294335 1.705665 0.705665 0.858338 0.461452 0.919511 0.264105 0.459221 0.311575 0.199666 0.322732 0.127661 0.959104 0.011011 0.243315 1.653633 1.123777 0.914190 0.252379 1.508313 0.000000 0.794337 0.229004 1.512757 0.509267 0.811078 0.322358 1.908912 0.224527 0.301708 1.109726 1.469660 0.275347 0.893720 1.279077 0.353118 0.762072 1.895951 1.035700
0.500002 0.499998 1.499998 1.500002 1.652675 1.255788 0.125174 0.530231 1.253557 1.105912 0.594671 1.117068 0.921997 1.753440 0.783326 1.037651 1.552030 1.918113 1.708526 0.541958 0.713976 0.794337 0.000000 0.565333 0.718420 1.303603 1.605415 1.116694 1.114575 1.018864 1.096045 0.315389 1.736003 0.518989 1.688057 1.926586 1.147455 0.032265 1.101614 1.830036
0.065331 1.065331 1.934669 0.934669 1.087342 0.690456 0.690507 0.035101 0.688225 0.540579 0.029339 0.551736 0.356665 1.188108 0.217993 0.472319 1.882637 1.352781 1.143194 0.023374 1.279309 0.229004 0.565333 0.000000 1.283753 0.738271 1.040082 0.551362 1.679908 0.453531 0.530712 0.880722 1.698665 0.046343 1.122724 1.508082 0.582123 0.533068 1.666947 1.264704
1.218422 0.218422 0.781578 1.781578 1.628905 1.974209 0.593246 1.248652 1.971977 1.824332 1.313091 1.835488 1.640418 1.528139 1.501746 1.756071 0.833610 1.363467 1.573054 1.260378 0.004444 1.512757 0.718420 1.283753 0.000000 1.977977 1.676165 1.835115 0.396155 1.737284 1.814465 0.403031 1.017583 1.237410 1.593523 1.208166 1.865875 0.750685 0.383194 1.451543
0.803601 1.803601 1.196399 0.196399 0.349071 0.047815 1.428777 0.773372 0.050046 0.197691 0.708932 0.186535 0.381606 0.449837 0.520277 0.265952 1.144366 0.614510 0.404923 0.761645 1.982420 0.509267 1.303603 0.738271 1.977977 0.000000 0.301812 0.186909 1.581821 0.284740 0.207559 1.618992 0.960394 0.784614 0.384453 0.769811 0.156148 1.271339 1.594782 0.526433
1.105413 1.894587 0.894587 0.105413 0.047260 0.349626 1.730589 1.075183 0.351858 0.499503 1.010744 0.488347 0.683417 0.148026 0.822089 0.567764 0.842555 0.312698 0.103111 1.063457 1.680609 0.811078 1.605415 1.040082 1.676165 0.301812 0.000000 0.488720 1.280010 0.586551 0.509370 1.920804 0.658582 1.086425 0.082642 0.467999 0.457960 1.573150 1.292971 0.224622
0.616693 1.616693 1.383307 0.383307 0.535980 0.139094 1.241868 0.586463 0.136863 0.010782 0.522023 0.000374 0.194697 0.636746 0.333369 0.079043 1.331275 0.801419 0.591832 0.574736 1.830671 0.322358 1.116694 0.551362 1.835115 0.186909 0.488720 0.000000 1.768730 0.097831 0.020650 1.432084 1.147303 0.597705 0.571362 0.956720 0.030761 1.084430 1.781691 0.713342
1.614577 0.614577 0.385423 1.385423 1.232750 1.629636 0.989401 1.644807 1.631867 1.779513 1.709247 1.768356 1.963427 1.131984 1.897901 1.847773 0.437455 0.967311 1.176898 1.656534 0.400599 1.908912 1.114575 1.679908 0.396155 1.581821 1.280010 1.768730 0.000000 1.866561 1.789380 0.799186 0.621427 1.633565 1.197368 0.812010 1.737969 1.146840 0.012961 1.055388
0.518862 1.518862 1.481138 0.481138 0.633811 0.236925 1.144038 0.488632 0.234694 0.087048 0.424193 0.098205 0.096866 0.734577 0.235538 0.018788 1.429106 0.899250 0.689663 0.476906 1.732840 0.224527 1.018864 0.453531 1.737284 0.284740 0.586551 0.097831 1.866561 0.000000 0.077181 1.334253 1.245133 0.499874 0.669193 1.054550 0.128591 0.986599 1.879522 0.811173
0.596043 1.596043 1.403957 0.403957 0.556630 0.159744 1.221219 0.565813 0.157513 0.009867 0.501374 0.021024 0.174047 0.657396 0.312719 0.058393 1.351925 0.822069 0.612482 0.554086 1.810021 0.301708 1.096045 0.530712 1.814465 0.207559 0.509370 0.020650 1.789380 0.077181 0.000000 1.411434 1.167953 0.577055 0.592012 0.977370 0.051411 1.063780 1.802341 0.733992
0.815391 0.184609 1.184609 1.815391 1.968064 1.571178 0.190215 0.845621 1.568946 1.421301 0.910060 1.432457 1.237387 1.931170 1.098715 1.353040 1.236641 1.766498 1.976085 0.857347 0.398587 1.109726 0.315389 0.880722 0.403031 1.618992 1.920804 1.432084 0.799186 1.334253 1.411434 0.000000 1.420614 0.834379 1.996554 1.611197 1.462844 0.347654 0.786225 1.854574
1.763995 1.236005 0.236005 0.763995 0.611323 1.008209 1.610829 1.733766 1.010440 1.158085 1.669326 1.146929 1.342000 0.510557 1.480671 1.226346 0.183973 0.345884 0.555471 1.722039 1.022027 1.469660 1.736003 1.698665 1.017583 0.960394 0.658582 1.147303 0.621427 1.245133 1.167953 1.420614 0.000000 1.745008 0.575940 0.190583 1.116542 1.768267 0.634389 0.433961
0.018988 1.018988 1.981012 0.981012 1.133685 0.736799 0.644164 0.011242 0.734568 0.586922 0.075682 0.598079 0.403008 1.234451 0.264336 0.518662 1.928980 1.399124 1.189537 0.022969 1.232966 0.275347 0.518989 0.046343 1.237410 0.784614 1.086425 0.597705 1.633565 0.499874 0.577055 0.834379 1.745008 0.000000 1.169067 1.554425 0.628466 0.486725 1.620604 1.311047
1.188055 1.811945 0.811945 0.188055 0.035382 0.432268 1.813231 1.157825 0.434499 0.582145 1.093386 0.570989 0.766059 0.065384 0.904731 0.650405 0.759913 0.230056 0.020469 1.146099 1.597967 0.893720 1.688057 1.122724 1.593523 0.384453 0.082642 0.571362 1.197368 0.669193 0.592012 1.996554 0.575940 1.169067 0.000000 0.385357 0.540602 1.655792 1.210329 0.141980
1.573412 1.426588 0.426588 0.573412 0.420739 0.817626 1.801412 1.543183 0.819857 0.967502 1.478743 0.956346 1.151417 0.319974 1.290088 1.035763 0.374556 0.155301 0.364888 1.531456 1.212610 1.279077 1.926586 1.508082 1.208166 0.769811 0.467999 0.956720 0.812010 1.054550 0.977370 1.611197 0.190583 1.554425 0.385357 0.000000 0.925959 1.958850 0.824972 0.243378
0.647453 1.647453 1.352547 0.352547 0.505219 0.108333 1.272629 0.617224 0.106102 0.041543 0.552784 0.030387 0.225458 0.605985 0.364129 0.109804 1.300515 0.770658 0.561071 0.605497 1.861431 0.353118 1.147455 0.582123 1.865875 0.156148 0.457960 0.030761 1.737969 0.128591 0.051411 1.462844 1.116542 0.628466 0.540602 0.925959 0.000000 1.115191 1.750931 0.682581
0.467737 0.532263 1.532263 1.467737 1.620410 1.223524 0.157439 0.497967 1.221293 1.073647 0.562406 1.084804 0.889733 1.721176 0.751061 1.005387 1.584295 1.885849 1.676262 0.509694 0.746241 0.762072 0.032265 0.533068 0.750685 1.271339 1.573150 1.084430 1.146840 0.986599 1.063780 0.347654 1.768267 0.486725 1.655792 1.958850 1.115191 0.000000 1.133879 1.797772
1.601616 0.601616 0.398384 1.398384 1.245711 1.642597 0.976440 1.631846 1.644828 1.792474 1.696285 1.781318 1.976388 1.144945 1.884940 1.860734 0.450416 0.980272 1.189859 1.643572 0.387638 1.895951 1.101614 1.666947 0.383194 1.594782 1.292971 1.781691 0.012961 1.879522 1.802341 0.786225 0.634389 1.620604 1.210329 0.824972 1.750931 1.133879 0.000000 1.068349
1.330035 1.669965 0.669965 0.330035 0.177362 0.574248 1.955210 1.299805 0.576479 0.724124 1.235365 0.712968 0.908039 0.076596 1.046711 0.792385 0.617933 0.088077 0.121510 1.288078 1.455987 1.035700 1.830036 1.264704 1.451543 0.526433 0.224622 0.713342 1.055388 0.811173 0.733992 1.854574 0.433961 1.311047 0.141980 0.243378 0.682581 1.797772 1.068349 0.000000
