25
0.000000 1.000000 2.000000 1.000000 0.244970 1.955037 1.241197 1.299242 0.465756 1.766166 1.325273 1.298824 1.565117 0.000756 0.889563 1.738584 0.259916 0.765259 1.732389 0.702537 1.887948 1.432253 0.966653 1.479857 1.717253
1.000000 0.000000 1.000000 2.000000 0.755030 0.955037 0.241197 0.299242 0.534244 0.766166 0.325273 0.298824 0.565117 0.999244 0.110437 0.738584 1.259916 1.765259 1.267611 0.297463 1.112052 1.567747 0.033347 0.479857 0.717253
2.000000 1.000000 0.000000 1.000000 1.755030 0.044963 0.758803 0.700758 1.534244 0.233834 0.674727 0.701176 0.434883 1.999244 1.110437 0.261416 1.740084 1.234741 0.267611 1.297463 0.112052 0.567747 1.033347 0.520143 0.282747
1.000000 2.000000 1.000000 0.000000 1.244970 1.044963 1.758803 1.700758 1.465756 1.233834 1.674727 1.701176 1.434883 1.000756 1.889563 1.261416 0.740084 0.234741 0.732389 1.702537 0.887948 0.432253 1.966653 1.520143 1.282747
0.244970 0.755030 1.755030 1.244970 0.000000 1.710067 0.996227 1.054272 0.220785 1.521196 1.080303 1.053854 1.320146 0.244215 0.644592 1.493613 0.504886 1.010229 1.977359 0.457567 1.867082 1.677223 0.721683 1.234886 1.472283
1.955037 0.955037 0.044963 1.044963 1.710067 0.000000 0.713840 0.655795 1.489282 0.188871 0.629764 0.656213 0.389921 1.954282 1.065475 0.216454 1.785047 1.279704 0.312574 1.252500 0.157015 0.612710 0.988384 0.475181 0.237784
1.241197 0.241197 0.758803 1.758803 0.996227 0.713840 0.000000 0.058045 0.775441 0.524969 0.084076 0.057627 0.323920 1.240441 0.351634 0.497387 1.501113 1.993544 1.026414 0.538660 0.870855 1.326550 0.274544 0.238660 0.476056
1.299242 0.299242 0.700758 1.700758 1.054272 0.655795 0.058045 0.000000 0.833487 0.466924 0.026030 0.000418 0.265874 1.298487 0.409680 0.439341 1.559158 1.935498 0.968369 0.596705 0.812810 1.268505 0.332590 0.180614 0.418011
0.465756 0.534244 1.534244 1.465756 0.220785 1.489282 0.775441 0.833487 0.000000 1.300410 0.859517 0.833069 1.099361 0.465000 0.423807 1.272828 0.725672 1.231015 1.801856 0.236782 1.646296 1.898009 0.500897 1.014101 1.251497
1.766166 0.766166 0.233834 1.233834 1.521196 0.188871 0.524969 0.466924 1.300410 0.000000 0.440893 0.467342 0.201049 1.765410 0.876603 0.027582 1.973918 1.468575 0.501445 1.063629 0.345886 0.801581 0.799513 0.286309 0.048913
1.325273 0.325273 0.674727 1.674727 1.080303 0.629764 0.084076 0.026030 0.859517 0.440893 0.000000 0.026448 0.239844 1.324517 0.435710 0.413311 1.585189 1.909468 0.942339 0.622735 0.786779 1.242474 0.358620 0.154584 0.391980
1.298824 0.298824 0.701176 1.701176 1.053854 0.656213 0.057627 0.000418 0.833069 0.467342 0.026448 0.000000 0.266292 1.298069 0.409262 0.439759 1.558740 1.935917 0.968787 0.596287 0.813228 1.268923 0.332171 0.181032 0.418429
1.565117 0.565117 0.434883 1.434883 1.320146 0.389921 0.323920 0.265874 1.099361 0.201049 0.239844 0.266292 0.000000 1.564361 0.675554 0.173467 1.825033 1.669624 0.702495 0.862579 0.546935 1.002630 0.598464 0.085260 0.152136
0.000756 0.999244 1.999244 1.000756 0.244215 1.954282 1.240441 1.298487 0.465000 1.765410 1.324517 1.298069 1.564361 0.000000 0.888807 1.737828 0.260672 0.766015 1.733144 0.701782 1.888704 1.433009 0.965897 1.479101 1.716497
0.889563 0.110437 1.110437 1.889563 0.644592 1.065475 0.351634 0.409680 0.423807 0.876603 0.435710 0.409262 0.675554 0.888807 0.000000 0.849021 1.149479 1.654822 1.378049 0.187025 1.222489 1.678184 0.077090 0.590294 0.827690
1.738584 0.738584 0.261416 1.261416 1.493613 0.216454 0.497387 0.439341 1.272828 0.027582 0.413311 0.439759 0.173467 1.737828 0.849021 0.000000 1.998500 1.496157 0.529028 1.036046 0.373468 0.829163 0.771931 0.258727 0.021331
0.259916 1.259916 1.740084 0.740084 0.504886 1.785047 1.501113 1.559158 0.725672 1.973918 1.585189 1.558740 1.825033 0.260672 1.149479 1.998500 0.000000 0.505343 1.472473 0.962453 1.628032 1.172337 1.226569 1.739773 1.977169
0.765259 1.765259 1.234741 0.234741 1.010229 1.279704 1.993544 1.935498 1.231015 1.468575 1.909468 1.935917 1.669624 0.766015 1.654822 1.496157 0.505343 0.000000 0.967129 1.467796 1.122689 0.666994 1.731912 1.754884 1.517488
1.732389 1.267611 0.267611 0.732389 1.977359 0.312574 1.026414 0.968369 1.801856 0.501445 0.942339 0.968787 0.702495 1.733144 1.378049 0.529028 1.472473 0.967129 0.000000 1.565074 0.155559 0.300136 1.300959 0.787755 0.550358
0.702537 0.297463 1.297463 1.702537 0.457567 1.252500 0.538660 0.596705 0.236782 1.063629 0.622735 0.596287 0.862579 0.701782 0.187025 1.036046 0.962453 1.467796 1.565074 0.000000 1.409515 1.865210 0.264116 0.777319 1.014716
1.887948 1.112052 0.112052 0.887948 1.867082 0.157015 0.870855 0.812810 1.646296 0.345886 0.786779 0.813228 0.546935 1.888704 1.222489 0.373468 1.628032 1.122689 0.155559 1.409515 0.000000 0.455695 1.145399 0.632195 0.394799
1.432253 1.567747 0.567747 0.432253 1.677223 0.612710 1.326550 1.268505 1.898009 0.801581 1.242474 1.268923 1.002630 1.433009 1.678184 0.829163 1.172337 0.666994 0.300136 1.865210 0.455695 0.000000 1.601094 1.087890 0.850494
0.966653 0.033347 1.033347 1.966653 0.721683 0.988384 0.274544 0.332590 0.500897 0.799513 0.358620 0.332171 0.598464 0.965897 0.077090 0.771931 1.226569 1.731912 1.300959 0.264116 1.145399 1.601094 0.000000 0.513204 0.750600
1.479857 0.479857 0.520143 1.520143 1.234886 0.475181 0.238660 0.180614 1.014101 0.286309 0.154584 0.181032 0.085260 1.479101 0.590294 0.258727 1.739773 1.754884 0.787755 0.777319 0.632195 1.087890 0.513204 0.000000 0.237396
1.717253 0.717253 0.282747 1.282747 1.472283 0.237784 0.476056 0.418011 1.251497 0.048913 0.391980 0.418429 0.152136 1.716497 0.827690 0.021331 1.977169 1.517488 0.550358 1.014716 0.394799 0.850494 0.750600 0.237396 0.000000
