15
0.000000 1.000000 2.000000 1.000000 1.905234 1.049664 0.014971 1.294071 0.439571 0.457534 0.500834 0.018393 0.575018 1.081764 0.481409
1.000000 0.000000 1.000000 2.000000 1.094766 0.049664 1.014971 0.294071 0.560429 1.457534 0.499166 1.018393 0.424982 0.081764 1.481409
2.000000 1.000000 0.000000 1.000000 0.094766 0.950336 1.985029 0.705929 1.560429 1.542466 1.499166 1.981607 1.424982 0.918236 1.518591
1.000000 2.000000 1.000000 0.000000 0.905234 1.950336 0.985029 1.705929 1.439571 0.542466 1.500834 0.981607 1.575018 1.918236 0.518591
1.905234 1.094766 0.094766 0.905234 0.000000 1.045101 1.890263 0.800694 1.655195 1.447700 1.593932 1.886842 1.519748 1.013001 1.423825
1.049664 0.049664 0.950336 1.950336 1.045101 0.000000 1.064636 0.244407 0.610093 1.507199 0.548830 1.068057 0.474647 0.032100 1.531074
0.014971 1.014971 1.985029 0.985029 1.890263 1.064636 0.000000 1.309043 0.454543 0.442563 0.515805 0.003421 0.589989 1.096736 0.466438
1.294071 0.294071 0.705929 1.705929 0.800694 0.244407 1.309043 0.000000 0.854500 1.751606 0.793237 1.312464 0.719054 0.212307 1.775481
0.439571 0.560429 1.560429 1.439571 1.655195 0.610093 0.454543 0.854500 0.000000 0.897106 0.061263 0.457964 0.135447 0.642193 0.920981
0.457534 1.457534 1.542466 0.542466 1.447700 1.507199 0.442563 1.751606 0.897106 0.000000 0.958368 0.439142 1.032552 1.539299 0.023875
0.500834 0.499166 1.499166 1.500834 1.593932 0.548830 0.515805 0.793237 0.061263 0.958368 0.000000 0.519227 0.074184 0.580930 0.982243
0.018393 1.018393 1.981607 0.981607 1.886842 1.068057 0.003421 1.312464 0.457964 0.439142 0.519227 0.000000 0.593410 1.100157 0.463017
0.575018 0.424982 1.424982 1.575018 1.519748 0.474647 0.589989 0.719054 0.135447 1.032552 0.074184 0.593410 0.000000 0.506747 1.056427
1.081764 0.081764 0.918236 1.918236 1.013001 0.032100 1.096736 0.212307 0.642193 1.539299 0.580930 1.100157 0.506747 0.000000 1.563174
0.481409 1.481409 1.518591 0.518591 1.423825 1.531074 0.466438 1.775481 0.920981 0.023875 0.982243 0.463017 1.056427 1.563174 0.000000
