40
0.000000 1.000000 2.000000 1.000000 0.001723 0.073485 0.497212 0.227685 1.836463 1.307342 1.869389 1.973747 1.748634 1.468202 1.191428 0.205102 1.983607 0.488125 1.763619 0.868516 0.837612 0.192645 1.852802 0.612127 1.973435 0.412345 0.862780 1.916856 1.734700 1.160680 0.951089 1.372445 0.863293 0.181365 0.116655 1.451255 0.789033 1.081189 1.732426 1.975328
1.000000 0.000000 1.000000 2.000000 0.998277 0.926515 1.497212 1.227685 1.163537 0.307342 0.869389 0.973747 1.251366 0.468202 1.808572 1.205102 0.983607 1.488125 0.763619 1.868516 1.837612 1.192645 0.852802 0.387873 1.026565 0.587655 1.862780 1.083144 1.265300 0.160680 1.951089 0.372445 0.136707 0.818635 0.883345 0.451255 0.210967 1.918811 0.732426 0.975328
2.000000 1.000000 0.000000 1.000000 1.998277 1.926515 1.502788 1.772315 0.163537 0.692658 0.130611 0.026253 0.251366 0.531798 0.808572 1.794898 0.016393 1.511875 0.236381 1.131484 1.162388 1.807355 0.147198 1.387873 0.026565 1.587655 1.137220 0.083144 0.265300 0.839320 1.048911 0.627555 1.136707 1.818635 1.883345 0.548745 1.210967 0.918811 0.267574 0.024672
1.000000 2.000000 1.000000 0.000000 1.001723 1.073485 0.502788 0.772315 0.836463 1.692658 1.130611 1.026253 0.748634 1.531798 0.191428 0.794898 1.016393 0.511875 1.236381 0.131484 0.162388 0.807355 1.147198 1.612127 0.973435 1.412345 0.137220 0.916856 0.734700 1.839320 0.048911 1.627555 1.863293 1.181365 1.116655 1.548745 1.789033 0.081189 1.267574 1.024672
0.001723 0.998277 1.998277 1.001723 0.000000 0.071762 0.498935 0.229408 1.838185 1.305619 1.867666 1.972024 1.750357 1.466480 1.193151 0.206824 1.981884 0.489848 1.761897 0.870239 0.839335 0.194368 1.851079 0.610404 1.975158 0.410622 0.864502 1.918579 1.736422 1.158957 0.952812 1.370723 0.861571 0.179642 0.114932 1.449533 0.787310 1.082912 1.730704 1.973605
0.073485 0.926515 1.926515 1.073485 0.071762 0.000000 0.570697 0.301170 1.909948 1.233857 1.795904 1.900262 1.822119 1.394717 1.264913 0.278587 1.910122 0.561610 1.690134 0.942002 0.911097 0.266130 1.779317 0.538642 1.953079 0.338860 0.936265 1.990341 1.808185 1.087194 1.024574 1.298960 0.789808 0.107880 0.043170 1.377770 0.715548 1.154674 1.658941 1.901843
0.497212 1.497212 1.502788 0.502788 0.498935 0.570697 0.000000 0.269527 1.339251 1.804553 1.633399 1.529041 1.251422 1.965414 0.694216 0.292110 1.519182 0.009087 1.739169 0.371305 0.340400 0.304566 1.649986 1.109339 1.476224 0.909557 0.365568 1.419644 1.237488 1.657891 0.453877 1.869657 1.360505 0.678577 0.613867 1.948467 1.286245 0.583977 1.770362 1.527460
0.227685 1.227685 1.772315 0.772315 0.229408 0.301170 0.269527 0.000000 1.608778 1.535027 1.902926 1.798568 1.520949 1.695887 0.963743 0.022583 1.788708 0.260440 1.991305 0.640831 0.609927 0.035040 1.919513 0.839812 1.745750 0.640030 0.635094 1.689171 1.507015 1.388365 0.723404 1.600130 1.090979 0.409050 0.344340 1.678940 1.016718 0.853504 1.960111 1.796987
1.836463 1.163537 0.163537 0.836463 1.838185 1.909948 1.339251 1.608778 0.000000 0.856196 0.294149 0.189791 0.087829 0.695335 0.645034 1.631361 0.179931 1.348338 0.399918 0.967946 0.998850 1.643817 0.310735 1.551411 0.136973 1.751193 0.973683 0.080393 0.101763 1.002858 0.885373 0.791092 1.300244 1.982172 1.953118 0.712282 1.374504 0.755274 0.431111 0.188210
1.307342 0.307342 0.692658 1.692658 1.305619 1.233857 1.804553 1.535027 0.856196 0.000000 0.562047 0.666405 0.944024 0.160861 1.501230 1.512443 0.676265 1.795467 0.456278 1.824142 1.855046 1.499987 0.545460 0.695215 0.719223 0.894997 1.829879 0.775802 0.957959 0.146662 1.741569 0.065104 0.444048 1.125977 1.190687 0.143914 0.518309 1.611469 0.425085 0.667986
1.869389 0.869389 0.130611 1.130611 1.867666 1.795904 1.633399 1.902926 0.294149 0.562047 0.000000 0.104358 0.381977 0.401186 0.939183 1.925509 0.114218 1.642486 0.105769 1.262095 1.292999 1.937966 0.016587 1.257262 0.157176 1.457044 1.267832 0.213755 0.395912 0.708709 1.179522 0.496944 1.006095 1.688024 1.752734 0.418134 1.080356 1.049422 0.136963 0.105939
1.973747 0.973747 0.026253 1.026253 1.972024 1.900262 1.529041 1.798568 0.189791 0.666405 0.104358 0.000000 0.277619 0.505544 0.834825 1.821151 0.009860 1.538128 0.210127 1.157737 1.188641 1.833608 0.120945 1.361620 0.052818 1.561402 1.163474 0.109397 0.291554 0.813067 1.075164 0.601301 1.110453 1.792382 1.857092 0.522492 1.184714 0.945064 0.241321 0.001581
1.748634 1.251366 0.251366 0.748634 1.750357 1.822119 1.251422 1.520949 0.087829 0.944024 0.381977 0.277619 0.000000 0.783164 0.557206 1.543532 0.267759 1.260509 0.487746 0.880118 0.911022 1.555989 0.398564 1.639239 0.224801 1.839021 0.885855 0.168222 0.013934 1.090686 0.797545 0.878921 1.388072 1.929999 1.865289 0.800111 1.462333 0.667445 0.518940 0.276038
1.468202 0.468202 0.531798 1.531798 1.466480 1.394717 1.965414 1.695887 0.695335 0.160861 0.401186 0.505544 0.783164 0.000000 1.340369 1.673304 0.515404 1.956327 0.295417 1.663281 1.694185 1.660848 0.384600 0.856076 0.558362 1.055858 1.669018 0.614942 0.797098 0.307523 1.580708 0.095757 0.604909 1.286837 1.351547 0.016947 0.679169 1.450609 0.264224 0.507125
1.191428 1.808572 0.808572 0.191428 1.193151 1.264913 0.694216 0.963743 0.645034 1.501230 0.939183 0.834825 0.557206 1.340369 0.000000 0.986326 0.824965 0.703303 1.044952 0.322912 0.353816 0.998783 0.955770 1.803555 0.782007 1.603773 0.328649 0.725428 0.543271 1.647892 0.240339 1.436126 1.945278 1.372793 1.308083 1.357317 1.980461 0.110239 1.076146 0.833244
0.205102 1.205102 1.794898 0.794898 0.206824 0.278587 0.292110 0.022583 1.631361 1.512443 1.925509 1.821151 1.543532 1.673304 0.986326 0.000000 1.811292 0.283023 1.968721 0.663415 0.632510 0.012456 1.942096 0.817229 1.768334 0.617447 0.657678 1.711754 1.529598 1.365781 0.745988 1.577547 1.068395 0.386467 0.321757 1.656357 0.994135 0.876087 1.937528 1.819571
1.983607 0.983607 0.016393 1.016393 1.981884 1.910122 1.519182 1.788708 0.179931 0.676265 0.114218 0.009860 0.267759 0.515404 0.824965 1.811292 0.000000 1.528268 0.219987 1.147877 1.178781 1.823748 0.130805 1.371480 0.042958 1.571262 1.153614 0.099537 0.281694 0.822927 1.065304 0.611161 1.120313 1.802242 1.866952 0.532351 1.194574 0.935204 0.251180 0.008279
0.488125 1.488125 1.511875 0.511875 0.489848 0.561610 0.009087 0.260440 1.348338 1.795467 1.642486 1.538128 1.260509 1.956327 0.703303 0.283023 1.528268 0.000000 1.748255 0.380391 0.349487 0.295480 1.659073 1.100252 1.485310 0.900470 0.374654 1.428731 1.246575 1.648805 0.462964 1.860570 1.351419 0.669490 0.604780 1.939380 1.277158 0.593064 1.779449 1.536547
1.763619 0.763619 0.236381 1.236381 1.761897 1.690134 1.739169 1.991305 0.399918 0.456278 0.105769 0.210127 0.487746 0.295417 1.044952 1.968721 0.219987 1.748255 0.000000 1.367864 1.398768 1.956265 0.089183 1.151493 0.262945 1.351275 1.373601 0.319525 0.501681 0.602940 1.285291 0.391174 0.900326 1.582254 1.646964 0.312364 0.974586 1.155192 0.031193 0.211708
0.868516 1.868516 1.131484 0.131484 0.870239 0.942002 0.371305 0.640831 0.967946 1.824142 1.262095 1.157737 0.880118 1.663281 0.322912 0.663415 1.147877 0.380391 1.367864 0.000000 0.030904 0.675871 1.278681 1.480643 1.104919 1.280861 0.005737 1.048339 0.866183 1.970804 0.082573 1.759038 1.731810 1.049881 0.985171 1.680228 1.657550 0.212673 1.399057 1.156156
0.837612 1.837612 1.162388 0.162388 0.839335 0.911097 0.340400 0.609927 0.998850 1.855046 1.292999 1.188641 0.911022 1.694185 0.353816 0.632510 1.178781 0.349487 1.398768 0.030904 0.000000 0.644967 1.309586 1.449739 1.135823 1.249957 0.025167 1.079244 0.897087 1.998292 0.113477 1.789942 1.700906 1.018977 0.954267 1.711133 1.626645 0.243577 1.429962 1.187060
0.192645 1.192645 1.807355 0.807355 0.194368 0.266130 0.304566 0.035040 1.643817 1.499987 1.937966 1.833608 1.555989 1.660848 0.998783 0.012456 1.823748 0.295480 1.956265 0.675871 0.644967 0.000000 1.954553 0.804772 1.780790 0.604990 0.670134 1.724211 1.542054 1.353325 0.758444 1.565091 1.055939 0.374010 0.309300 1.643901 0.981678 0.888544 1.925072 1.832027
1.852802 0.852802 0.147198 1.147198 1.851079 1.779317 1.649986 1.919513 0.310735 0.545460 0.016587 0.120945 0.398564 0.384600 0.955770 1.942096 0.130805 1.659073 0.089183 1.278681 1.309586 1.954553 0.000000 1.240675 0.173762 1.440457 1.284418 0.230342 0.412498 0.692123 1.196109 0.480357 0.989509 1.671437 1.736147 0.401547 1.063769 1.066009 0.120376 0.122526
0.612127 0.387873 1.387873 1.612127 0.610404 0.538642 1.109339 0.839812 1.551411 0.695215 1.257262 1.361620 1.639239 0.856076 1.803555 0.817229 1.371480 1.100252 1.151493 1.480643 1.449739 0.804772 1.240675 0.000000 1.414438 0.199782 1.474906 1.471017 1.653174 0.548553 1.563216 0.760319 0.251167 0.430762 0.495472 0.839128 0.176906 1.693316 1.120300 1.363201
1.973435 1.026565 0.026565 0.973435 1.975158 1.953079 1.476224 1.745750 0.136973 0.719223 0.157176 0.052818 0.224801 0.558362 0.782007 1.768334 0.042958 1.485310 0.262945 1.104919 1.135823 1.780790 0.173762 1.414438 0.000000 1.614220 1.110656 0.056580 0.238736 0.865885 1.022346 0.654119 1.163271 1.845200 1.909910 0.575309 1.237531 0.892246 0.294138 0.051237
0.412345 0.587655 1.587655 1.412345 0.410622 0.338860 0.909557 0.640030 1.751193 0.894997 1.457044 1.561402 1.839021 1.055858 1.603773 0.617447 1.571262 0.900470 1.351275 1.280861 1.249957 0.604990 1.440457 0.199782 1.614220 0.000000 1.275124 1.670799 1.852956 0.748335 1.363434 0.960101 0.450949 0.230980 0.295690 1.038910 0.376688 1.493534 1.320081 1.562983
0.862780 1.862780 1.137220 0.137220 0.864502 0.936265 0.365568 0.635094 0.973683 1.829879 1.267832 1.163474 0.885855 1.669018 0.328649 0.657678 1.153614 0.374654 1.373601 0.005737 0.025167 0.670134 1.284418 1.474906 1.110656 1.275124 0.000000 1.054076 0.871920 1.976541 0.088310 1.764775 1.726073 1.044145 0.979435 1.685965 1.651813 0.218409 1.404794 1.161893
1.916856 1.083144 0.083144 0.916856 1.918579 1.990341 1.419644 1.689171 0.080393 0.775802 0.213755 0.109397 0.168222 0.614942 0.725428 1.711754 0.099537 1.428731 0.319525 1.048339 1.079244 1.724211 0.230342 1.471017 0.056580 1.670799 1.054076 0.000000 0.182156 0.922465 0.965767 0.710699 1.219851 1.901779 1.966489 0.631889 1.294111 0.835667 0.350718 0.107816
1.734700 1.265300 0.265300 0.734700 1.736422 1.808185 1.237488 1.507015 0.101763 0.957959 0.395912 0.291554 0.013934 0.797098 0.543271 1.529598 0.281694 1.246575 0.501681 0.866183 0.897087 1.542054 0.412498 1.653174 0.238736 1.852956 0.871920 0.182156 0.000000 1.104621 0.783610 0.892855 1.402007 1.916065 1.851355 0.814045 1.476267 0.653511 0.532874 0.289973
1.160680 0.160680 0.839320 1.839320 1.158957 1.087194 1.657891 1.388365 1.002858 0.146662 0.708709 0.813067 1.090686 0.307523 1.647892 1.365781 0.822927 1.648805 0.602940 1.970804 1.998292 1.353325 0.692123 0.548553 0.865885 0.748335 1.976541 0.922465 1.104621 0.000000 1.888231 0.211766 0.297386 0.979315 1.044025 0.290576 0.371646 1.758131 0.571747 0.814648
0.951089 1.951089 1.048911 0.048911 0.952812 1.024574 0.453877 0.723404 0.885373 1.741569 1.179522 1.075164 0.797545 1.580708 0.240339 0.745988 1.065304 0.462964 1.285291 0.082573 0.113477 0.758444 1.196109 1.563216 1.022346 1.363434 0.088310 0.965767 0.783610 1.888231 0.000000 1.676465 1.814383 1.132454 1.067744 1.597655 1.740122 0.130100 1.316484 1.073583
1.372445 0.372445 0.627555 1.627555 1.370723 1.298960 1.869657 1.600130 0.791092 0.065104 0.496944 0.601301 0.878921 0.095757 1.436126 1.577547 0.611161 1.860570 0.391174 1.759038 1.789942 1.565091 0.480357 0.760319 0.654119 0.960101 1.764775 0.710699 0.892855 0.211766 1.676465 0.000000 0.509152 1.191080 1.255790 0.078810 0.583412 1.546366 0.359981 0.602882
0.863293 0.136707 1.136707 1.863293 0.861571 0.789808 1.360505 1.090979 1.300244 0.444048 1.006095 1.110453 1.388072 0.604909 1.945278 1.068395 1.120313 1.351419 0.900326 1.731810 1.700906 1.055939 0.989509 0.251167 1.163271 0.450949 1.726073 1.219851 1.402007 0.297386 1.814383 0.509152 0.000000 0.681928 0.746638 0.587962 0.074260 1.944482 0.869133 1.112034
0.181365 0.818635 1.818635 1.181365 0.179642 0.107880 0.678577 0.409050 1.982172 1.125977 1.688024 1.792382 1.929999 1.286837 1.372793 0.386467 1.802242 0.669490 1.582254 1.049881 1.018977 0.374010 1.671437 0.430762 1.845200 0.230980 1.044145 1.901779 1.916065 0.979315 1.132454 1.191080 0.681928 0.000000 0.064710 1.269890 0.607668 1.262554 1.551061 1.793963
0.116655 0.883345 1.883345 1.116655 0.114932 0.043170 0.613867 0.344340 1.953118 1.190687 1.752734 1.857092 1.865289 1.351547 1.308083 0.321757 1.866952 0.604780 1.646964 0.985171 0.954267 0.309300 1.736147 0.495472 1.909910 0.295690 0.979435 1.966489 1.851355 1.044025 1.067744 1.255790 0.746638 0.064710 0.000000 1.334600 0.672378 1.197844 1.615771 1.858673
1.451255 0.451255 0.548745 1.548745 1.449533 1.377770 1.948467 1.678940 0.712282 0.143914 0.418134 0.522492 0.800111 0.016947 1.357317 1.656357 0.532351 1.939380 0.312364 1.680228 1.711133 1.643901 0.401547 0.839128 0.575309 1.038910 1.685965 0.631889 0.814045 0.290576 1.597655 0.078810 0.587962 1.269890 1.334600 0.000000 0.662222 1.467556 0.281171 0.524072
0.789033 0.210967 1.210967 1.789033 0.787310 0.715548 1.286245 1.016718 1.374504 0.518309 1.080356 1.184714 1.462333 0.679169 1.980461 0.994135 1.194574 1.277158 0.974586 1.657550 1.626645 0.981678 1.063769 0.176906 1.237531 0.376688 1.651813 1.294111 1.476267 0.371646 1.740122 0.583412 0.074260 0.607668 0.672378 0.662222 0.000000 1.870222 0.943393 1.186295
1.081189 1.918811 0.918811 0.081189 1.082912 1.154674 0.583977 0.853504 0.755274 1.611469 1.049422 0.945064 0.667445 1.450609 0.110239 0.876087 0.935204 0.593064 1.155192 0.212673 0.243577 0.888544 1.066009 1.693316 0.892246 1.493534 0.218409 0.835667 0.653511 1.758131 0.130100 1.546366 1.944482 1.262554 1.197844 1.467556 1.870222 0.000000 1.186385 0.943483
1.732426 0.732426 0.267574 1.267574 1.730704 1.658941 1.770362 1.960111 0.431111 0.425085 0.136963 0.241321 0.518940 0.264224 1.076146 1.937528 0.251180 1.779449 0.031193 1.399057 1.429962 1.925072 0.120376 1.120300 0.294138 1.320081 1.404794 0.350718 0.532874 0.571747 1.316484 0.359981 0.869133 1.551061 1.615771 0.281171 0.943393 1.186385 0.000000 0.242901
1.975328 0.975328 0.024672 1.024672 1.973605 1.901843 1.527460 1.796987 0.188210 0.667986 0.105939 0.001581 0.276038 0.507125 0.833244 1.819571 0.008279 1.536547 0.211708 1.156156 1.187060 1.832027 0.122526 1.363201 0.051237 1.562983 1.161893 0.107816 0.289973 0.814648 1.073583 0.602882 1.112034 1.793963 1.858673 0.524072 1.186295 0.943483 0.242901 0.000000
