15
0.000000 1.000000 2.000000 1.000000 0.854167 0.909358 0.796491 1.337014 0.443512 0.221778 1.631812 1.003157 0.655436 1.960831 0.882452
1.000000 0.000000 1.000000 2.000000 0.145833 0.090642 1.796491 0.337014 1.443512 0.778222 0.631812 1.996843 0.344564 1.039169 1.882452
2.000000 1.000000 0.000000 1.000000 1.145833 1.090642 1.203509 0.662986 1.556488 1.778222 0.368188 0.996843 1.344564 0.039169 1.117548
1.000000 2.000000 1.000000 0.000000 1.854167 1.909358 0.203509 1.662986 0.556488 1.221778 1.368188 0.003157 1.655436 0.960831 0.117548
0.854167 0.145833 1.145833 1.854167 0.000000 0.055192 1.650658 0.482847 1.297679 0.632389 0.777646 1.857324 0.198731 1.185002 1.736619
0.909358 0.090642 1.090642 1.909358 0.055192 0.000000 1.705850 0.427655 1.352870 0.687580 0.722454 1.912516 0.253922 1.129811 1.791810
0.796491 1.796491 1.203509 0.203509 1.650658 1.705850 0.000000 1.866495 0.352980 1.018270 1.571696 0.206666 1.451928 1.164339 0.085960
1.337014 0.337014 0.662986 1.662986 0.482847 0.427655 1.866495 0.000000 1.780526 1.115236 0.294799 1.659829 0.681578 0.702155 1.780534
0.443512 1.443512 1.556488 0.556488 1.297679 1.352870 0.352980 1.780526 0.000000 0.665290 1.924676 0.559645 1.098948 1.517319 0.438940
0.221778 0.778222 1.778222 1.221778 0.632389 0.687580 1.018270 1.115236 0.665290 0.000000 1.410034 1.224936 0.433658 1.817391 1.104230
1.631812 0.631812 0.368188 1.368188 0.777646 0.722454 1.571696 0.294799 1.924676 1.410034 0.000000 1.365030 0.976376 0.407357 1.485736
1.003157 1.996843 0.996843 0.003157 1.857324 1.912516 0.206666 1.659829 0.559645 1.224936 1.365030 0.000000 1.658594 0.957674 0.120706
0.655436 0.344564 1.344564 1.655436 0.198731 0.253922 1.451928 0.681578 1.098948 0.433658 0.976376 1.658594 0.000000 1.383733 1.537888
1.960831 1.039169 0.039169 0.960831 1.185002 1.129811 1.164339 0.702155 1.517319 1.817391 0.407357 0.957674 1.383733 0.000000 1.078379
0.882452 1.882452 1.117548 0.117548 1.736619 1.791810 0.085960 1.780534 0.438940 1.104230 1.485736 0.120706 1.537888 1.078379 0.000000
