40
0.000000 1.000000 2.000000 1.000000 0.814706 1.355078 0.977923 0.841468 1.144410 0.144943 1.020437 1.950022 1.510546 0.772654 0.710448 1.132037 1.292654 1.863782 1.309894 1.837077 0.154486 0.907469 1.427064 1.885809 0.592012 0.872412 0.505125 1.352870 1.625632 0.864049 0.830476 1.790816 1.600843 1.325216 0.546526 1.275271 0.365185 1.260861 1.782204 0.934264
1.000000 0.000000 1.000000 2.000000 0.185294 1.644922 0.022077 0.158532 0.144410 0.855057 0.020437 0.950022 0.510546 1.772654 1.710448 0.132037 0.292654 0.863782 0.309894 0.837077 0.845514 0.092531 0.427064 1.114191 1.592012 0.127588 0.494875 0.352870 0.625632 0.135951 1.830476 0.790816 0.600843 0.325216 0.453474 1.724729 1.365185 1.739139 1.217796 0.065736
2.000000 1.000000 0.000000 1.000000 1.185294 0.644922 1.022077 1.158532 0.855590 1.855057 0.979563 0.049978 0.489454 1.227346 1.289552 0.867963 0.707346 0.136218 0.690106 0.162923 1.845514 1.092531 0.572936 0.114191 1.407988 1.127588 1.494875 0.647130 0.374368 1.135951 1.169524 0.209184 0.399157 0.674784 1.453474 0.724729 1.634815 0.739139 0.217796 1.065736
1.000000 2.000000 1.000000 0.000000 1.814706 0.355078 1.977923 1.841468 1.855590 1.144943 1.979563 1.049978 1.489454 0.227346 0.289552 1.867963 1.707346 1.136218 1.690106 1.162923 1.154486 1.907469 1.572936 0.885809 0.407988 1.872412 1.505125 1.647130 1.374368 1.864049 0.169524 1.209184 1.399157 1.674784 1.546526 0.275271 0.634815 0.260861 0.782204 1.934264
0.814706 0.185294 1.185294 1.814706 0.000000 1.830215 0.163217 0.026762 0.329703 0.669764 0.205731 1.135316 0.695840 1.587360 1.525154 0.317331 0.477948 1.049076 0.495188 1.022371 0.660220 0.092763 0.612358 1.299485 1.406719 0.057706 0.309581 0.538163 0.810926 0.049343 1.645183 0.976110 0.786137 0.510510 0.268180 1.910023 1.179891 1.924433 1.403090 0.119558
1.355078 1.644922 0.644922 0.355078 1.830215 0.000000 1.666999 1.803454 1.500512 1.500021 1.624485 0.694899 1.134376 0.582425 0.644631 1.512885 1.352268 0.781140 1.335027 0.807844 1.509565 1.737453 1.217858 0.530731 0.763066 1.772509 1.860203 1.292052 1.019289 1.780873 0.524602 0.854105 1.044079 1.319705 1.901605 0.079808 0.989893 0.094217 0.427126 1.710658
0.977923 0.022077 1.022077 1.977923 0.163217 1.666999 0.000000 0.136455 0.166487 0.832980 0.042514 0.972099 0.532623 1.750577 1.688371 0.154114 0.314731 0.885859 0.331971 0.859154 0.823437 0.070454 0.449141 1.136268 1.569935 0.105511 0.472798 0.374947 0.647709 0.113874 1.808399 0.812893 0.622920 0.347293 0.431397 1.746806 1.343108 1.761216 1.239873 0.043659
0.841468 0.158532 1.158532 1.841468 0.026762 1.803454 0.136455 0.000000 0.302942 0.696525 0.178969 1.108554 0.669078 1.614122 1.551916 0.290569 0.451186 1.022314 0.468426 0.995609 0.686982 0.066001 0.585596 1.272723 1.433480 0.030944 0.336343 0.511402 0.784164 0.022581 1.671944 0.949348 0.759375 0.483748 0.294942 1.883261 1.206653 1.897671 1.376328 0.092796
1.144410 0.144410 0.855590 1.855590 0.329703 1.500512 0.166487 0.302942 0.000000 0.999467 0.123973 0.805613 0.366136 1.917063 1.854857 0.012373 0.148244 0.719372 0.165485 0.692668 0.989924 0.236941 0.282654 0.969781 1.736422 0.271997 0.639285 0.208460 0.481223 0.280361 1.974886 0.646407 0.456433 0.180807 0.597883 1.580320 1.509595 1.594729 1.073386 0.210146
0.144943 0.855057 1.855057 1.144943 0.669764 1.500021 0.832980 0.696525 0.999467 0.000000 0.875494 1.805080 1.365603 0.917596 0.855390 0.987094 1.147711 1.718839 1.164952 1.692135 0.009543 0.762526 1.282121 1.969248 0.736955 0.727470 0.360182 1.207927 1.480690 0.719106 0.975419 1.645874 1.455900 1.180274 0.401584 1.420213 0.510128 1.405804 1.927147 0.789321
1.020437 0.020437 0.979563 1.979563 0.205731 1.624485 0.042514 0.178969 0.123973 0.875494 0.000000 0.929585 0.490109 1.793091 1.730885 0.111600 0.272217 0.843345 0.289457 0.816640 0.865951 0.112968 0.406627 1.093754 1.612449 0.148025 0.515312 0.332433 0.605196 0.156388 1.850913 0.770379 0.580406 0.304779 0.473911 1.704293 1.385622 1.718702 1.197359 0.086173
1.950022 0.950022 0.049978 1.049978 1.135316 0.694899 0.972099 1.108554 0.805613 1.805080 0.929585 0.000000 0.439476 1.277324 1.339530 0.817985 0.657369 0.086241 0.640128 0.112945 1.795536 1.042554 0.522958 0.164168 1.457965 1.077610 1.444898 0.597153 0.324390 1.085974 1.219501 0.159206 0.349179 0.624806 1.403496 0.774707 1.684793 0.789117 0.267773 1.015759
1.510546 0.510546 0.489454 1.489454 0.695840 1.134376 0.532623 0.669078 0.366136 1.365603 0.490109 0.439476 0.000000 1.716800 1.779006 0.378509 0.217892 0.353236 0.200652 0.326531 1.356060 0.603077 0.083482 0.603645 1.897442 0.638134 1.005421 0.157676 0.115087 0.646497 1.658978 0.280270 0.090297 0.185330 0.964020 1.214184 1.875731 1.228593 0.707250 0.576282
0.772654 1.772654 1.227346 0.227346 1.587360 0.582425 1.750577 1.614122 1.917063 0.917596 1.793091 1.277324 1.716800 0.000000 0.062206 1.904691 1.934693 1.363564 1.917452 1.390269 0.927140 1.680123 1.800282 1.113156 0.180641 1.645066 1.277778 1.874477 1.601714 1.636703 0.057823 1.436530 1.626503 1.902130 1.319180 0.502617 0.407469 0.488207 1.009550 1.706917
0.710448 1.710448 1.289552 0.289552 1.525154 0.644631 1.688371 1.551916 1.854857 0.855390 1.730885 1.339530 1.779006 0.062206 0.000000 1.842485 1.996898 1.425770 1.979658 1.452475 0.864934 1.617917 1.862488 1.175361 0.118435 1.582860 1.215572 1.936683 1.663920 1.574497 0.120029 1.498736 1.688709 1.964336 1.256974 0.564823 0.345263 0.550413 1.071756 1.644712
1.132037 0.132037 0.867963 1.867963 0.317331 1.512885 0.154114 0.290569 0.012373 0.987094 0.111600 0.817985 0.378509 1.904691 1.842485 0.000000 0.160617 0.731745 0.177857 0.705040 0.977551 0.224568 0.295027 0.982154 1.724050 0.259625 0.626912 0.220832 0.493595 0.267988 1.962514 0.658779 0.468806 0.193179 0.585511 1.592692 1.497222 1.607102 1.085759 0.197773
1.292654 0.292654 0.707346 1.707346 0.477948 1.352268 0.314731 0.451186 0.148244 1.147711 0.272217 0.657369 0.217892 1.934693 1.996898 0.160617 0.000000 0.571128 0.017241 0.544424 1.138168 0.385185 0.134410 0.821537 1.884666 0.420241 0.787529 0.060216 0.332979 0.428605 1.876870 0.498163 0.308189 0.032562 0.746128 1.432076 1.657839 1.446485 0.925142 0.358390
1.863782 0.863782 0.136218 1.136218 1.049076 0.781140 0.885859 1.022314 0.719372 1.718839 0.843345 0.086241 0.353236 1.363564 1.425770 0.731745 0.571128 0.000000 0.553888 0.026704 1.709296 0.956313 0.436718 0.250409 1.544206 0.991369 1.358657 0.510912 0.238149 0.999733 1.305742 0.072966 0.262939 0.538566 1.317256 0.860948 1.771033 0.875357 0.354014 0.929518
1.309894 0.309894 0.690106 1.690106 0.495188 1.335027 0.331971 0.468426 0.165485 1.164952 0.289457 0.640128 0.200652 1.917452 1.979658 0.177857 0.017241 0.553888 0.000000 0.527183 1.155408 0.402425 0.117170 0.804296 1.901907 0.437482 0.804770 0.042975 0.315738 0.445845 1.859629 0.480922 0.290949 0.015322 0.763368 1.414835 1.675079 1.429245 0.907902 0.375631
1.837077 0.837077 0.162923 1.162923 1.022371 0.807844 0.859154 0.995609 0.692668 1.692135 0.816640 0.112945 0.326531 1.390269 1.452475 0.705040 0.544424 0.026704 0.527183 0.000000 1.682591 0.929609 0.410013 0.277113 1.570910 0.964665 1.331953 0.484208 0.211445 0.973029 1.332446 0.046261 0.236234 0.511861 1.290551 0.887652 1.797738 0.902062 0.380719 0.902814
0.154486 0.845514 1.845514 1.154486 0.660220 1.509565 0.823437 0.686982 0.989924 0.009543 0.865951 1.795536 1.356060 0.927140 0.864934 0.977551 1.138168 1.709296 1.155408 1.682591 0.000000 0.752983 1.272578 1.959705 0.746499 0.717926 0.350639 1.198383 1.471146 0.709563 0.984963 1.636330 1.446357 1.170730 0.392040 1.429757 0.519671 1.415347 1.936690 0.779778
0.907469 0.092531 1.092531 1.907469 0.092763 1.737453 0.070454 0.066001 0.236941 0.762526 0.112968 1.042554 0.603077 1.680123 1.617917 0.224568 0.385185 0.956313 0.402425 0.929609 0.752983 0.000000 0.519595 1.206722 1.499481 0.035056 0.402344 0.445401 0.718164 0.043420 1.737945 0.883347 0.693374 0.417747 0.360943 1.817261 1.272654 1.831670 1.310327 0.026795
1.427064 0.427064 0.572936 1.572936 0.612358 1.217858 0.449141 0.585596 0.282654 1.282121 0.406627 0.522958 0.083482 1.800282 1.862488 0.295027 0.134410 0.436718 0.117170 0.410013 1.272578 0.519595 0.000000 0.687127 1.980923 0.554652 0.921939 0.074195 0.198568 0.563015 1.742459 0.363752 0.173779 0.101848 0.880538 1.297665 1.792249 1.312075 0.790732 0.492800
1.885809 1.114191 0.114191 0.885809 1.299485 0.530731 1.136268 1.272723 0.969781 1.969248 1.093754 0.164168 0.603645 1.113156 1.175361 0.982154 0.821537 0.250409 0.804296 0.277113 1.959705 1.206722 0.687127 0.000000 1.293797 1.241778 1.609066 0.761321 0.488558 1.250142 1.055333 0.323374 0.513348 0.788975 1.567665 0.610539 1.520624 0.624948 0.103605 1.179927
0.592012 1.592012 1.407988 0.407988 1.406719 0.763066 1.569935 1.433480 1.736422 0.736955 1.612449 1.457965 1.897442 0.180641 0.118435 1.724050 1.884666 1.544206 1.901907 1.570910 0.746499 1.499481 1.980923 1.293797 0.000000 1.464425 1.097137 1.944882 1.782355 1.456061 0.238464 1.617171 1.807144 1.917229 1.138539 0.683258 0.226828 0.668848 1.190192 1.526276
0.872412 0.127588 1.127588 1.872412 0.057706 1.772509 0.105511 0.030944 0.271997 0.727470 0.148025 1.077610 0.638134 1.645066 1.582860 0.259625 0.420241 0.991369 0.437482 0.964665 0.717926 0.035056 0.554652 1.241778 1.464425 0.000000 0.367288 0.480457 0.753220 0.008364 1.702889 0.918404 0.728431 0.452804 0.325886 1.852317 1.237597 1.866727 1.345384 0.061851
0.505125 0.494875 1.494875 1.505125 0.309581 1.860203 0.472798 0.336343 0.639285 0.360182 0.515312 1.444898 1.005421 1.277778 1.215572 0.626912 0.787529 1.358657 0.804770 1.331953 0.350639 0.402344 0.921939 1.609066 1.097137 0.367288 0.000000 0.847745 1.120508 0.358924 1.335601 1.285692 1.095718 0.820092 0.041402 1.780395 0.870310 1.765986 1.712671 0.429139
1.352870 0.352870 0.647130 1.647130 0.538163 1.292052 0.374947 0.511402 0.208460 1.207927 0.332433 0.597153 0.157676 1.874477 1.936683 0.220832 0.060216 0.510912 0.042975 0.484208 1.198383 0.445401 0.074195 0.761321 1.944882 0.480457 0.847745 0.000000 0.272763 0.488821 1.816654 0.437947 0.247973 0.027653 0.806343 1.371860 1.718055 1.386270 0.864926 0.418606
1.625632 0.625632 0.374368 1.374368 0.810926 1.019289 0.647709 0.784164 0.481223 1.480690 0.605196 0.324390 0.115087 1.601714 1.663920 0.493595 0.332979 0.238149 0.315738 0.211445 1.471146 0.718164 0.198568 0.488558 1.782355 0.753220 1.120508 0.272763 0.000000 0.761584 1.543891 0.165184 0.024789 0.300416 1.079106 1.099097 1.990817 1.113507 0.592163 0.691369
0.864049 0.135951 1.135951 1.864049 0.049343 1.780873 0.113874 0.022581 0.280361 0.719106 0.156388 1.085974 0.646497 1.636703 1.574497 0.267988 0.428605 0.999733 0.445845 0.973029 0.709563 0.043420 0.563015 1.250142 1.456061 0.008364 0.358924 0.488821 0.761584 0.000000 1.694525 0.926767 0.736794 0.461167 0.317523 1.860681 1.229234 1.875090 1.353747 0.070215
0.830476 1.830476 1.169524 0.169524 1.645183 0.524602 1.808399 1.671944 1.974886 0.975419 1.850913 1.219501 1.658978 0.057823 0.120029 1.962514 1.876870 1.305742 1.859629 1.332446 0.984963 1.737945 1.742459 1.055333 0.238464 1.702889 1.335601 1.816654 1.543891 1.694525 0.000000 1.378707 1.568680 1.844307 1.377003 0.444794 0.465292 0.430384 0.951728 1.764740
1.790816 0.790816 0.209184 1.209184 0.976110 0.854105 0.812893 0.949348 0.646407 1.645874 0.770379 0.159206 0.280270 1.436530 1.498736 0.658779 0.498163 0.072966 0.480922 0.046261 1.636330 0.883347 0.363752 0.323374 1.617171 0.918404 1.285692 0.437947 0.165184 0.926767 1.378707 0.000000 0.189973 0.465600 1.244290 0.933913 1.843999 0.948323 0.426980 0.856553
1.600843 0.600843 0.399157 1.399157 0.786137 1.044079 0.622920 0.759375 0.456433 1.455900 0.580406 0.349179 0.090297 1.626503 1.688709 0.468806 0.308189 0.262939 0.290949 0.236234 1.446357 0.693374 0.173779 0.513348 1.807144 0.728431 1.095718 0.247973 0.024789 0.736794 1.568680 0.189973 0.000000 0.275627 1.054317 1.123886 1.966028 1.138296 0.616953 0.666579
1.325216 0.325216 0.674784 1.674784 0.510510 1.319705 0.347293 0.483748 0.180807 1.180274 0.304779 0.624806 0.185330 1.902130 1.964336 0.193179 0.032562 0.538566 0.015322 0.511861 1.170730 0.417747 0.101848 0.788975 1.917229 0.452804 0.820092 0.027653 0.300416 0.461167 1.844307 0.465600 0.275627 0.000000 0.778690 1.399513 1.690401 1.413923 0.892580 0.390952
0.546526 0.453474 1.453474 1.546526 0.268180 1.901605 0.431397 0.294942 0.597883 0.401584 0.473911 1.403496 0.964020 1.319180 1.256974 0.585511 0.746128 1.317256 0.763368 1.290551 0.392040 0.360943 0.880538 1.567665 1.138539 0.325886 0.041402 0.806343 1.079106 0.317523 1.377003 1.244290 1.054317 0.778690 0.000000 1.821797 0.911711 1.807387 1.671270 0.387738
1.275271 1.724729 0.724729 0.275271 1.910023 0.079808 1.746806 1.883261 1.580320 1.420213 1.704293 0.774707 1.214184 0.502617 0.564823 1.592692 1.432076 0.860948 1.414835 0.887652 1.429757 1.817261 1.297665 0.610539 0.683258 1.852317 1.780395 1.371860 1.099097 1.860681 0.444794 0.933913 1.123886 1.399513 1.821797 0.000000 0.910086 0.014410 0.506934 1.790466
0.365185 1.365185 1.634815 0.634815 1.179891 0.989893 1.343108 1.206653 1.509595 0.510128 1.385622 1.684793 1.875731 0.407469 0.345263 1.497222 1.657839 1.771033 1.675079 1.797738 0.519671 1.272654 1.792249 1.520624 0.226828 1.237597 0.870310 1.718055 1.990817 1.229234 0.465292 1.843999 1.966028 1.690401 0.911711 0.910086 0.000000 0.895676 1.417019 1.299449
1.260861 1.739139 0.739139 0.260861 1.924433 0.094217 1.761216 1.897671 1.594729 1.405804 1.718702 0.789117 1.228593 0.488207 0.550413 1.607102 1.446485 0.875357 1.429245 0.902062 1.415347 1.831670 1.312075 0.624948 0.668848 1.866727 1.765986 1.386270 1.113507 1.875090 0.430384 0.948323 1.138296 1.413923 1.807387 0.014410 0.895676 0.000000 0.521343 1.804875
1.782204 1.217796 0.217796 0.782204 1.403090 0.427126 1.239873 1.376328 1.073386 1.927147 1.197359 0.267773 0.707250 1.009550 1.071756 1.085759 0.925142 0.354014 0.907902 0.380719 1.936690 1.310327 0.790732 0.103605 1.190192 1.345384 1.712671 0.864926 0.592163 1.353747 0.951728 0.426980 0.616953 0.892580 1.671270 0.506934 1.417019 0.521343 0.000000 1.283532
0.934264 0.065736 1.065736 1.934264 0.119558 1.710658 0.043659 0.092796 0.210146 0.789321 0.086173 1.015759 0.576282 1.706917 1.644712 0.197773 0.358390 0.929518 0.375631 0.902814 0.779778 0.026795 0.492800 1.179927 1.526276 0.061851 0.429139 0.418606 0.691369 0.070215 1.764740 0.856553 0.666579 0.390952 0.387738 1.790466 1.299449 1.804875 1.283532 0.000000
