10
0.000000 1.000000 2.000000 1.000000 0.020653 0.837819 1.905394 1.274563 0.170018 0.204057
1.000000 0.000000 1.000000 2.000000 1.020653 1.837819 1.094606 0.274563 1.170018 1.204057
2.000000 1.000000 0.000000 1.000000 1.979347 1.162181 0.094606 0.725437 1.829982 1.795943
1.000000 2.000000 1.000000 0.000000 0.979347 0.162181 0.905394 1.725437 0.829982 0.795943
0.020653 1.020653 1.979347 0.979347 0.000000 0.817166 1.884740 1.295216 0.149365 0.183404
0.837819 1.837819 1.162181 0.162181 0.817166 0.000000 1.067574 1.887618 0.667801 0.633762
1.905394 1.094606 0.094606 0.905394 1.884740 1.067574 0.000000 0.820043 1.735376 1.701337
1.274563 0.274563 0.725437 1.725437 1.295216 1.887618 0.820043 0.000000 1.444581 1.478620
0.170018 1.170018 1.829982 0.829982 0.149365 0.667801 1.735376 1.444581 0.000000 0.034039
0.204057 1.204057 1.795943 0.795943 0.183404 0.633762 1.701337 1.478620 0.034039 0.000000
