15
0.000000 1.000000 2.000000 1.000000 1.974768 1.740403 1.445416 1.526142 0.040699 0.048978 1.250289 1.996864 1.154841 1.661821 0.144614
1.000000 0.000000 1.000000 2.000000 0.974768 1.259597 1.554584 1.473858 1.040699 0.951022 1.749711 1.003136 1.845159 0.661821 1.144614
2.000000 1.000000 0.000000 1.000000 0.025232 0.259597 0.554584 0.473858 1.959301 1.951022 0.749711 0.003136 0.845159 0.338179 1.855386
1.000000 2.000000 1.000000 0.000000 1.025232 0.740403 0.445416 0.526142 0.959301 1.048978 0.250289 0.996864 0.154841 1.338179 0.855386
1.974768 0.974768 0.025232 1.025232 0.000000 0.284828 0.579816 0.499090 1.984532 1.925790 0.774943 0.028368 0.870391 0.312947 1.880618
1.740403 1.259597 0.259597 0.740403 0.284828 0.000000 0.294987 0.214262 1.699704 1.789382 0.490115 0.256461 0.585562 0.597775 1.595789
1.445416 1.554584 0.554584 0.445416 0.579816 0.294987 0.000000 0.080725 1.404717 1.494394 0.195128 0.551448 0.290575 0.892762 1.300802
1.526142 1.473858 0.473858 0.526142 0.499090 0.214262 0.080725 0.000000 1.485442 1.575120 0.275853 0.470722 0.371301 0.812037 1.381528
0.040699 1.040699 1.959301 0.959301 1.984532 1.699704 1.404717 1.485442 0.000000 0.089678 1.209589 1.956165 1.114141 1.702521 0.103915
0.048978 0.951022 1.951022 1.048978 1.925790 1.789382 1.494394 1.575120 0.089678 0.000000 1.299267 1.954158 1.203819 1.612843 0.193592
1.250289 1.749711 0.749711 0.250289 0.774943 0.490115 0.195128 0.275853 1.209589 1.299267 0.000000 0.746575 0.095448 1.087890 1.105675
1.996864 1.003136 0.003136 0.996864 0.028368 0.256461 0.551448 0.470722 1.956165 1.954158 0.746575 0.000000 0.842023 0.341315 1.852250
1.154841 1.845159 0.845159 0.154841 0.870391 0.585562 0.290575 0.371301 1.114141 1.203819 0.095448 0.842023 0.000000 1.183338 1.010227
1.661821 0.661821 0.338179 1.338179 0.312947 0.597775 0.892762 0.812037 1.702521 1.612843 1.087890 0.341315 1.183338 0.000000 1.806435
0.144614 1.144614 1.855386 0.855386 1.880618 1.595789 1.300802 1.381528 0.103915 0.193592 1.105675 1.852250 1.010227 1.806435 0.000000
