25
0.000000 1.000000 2.000000 1.000000 0.541326 1.093105 0.949620 0.738387 0.003528 1.920925 1.739319 1.576449 1.532647 1.204945 1.825255 0.567634 0.986819 1.081676 1.179618 1.872742 0.653032 0.054683 0.883438 1.552255 0.725792
1.000000 0.000000 1.000000 2.000000 1.541326 0.093105 0.050380 1.738387 1.003528 0.920925 1.260681 1.423551 1.467353 0.204945 1.174745 1.567634 1.986819 0.081676 0.179618 1.127258 1.653032 1.054683 1.883438 0.552255 1.725792
2.000000 1.000000 0.000000 1.000000 1.458674 0.906895 1.050380 1.261613 1.996472 0.079075 0.260681 0.423551 0.467353 0.795055 0.174745 1.432366 1.013181 0.918324 0.820382 0.127258 1.346968 1.945317 1.116562 0.447745 1.274208
1.000000 2.000000 1.000000 0.000000 0.458674 1.906895 1.949620 0.261613 0.996472 1.079075 0.739319 0.576449 0.532647 1.795055 0.825255 0.432366 0.013181 1.918324 1.820382 0.872742 0.346968 0.945317 0.116562 1.447745 0.274208
0.541326 1.541326 1.458674 0.458674 0.000000 1.634431 1.490946 0.197061 0.537798 1.537750 1.197993 1.035123 0.991322 1.746271 1.283929 0.026308 0.445493 1.623002 1.720944 1.331416 0.111706 0.486643 0.342113 1.906419 0.184466
1.093105 0.093105 0.906895 1.906895 1.634431 0.000000 0.143485 1.831492 1.096633 0.827820 1.167576 1.330446 1.374247 0.111840 1.081640 1.660739 1.920076 0.011429 0.086513 1.034153 1.746137 1.147788 1.976544 0.459150 1.818897
0.949620 0.050380 1.050380 1.949620 1.490946 0.143485 0.000000 1.688007 0.953148 0.971305 1.311061 1.473931 1.517733 0.255325 1.225125 1.517254 1.936439 0.132056 0.229998 1.177638 1.602652 1.004303 1.833058 0.602635 1.675412
0.738387 1.738387 1.261613 0.261613 0.197061 1.831492 1.688007 0.000000 0.734859 1.340688 1.000932 0.838062 0.794260 1.943332 1.086868 0.170753 0.248432 1.820063 1.918005 1.134355 0.085355 0.683704 0.145051 1.709358 0.012595
0.003528 1.003528 1.996472 0.996472 0.537798 1.096633 0.953148 0.734859 0.000000 1.924453 1.735791 1.572921 1.529119 1.208473 1.821727 0.564106 0.983291 1.085204 1.183146 1.869214 0.649504 0.051155 0.879910 1.555783 0.722264
1.920925 0.920925 0.079075 1.079075 1.537750 0.827820 0.971305 1.340688 1.924453 0.000000 0.339756 0.502627 0.546428 0.715980 0.253820 1.511442 1.092256 0.839249 0.741307 0.206333 1.426043 1.975608 1.195637 0.368669 1.353283
1.739319 1.260681 0.260681 0.739319 1.197993 1.167576 1.311061 1.000932 1.735791 0.339756 0.000000 0.162870 0.206671 1.055736 0.085936 1.171685 0.752500 1.179005 1.081063 0.133423 1.086287 1.684636 0.855881 0.708426 1.013527
1.576449 1.423551 0.423551 0.576449 1.035123 1.330446 1.473931 0.838062 1.572921 0.502627 0.162870 0.000000 0.043801 1.218606 0.248806 1.008815 0.589630 1.341875 1.243933 0.296293 0.923417 1.521765 0.693010 0.871296 0.850656
1.532647 1.467353 0.467353 0.532647 0.991322 1.374247 1.517733 0.794260 1.529119 0.546428 0.206671 0.043801 0.000000 1.262408 0.292607 0.965014 0.545829 1.385676 1.287734 0.340095 0.879616 1.477964 0.649209 0.915097 0.806855
1.204945 0.204945 0.795055 1.795055 1.746271 0.111840 0.255325 1.943332 1.208473 0.715980 1.055736 1.218606 1.262408 0.000000 0.969800 1.772579 1.808236 0.123269 0.025327 0.922313 1.857977 1.259628 1.911617 0.347310 1.930737
1.825255 1.174745 0.174745 0.825255 1.283929 1.081640 1.225125 1.086868 1.821727 0.253820 0.085936 0.248806 0.292607 0.969800 0.000000 1.257621 0.838436 1.093069 0.995127 0.047487 1.172223 1.770572 0.941817 0.622490 1.099463
0.567634 1.567634 1.432366 0.432366 0.026308 1.660739 1.517254 0.170753 0.564106 1.511442 1.171685 1.008815 0.965014 1.772579 1.257621 0.000000 0.419185 1.649310 1.747252 1.305108 0.085398 0.512950 0.315805 1.880111 0.158159
0.986819 1.986819 1.013181 0.013181 0.445493 1.920076 1.936439 0.248432 0.983291 1.092256 0.752500 0.589630 0.545829 1.808236 0.838436 0.419185 0.000000 1.931505 1.833563 0.885923 0.333787 0.932136 0.103381 1.460926 0.261027
1.081676 0.081676 0.918324 1.918324 1.623002 0.011429 0.132056 1.820063 1.085204 0.839249 1.179005 1.341875 1.385676 0.123269 1.093069 1.649310 1.931505 0.000000 0.097942 1.045582 1.734708 1.136359 1.965114 0.470579 1.807468
1.179618 0.179618 0.820382 1.820382 1.720944 0.086513 0.229998 1.918005 1.183146 0.741307 1.081063 1.243933 1.287734 0.025327 0.995127 1.747252 1.833563 0.097942 0.000000 0.947640 1.832650 1.234301 1.936943 0.372637 1.905410
1.872742 1.127258 0.127258 0.872742 1.331416 1.034153 1.177638 1.134355 1.869214 0.206333 0.133423 0.296293 0.340095 0.922313 0.047487 1.305108 0.885923 1.045582 0.947640 0.000000 1.219710 1.818059 0.989304 0.575003 1.146950
0.653032 1.653032 1.346968 0.346968 0.111706 1.746137 1.602652 0.085355 0.649504 1.426043 1.086287 0.923417 0.879616 1.857977 1.172223 0.085398 0.333787 1.734708 1.832650 1.219710 0.000000 0.598349 0.230407 1.794713 0.072760
0.054683 1.054683 1.945317 0.945317 0.486643 1.147788 1.004303 0.683704 0.051155 1.975608 1.684636 1.521765 1.477964 1.259628 1.770572 0.512950 0.932136 1.136359 1.234301 1.818059 0.598349 0.000000 0.828755 1.606938 0.671109
0.883438 1.883438 1.116562 0.116562 0.342113 1.976544 1.833058 0.145051 0.879910 1.195637 0.855881 0.693010 0.649209 1.911617 0.941817 0.315805 0.103381 1.965114 1.936943 0.989304 0.230407 0.828755 0.000000 1.564306 0.157646
1.552255 0.552255 0.447745 1.447745 1.906419 0.459150 0.602635 1.709358 1.555783 0.368669 0.708426 0.871296 0.915097 0.347310 0.622490 1.880111 1.460926 0.470579 0.372637 0.575003 1.794713 1.606938 1.564306 0.000000 1.721953
0.725792 1.725792 1.274208 0.274208 0.184466 1.818897 1.675412 0.012595 0.722264 1.353283 1.013527 0.850656 0.806855 1.930737 1.099463 0.158159 0.261027 1.807468 1.905410 1.146950 0.072760 0.671109 0.157646 1.721953 0.000000
