10
0.000000 1.000000 2.000000 1.000000 0.659746 0.862029 0.705104 0.946029 0.432606 1.237275
1.000000 0.000000 1.000000 2.000000 1.659746 0.137971 0.294896 0.053971 0.567394 1.762725
2.000000 1.000000 0.000000 1.000000 1.340254 1.137971 1.294896 1.053971 1.567394 0.762725
1.000000 2.000000 1.000000 0.000000 0.340254 1.862029 1.705104 1.946029 1.432606 0.237275
0.659746 1.659746 1.340254 0.340254 0.000000 1.521775 1.364850 1.605775 1.092353 0.577529
0.862029 0.137971 1.137971 1.862029 1.521775 0.000000 0.156925 0.084000 0.429422 1.900696
0.705104 0.294896 1.294896 1.705104 1.364850 0.156925 0.000000 0.240925 0.272498 1.942379
0.946029 0.053971 1.053971 1.946029 1.605775 0.084000 0.240925 0.000000 0.513423 1.816696
0.432606 0.567394 1.567394 1.432606 1.092353 0.429422 0.272498 0.513423 0.000000 1.669881
1.237275 1.762725 0.762725 0.237275 0.577529 1.900696 1.942379 1.816696 1.669881 0.000000
