20
0.000000 1.000000 2.000000 1.000000 0.727421 1.680887 0.942736 1.620547 1.808725 1.964884 0.429593 1.637966 1.856334 0.777390 0.696960 0.008640 1.250271 1.649154 0.603315 1.990676
1.000000 0.000000 1.000000 2.000000 1.727421 0.680887 0.057264 1.379453 0.808725 0.964884 1.429593 0.637966 0.856334 0.222610 1.696960 1.008640 1.749729 1.350846 1.603315 1.009324
2.000000 1.000000 0.000000 1.000000 1.272579 0.319113 1.057264 0.379453 0.191275 0.035116 1.570407 0.362034 0.143666 1.222610 1.303040 1.991360 0.749729 0.350846 1.396685 0.009324
1.000000 2.000000 1.000000 0.000000 0.272579 1.319113 1.942736 0.620547 1.191275 1.035116 0.570407 1.362034 1.143666 1.777390 0.303040 0.991360 0.250271 0.649154 0.396685 0.990676
0.727421 1.727421 1.272579 0.272579 0.000000 1.591692 1.670157 0.893125 1.463853 1.307695 0.297828 1.634613 1.416245 1.504811 0.030462 0.718781 0.522850 0.921733 0.124106 1.263255
1.680887 0.680887 0.319113 1.319113 1.591692 0.000000 0.738152 0.698566 0.127838 0.283997 1.889520 0.042921 0.175447 0.903497 1.622153 1.689528 1.068842 0.669959 1.715798 0.328437
0.942736 0.057264 1.057264 1.942736 1.670157 0.738152 0.000000 1.436718 0.865990 1.022148 1.372328 0.695231 0.913598 0.165346 1.639695 0.951376 1.806994 1.408110 1.546051 1.066588
1.620547 1.379453 0.379453 0.620547 0.893125 0.698566 1.436718 0.000000 0.570728 0.414569 1.190954 0.741487 0.523120 1.602063 0.923587 1.611906 0.370276 0.028608 1.017232 0.370130
1.808725 0.808725 0.191275 1.191275 1.463853 0.127838 0.865990 0.570728 0.000000 0.156159 1.761682 0.170759 0.047608 1.031335 1.494315 1.817366 0.941004 0.542120 1.587960 0.200598
1.964884 0.964884 0.035116 1.035116 1.307695 0.283997 1.022148 0.414569 0.156159 0.000000 1.605523 0.326918 0.108550 1.187494 1.338156 1.973524 0.784845 0.385962 1.431801 0.044440
0.429593 1.429593 1.570407 0.570407 0.297828 1.889520 1.372328 1.190954 1.761682 1.605523 0.000000 1.932441 1.714073 1.206983 0.267367 0.420952 0.820678 1.219561 0.173722 1.561083
1.637966 0.637966 0.362034 1.362034 1.634613 0.042921 0.695231 0.741487 0.170759 0.326918 1.932441 0.000000 0.218368 0.860576 1.665074 1.646607 1.111763 0.712880 1.758719 0.371358
1.856334 0.856334 0.143666 1.143666 1.416245 0.175447 0.913598 0.523120 0.047608 0.108550 1.714073 0.218368 0.000000 1.078944 1.446707 1.864974 0.893395 0.494512 1.540351 0.152990
0.777390 0.222610 1.222610 1.777390 1.504811 0.903497 0.165346 1.602063 1.031335 1.187494 1.206983 0.860576 1.078944 0.000000 1.474350 0.786030 1.972339 1.573456 1.380705 1.231934
0.696960 1.696960 1.303040 0.303040 0.030462 1.622153 1.639695 0.923587 1.494315 1.338156 0.267367 1.665074 1.446707 1.474350 0.000000 0.688319 0.553311 0.952195 0.093645 1.293717
0.008640 1.008640 1.991360 0.991360 0.718781 1.689528 0.951376 1.611906 1.817366 1.973524 0.420952 1.646607 1.864974 0.786030 0.688319 0.000000 1.241630 1.640514 0.594674 1.982036
1.250271 1.749729 0.749729 0.250271 0.522850 1.068842 1.806994 0.370276 0.941004 0.784845 0.820678 1.111763 0.893395 1.972339 0.553311 1.241630 0.000000 0.398883 0.646956 0.740405
1.649154 1.350846 0.350846 0.649154 0.921733 0.669959 1.408110 0.028608 0.542120 0.385962 1.219561 0.712880 0.494512 1.573456 0.952195 1.640514 0.398883 0.000000 1.045839 0.341522
0.603315 1.603315 1.396685 0.396685 0.124106 1.715798 1.546051 1.017232 1.587960 1.431801 0.173722 1.758719 1.540351 1.380705 0.093645 0.594674 0.646956 1.045839 0.000000 1.387361
1.990676 1.009324 0.009324 0.990676 1.263255 0.328437 1.066588 0.370130 0.200598 0.044440 1.561083 0.371358 0.152990 1.231934 1.293717 1.982036 0.740405 0.341522 1.387361 0.000000
