25
0.000000 1.000000 2.000000 1.000000 0.523436 1.006901 0.741032 0.473395 0.700496 1.404097 1.029438 0.188790 0.248391 1.059938 0.057017 0.983268 1.064794 1.832422 0.684474 0.170146 0.352080 1.818497 0.298164 0.354248 0.820902
1.000000 0.000000 1.000000 2.000000 1.523436 1.993099 0.258968 0.526605 0.299504 1.595903 1.970562 1.188790 0.751609 1.940062 1.057017 0.016732 1.935206 0.832422 0.315526 1.170146 0.647920 1.181503 1.298164 0.645752 0.179098
2.000000 1.000000 0.000000 1.000000 1.476564 0.993099 1.258968 1.526605 1.299504 0.595903 0.970562 1.811210 1.751609 0.940062 1.942983 1.016732 0.935206 0.167578 1.315526 1.829854 1.647920 0.181503 1.701836 1.645752 1.179098
1.000000 2.000000 1.000000 0.000000 0.476564 0.006901 1.741032 1.473395 1.700496 0.404097 0.029438 0.811210 1.248391 0.059938 0.942983 1.983268 0.064794 1.167578 1.684474 0.829854 1.352080 0.818497 0.701836 1.354248 1.820902
0.523436 1.523436 1.476564 0.476564 0.000000 0.483465 1.264468 0.996831 1.223932 0.880661 0.506002 0.334646 0.771827 0.536502 0.466419 1.506704 0.541358 1.644141 1.207910 0.353290 0.875516 1.295060 0.225272 0.877684 1.344338
1.006901 1.993099 0.993099 0.006901 0.483465 0.000000 1.747933 1.480296 1.707397 0.397195 0.022537 0.818111 1.255292 0.053037 0.949884 1.990169 0.057893 1.160676 1.691375 0.836755 1.358981 0.811595 0.708737 1.361149 1.827803
0.741032 0.258968 1.258968 1.741032 1.264468 1.747933 0.000000 0.267637 0.040536 1.854871 1.770470 0.929823 0.492641 1.800970 0.798049 0.242236 1.805826 1.091390 0.056558 0.911178 0.388952 1.440471 1.039196 0.386784 0.079870
0.473395 0.526605 1.526605 1.473395 0.996831 1.480296 0.267637 0.000000 0.227101 1.877492 1.502833 0.662185 0.225004 1.533333 0.530412 0.509873 1.538189 1.359028 0.211079 0.643541 0.121315 1.708109 0.771559 0.119147 0.347507
0.700496 0.299504 1.299504 1.700496 1.223932 1.707397 0.040536 0.227101 0.000000 1.895407 1.729934 0.889286 0.452105 1.760434 0.757513 0.282772 1.765290 1.131927 0.016022 0.870642 0.348416 1.481008 0.998660 0.346248 0.120406
1.404097 1.595903 0.595903 0.404097 0.880661 0.397195 1.854871 1.877492 1.895407 0.000000 0.374659 1.215306 1.652488 0.344159 1.347080 1.612636 0.339303 0.763481 1.911429 1.233951 1.756177 0.414400 1.105932 1.758345 1.775002
1.029438 1.970562 0.970562 0.029438 0.506002 0.022537 1.770470 1.502833 1.729934 0.374659 0.000000 0.840647 1.277829 0.030500 0.972421 1.987294 0.035356 1.138140 1.713912 0.859292 1.381518 0.789059 0.731274 1.383686 1.850340
0.188790 1.188790 1.811210 0.811210 0.334646 0.818111 0.929823 0.662185 0.889286 1.215306 0.840647 0.000000 0.437182 0.871147 0.131773 1.172058 0.876004 1.978787 0.873264 0.018645 0.540871 1.629706 0.109374 0.543038 1.009692
0.248391 0.751609 1.751609 1.248391 0.771827 1.255292 0.492641 0.225004 0.452105 1.652488 1.277829 0.437182 0.000000 1.308329 0.305408 0.734877 1.313185 1.584031 0.436083 0.418537 0.103689 1.933112 0.546555 0.105857 0.572511
1.059938 1.940062 0.940062 0.059938 0.536502 0.053037 1.800970 1.533333 1.760434 0.344159 0.030500 0.871147 1.308329 0.000000 1.002921 1.956795 0.004856 1.107640 1.744412 0.889792 1.412018 0.758559 0.761773 1.414186 1.880840
0.057017 1.057017 1.942983 0.942983 0.466419 0.949884 0.798049 0.530412 0.757513 1.347080 0.972421 0.131773 0.305408 1.002921 0.000000 1.040285 1.007777 1.889439 0.741491 0.113129 0.409097 1.761480 0.241147 0.411265 0.877919
0.983268 0.016732 1.016732 1.983268 1.506704 1.990169 0.242236 0.509873 0.282772 1.612636 1.987294 1.172058 0.734877 1.956795 1.040285 0.000000 1.951938 0.849155 0.298794 1.153414 0.631188 1.198236 1.281432 0.629020 0.162366
1.064794 1.935206 0.935206 0.064794 0.541358 0.057893 1.805826 1.538189 1.765290 0.339303 0.035356 0.876004 1.313185 0.004856 1.007777 1.951938 0.000000 1.102784 1.749268 0.894648 1.416874 0.753703 0.766630 1.419042 1.885696
1.832422 0.832422 0.167578 1.167578 1.644141 1.160676 1.091390 1.359028 1.131927 0.763481 1.138140 1.978787 1.584031 1.107640 1.889439 0.849155 1.102784 0.000000 1.147948 1.997432 1.480342 0.349081 1.869413 1.478175 1.011521
0.684474 0.315526 1.315526 1.684474 1.207910 1.691375 0.056558 0.211079 0.016022 1.911429 1.713912 0.873264 0.436083 1.744412 0.741491 0.298794 1.749268 1.147948 0.000000 0.854620 0.332394 1.497029 0.982638 0.330226 0.136428
0.170146 1.170146 1.829854 0.829854 0.353290 0.836755 0.911178 0.643541 0.870642 1.233951 0.859292 0.018645 0.418537 0.889792 0.113129 1.153414 0.894648 1.997432 0.854620 0.000000 0.522226 1.648351 0.128018 0.524394 0.991048
0.352080 0.647920 1.647920 1.352080 0.875516 1.358981 0.388952 0.121315 0.348416 1.756177 1.381518 0.540871 0.103689 1.412018 0.409097 0.631188 1.416874 1.480342 0.332394 0.522226 0.000000 1.829423 0.650244 0.002168 0.468822
1.818497 1.181503 0.181503 0.818497 1.295060 0.811595 1.440471 1.708109 1.481008 0.414400 0.789059 1.629706 1.933112 0.758559 1.761480 1.198236 0.753703 0.349081 1.497029 1.648351 1.829423 0.000000 1.520332 1.827256 1.360602
0.298164 1.298164 1.701836 0.701836 0.225272 0.708737 1.039196 0.771559 0.998660 1.105932 0.731274 0.109374 0.546555 0.761773 0.241147 1.281432 0.766630 1.869413 0.982638 0.128018 0.650244 1.520332 0.000000 0.652412 1.119066
0.354248 0.645752 1.645752 1.354248 0.877684 1.361149 0.386784 0.119147 0.346248 1.758345 1.383686 0.543038 0.105857 1.414186 0.411265 0.629020 1.419042 1.478175 0.330226 0.524394 0.002168 1.827256 0.652412 0.000000 0.466654
0.820902 0.179098 1.179098 1.820902 1.344338 1.827803 0.079870 0.347507 0.120406 1.775002 1.850340 1.009692 0.572511 1.880840 0.877919 0.162366 1.885696 1.011521 0.136428 0.991048 0.468822 1.360602 1.119066 0.466654 0.000000
