40
0.000000 1.000000 2.000000 1.000000 0.309302 0.537595 1.476402 0.420446 0.353527 1.763080 1.903075 0.192899 0.929597 0.817033 1.582197 1.998432 0.335057 0.862565 0.512406 0.852441 1.960419 1.961807 1.590002 0.698478 0.911612 0.433890 0.018787 1.183537 0.282816 1.396449 0.181739 0.944936 0.425380 1.878087 0.128948 0.201140 0.794036 0.731979 0.767509 1.797395
1.000000 0.000000 1.000000 2.000000 0.690698 0.462405 1.523598 1.420446 1.353527 1.236920 0.903075 0.807101 1.929597 1.817033 0.582197 1.001568 1.335057 0.137435 0.487594 0.147559 0.960419 1.038193 0.590002 1.698478 0.088388 0.566110 0.981213 0.183537 0.717184 1.603551 1.181739 0.055064 1.425380 0.878087 0.871052 0.798860 0.205964 1.731979 0.232491 1.202605
2.000000 1.000000 0.000000 1.000000 1.690698 1.462405 0.523598 1.579554 1.646473 0.236920 0.096925 1.807101 1.070403 1.182967 0.417803 0.001568 1.664943 1.137435 1.487594 1.147559 0.039581 0.038193 0.409998 1.301522 1.088388 1.566110 1.981213 0.816463 1.717184 0.603551 1.818261 1.055064 1.574620 0.121913 1.871052 1.798860 1.205964 1.268021 1.232491 0.202605
1.000000 2.000000 1.000000 0.000000 1.309302 1.537595 0.476402 0.579554 0.646473 0.763080 1.096925 1.192899 0.070403 0.182967 1.417803 0.998432 0.664943 1.862565 1.512406 1.852441 1.039581 0.961807 1.409998 0.301522 1.911612 1.433890 1.018787 1.816463 1.282816 0.396449 0.818261 1.944936 0.574620 1.121913 1.128948 1.201140 1.794036 0.268021 1.767509 0.797395
0.309302 0.690698 1.690698 1.309302 0.000000 0.228292 1.785705 0.729748 0.662829 1.927618 1.593772 0.116404 1.238899 1.126336 1.272895 1.692265 0.644360 0.553263 0.203103 0.543138 1.651117 1.728891 1.280700 1.007781 0.602310 0.124587 0.290515 0.874235 0.026487 1.705751 0.491042 0.635634 0.734683 1.568785 0.180354 0.108162 0.484734 1.041282 0.458206 1.893302
0.537595 0.462405 1.462405 1.537595 0.228292 0.000000 1.986003 0.958040 0.891121 1.699326 1.365480 0.344696 1.467192 1.354628 1.044602 1.463973 0.872652 0.324970 0.025189 0.314846 1.422825 1.500598 1.052408 1.236073 0.374017 0.103705 0.518807 0.645943 0.254779 1.934043 0.719334 0.407341 0.962975 1.340493 0.408647 0.336455 0.256442 1.269574 0.229914 1.665010
1.476402 1.523598 0.523598 0.476402 1.785705 1.986003 0.000000 1.055956 1.122875 0.286677 0.620523 1.669301 0.546805 0.659369 0.941401 0.522030 1.141345 1.661033 1.988808 1.671157 0.563179 0.485405 0.933596 0.777924 1.611986 1.910292 1.495190 1.340061 1.759218 0.079954 1.294663 1.578662 1.051022 0.645511 1.605350 1.677542 1.729562 0.744423 1.756089 0.320993
0.420446 1.420446 1.579554 0.579554 0.729748 0.958040 1.055956 0.000000 0.066919 1.342634 1.676479 0.613345 0.509151 0.396588 1.997357 1.577986 0.085389 1.283011 0.932852 1.272886 1.619135 1.541361 1.989552 0.278032 1.332058 0.854336 0.439233 1.603983 0.703261 0.976003 0.238706 1.365382 0.004934 1.701467 0.549394 0.621586 1.214482 0.311533 1.187954 1.376949
0.353527 1.353527 1.646473 0.646473 0.662829 0.891121 1.122875 0.066919 0.000000 1.409553 1.743398 0.546426 0.576070 0.463507 1.935724 1.644905 0.018470 1.216092 0.865933 1.205967 1.686054 1.608280 1.943529 0.344951 1.265139 0.787417 0.372314 1.537064 0.636343 1.042922 0.171788 1.298463 0.071853 1.768386 0.482475 0.554667 1.147563 0.378452 1.121035 1.443868
1.763080 1.236920 0.236920 0.763080 1.927618 1.699326 0.286677 1.342634 1.409553 0.000000 0.333845 1.955978 0.833483 0.946046 0.654723 0.235353 1.428022 1.374355 1.724515 1.384480 0.276501 0.198727 0.646918 1.064601 1.325308 1.803031 1.781867 1.053383 1.954105 0.366631 1.581340 1.291984 1.337699 0.358833 1.892028 1.964220 1.442884 1.031100 1.469412 0.034316
1.903075 0.903075 0.096925 1.096925 1.593772 1.365480 0.620523 1.676479 1.743398 0.333845 0.000000 1.710176 1.167328 1.279892 0.320878 0.098493 1.761868 1.040510 1.390669 1.050634 0.057344 0.135118 0.313073 1.398447 0.991463 1.469185 1.884288 0.719538 1.620259 0.700477 1.915186 0.958139 1.671545 0.024988 1.774127 1.701935 1.109039 1.364946 1.135566 0.299530
0.192899 0.807101 1.807101 1.192899 0.116404 0.344696 1.669301 0.613345 0.546426 1.955978 1.710176 0.000000 1.122496 1.009932 1.389298 1.808669 0.527956 0.669666 0.319507 0.659542 1.767521 1.845294 1.397103 0.891377 0.718713 0.240991 0.174111 0.990638 0.089917 1.589347 0.374638 0.752037 0.618279 1.685188 0.063951 0.008241 0.601137 0.924878 0.574610 1.990294
0.929597 1.929597 1.070403 0.070403 1.238899 1.467192 0.546805 0.509151 0.576070 0.833483 1.167328 1.122496 0.000000 0.112564 1.488206 1.068835 0.594540 1.792162 1.442003 1.782038 1.109984 1.032210 1.480401 0.231119 1.841209 1.363487 0.948384 1.886866 1.212413 0.466852 0.747858 1.874533 0.504217 1.192316 1.058545 1.130737 1.723633 0.197618 1.697106 0.867798
0.817033 1.817033 1.182967 0.182967 1.126336 1.354628 0.659369 0.396588 0.463507 0.946046 1.279892 1.009932 0.112564 0.000000 1.600770 1.181399 0.481976 1.679599 1.329439 1.669474 1.222547 1.144774 1.592964 0.118555 1.728645 1.250923 0.835821 1.999429 1.099849 0.579415 0.635294 1.761969 0.391653 1.304879 0.945981 1.018173 1.611070 0.085054 1.584542 0.980362
1.582197 0.582197 0.417803 1.417803 1.272895 1.044602 0.941401 1.997357 1.935724 0.654723 0.320878 1.389298 1.488206 1.600770 0.000000 0.419371 1.917254 0.719632 1.069791 0.729756 0.378222 0.455996 0.007805 1.719325 0.670585 1.148307 1.563410 0.398660 1.299381 1.021354 1.763936 0.637261 1.992423 0.295890 1.453249 1.381057 0.788161 1.685824 0.814688 0.620408
1.998432 1.001568 0.001568 0.998432 1.692265 1.463973 0.522030 1.577986 1.644905 0.235353 0.098493 1.808669 1.068835 1.181399 0.419371 0.000000 1.663375 1.139003 1.489162 1.149127 0.041148 0.036625 0.411566 1.299954 1.089956 1.567678 1.982780 0.818030 1.718752 0.601984 1.816693 1.056632 1.573052 0.123480 1.872620 1.800428 1.207532 1.266453 1.234059 0.201037
0.335057 1.335057 1.664943 0.664943 0.644360 0.872652 1.141345 0.085389 0.018470 1.428022 1.761868 0.527956 0.594540 0.481976 1.917254 1.663375 0.000000 1.197622 0.847463 1.187498 1.704524 1.626750 1.925059 0.363421 1.246669 0.768947 0.353845 1.518594 0.617873 1.061391 0.153318 1.279993 0.090323 1.786856 0.464005 0.536197 1.129093 0.396922 1.102566 1.462338
0.862565 0.137435 1.137435 1.862565 0.553263 0.324970 1.661033 1.283011 1.216092 1.374355 1.040510 0.669666 1.792162 1.679599 0.719632 1.139003 1.197622 0.000000 0.350159 0.010124 1.097854 1.175628 0.727437 1.561043 0.049047 0.428675 0.843778 0.320972 0.579749 1.740986 1.044304 0.082371 1.287945 1.015522 0.733617 0.661425 0.068529 1.594544 0.095056 1.340040
0.512406 0.487594 1.487594 1.512406 0.203103 0.025189 1.988808 0.932852 0.865933 1.724515 1.390669 0.319507 1.442003 1.329439 1.069791 1.489162 0.847463 0.350159 0.000000 0.340035 1.448014 1.525787 1.077596 1.210884 0.399206 0.078516 0.493618 0.671132 0.229590 1.908854 0.694145 0.432530 0.937786 1.365681 0.383458 0.311266 0.281630 1.244385 0.255103 1.690199
0.852441 0.147559 1.147559 1.852441 0.543138 0.314846 1.671157 1.272886 1.205967 1.384480 1.050634 0.659542 1.782038 1.669474 0.729756 1.149127 1.187498 0.010124 0.340035 0.000000 1.107979 1.185752 0.737562 1.550919 0.059171 0.418551 0.833653 0.331097 0.569625 1.751111 1.034180 0.092495 1.277821 1.025647 0.723493 0.651301 0.058405 1.584420 0.084932 1.350164
1.960419 0.960419 0.039581 1.039581 1.651117 1.422825 0.563179 1.619135 1.686054 0.276501 0.057344 1.767521 1.109984 1.222547 0.378222 0.041148 1.704524 1.097854 1.448014 1.107979 0.000000 0.077774 0.370417 1.341102 1.048807 1.526529 1.941632 0.776882 1.677604 0.643132 1.857841 1.015483 1.614201 0.082332 1.831471 1.759279 1.166383 1.307602 1.192911 0.242185
1.961807 1.038193 0.038193 0.961807 1.728891 1.500598 0.485405 1.541361 1.608280 0.198727 0.135118 1.845294 1.032210 1.144774 0.455996 0.036625 1.626750 1.175628 1.525787 1.185752 0.077774 0.000000 0.448191 1.263329 1.126581 1.604303 1.980594 0.854656 1.755377 0.565358 1.780068 1.093257 1.536427 0.160106 1.909245 1.837053 1.244157 1.229828 1.270684 0.164412
1.590002 0.590002 0.409998 1.409998 1.280700 1.052408 0.933596 1.989552 1.943529 0.646918 0.313073 1.397103 1.480401 1.592964 0.007805 0.411566 1.925059 0.727437 1.077596 0.737562 0.370417 0.448191 0.000000 1.711520 0.678390 1.156112 1.571215 0.406465 1.307187 1.013549 1.771742 0.645066 1.984618 0.288085 1.461054 1.388862 0.795966 1.678019 0.822494 0.612603
0.698478 1.698478 1.301522 0.301522 1.007781 1.236073 0.777924 0.278032 0.344951 1.064601 1.398447 0.891377 0.231119 0.118555 1.719325 1.299954 0.363421 1.561043 1.210884 1.550919 1.341102 1.263329 1.711520 0.000000 1.610090 1.132368 0.717266 1.882015 0.981294 0.697970 0.516739 1.643414 0.273098 1.423435 0.827426 0.899618 1.492514 0.033501 1.465987 1.098917
0.911612 0.088388 1.088388 1.911612 0.602310 0.374017 1.611986 1.332058 1.265139 1.325308 0.991463 0.718713 1.841209 1.728645 0.670585 1.089956 1.246669 0.049047 0.399206 0.059171 1.048807 1.126581 0.678390 1.610090 0.000000 0.477722 0.892825 0.271925 0.628796 1.691939 1.093351 0.033324 1.336992 0.966475 0.782664 0.710472 0.117576 1.643591 0.144103 1.290993
0.433890 0.566110 1.566110 1.433890 0.124587 0.103705 1.910292 0.854336 0.787417 1.803031 1.469185 0.240991 1.363487 1.250923 1.148307 1.567678 0.768947 0.428675 0.078516 0.418551 1.526529 1.604303 1.156112 1.132368 0.477722 0.000000 0.415102 0.749647 0.151074 1.830338 0.615629 0.511046 0.859270 1.444197 0.304942 0.232750 0.360146 1.165869 0.333619 1.768715
0.018787 0.981213 1.981213 1.018787 0.290515 0.518807 1.495190 0.439233 0.372314 1.781867 1.884288 0.174111 0.948384 0.835821 1.563410 1.982780 0.353845 0.843778 0.493618 0.833653 1.941632 1.980594 1.571215 0.717266 0.892825 0.415102 0.000000 1.164750 0.264028 1.415236 0.200527 0.926149 0.444168 1.859300 0.110161 0.182353 0.775249 0.750767 0.748721 1.816183
1.183537 0.183537 0.816463 1.816463 0.874235 0.645943 1.340061 1.603983 1.537064 1.053383 0.719538 0.990638 1.886866 1.999429 0.398660 0.818030 1.518594 0.320972 0.671132 0.331097 0.776882 0.854656 0.406465 1.882015 0.271925 0.749647 1.164750 0.000000 0.900722 1.420014 1.365277 0.238601 1.608917 0.694550 1.054589 0.982397 0.389501 1.915516 0.416029 1.019067
0.282816 0.717184 1.717184 1.282816 0.026487 0.254779 1.759218 0.703261 0.636343 1.954105 1.620259 0.089917 1.212413 1.099849 1.299381 1.718752 0.617873 0.579749 0.229590 0.569625 1.677604 1.755377 1.307187 0.981294 0.628796 0.151074 0.264028 0.900722 0.000000 1.679264 0.464555 0.662120 0.708196 1.595272 0.153868 0.081676 0.511220 1.014795 0.484693 1.919789
1.396449 1.603551 0.603551 0.396449 1.705751 1.934043 0.079954 0.976003 1.042922 0.366631 0.700477 1.589347 0.466852 0.579415 1.021354 0.601984 1.061391 1.740986 1.908854 1.751111 0.643132 0.565358 1.013549 0.697970 1.691939 1.830338 1.415236 1.420014 1.679264 0.000000 1.214709 1.658616 0.971068 0.725464 1.525397 1.597589 1.809515 0.664469 1.836043 0.400947
0.181739 1.181739 1.818261 0.818261 0.491042 0.719334 1.294663 0.238706 0.171788 1.581340 1.915186 0.374638 0.747858 0.635294 1.763936 1.816693 0.153318 1.044304 0.694145 1.034180 1.857841 1.780068 1.771742 0.516739 1.093351 0.615629 0.200527 1.365277 0.464555 1.214709 0.000000 1.126675 0.243641 1.940173 0.310687 0.382879 0.975775 0.550240 0.949248 1.615656
0.944936 0.055064 1.055064 1.944936 0.635634 0.407341 1.578662 1.365382 1.298463 1.291984 0.958139 0.752037 1.874533 1.761969 0.637261 1.056632 1.279993 0.082371 0.432530 0.092495 1.015483 1.093257 0.645066 1.643414 0.033324 0.511046 0.926149 0.238601 0.662120 1.658616 1.126675 0.000000 1.370316 0.933151 0.815988 0.743796 0.150900 1.676915 0.177427 1.257669
0.425380 1.425380 1.574620 0.574620 0.734683 0.962975 1.051022 0.004934 0.071853 1.337699 1.671545 0.618279 0.504217 0.391653 1.992423 1.573052 0.090323 1.287945 0.937786 1.277821 1.614201 1.536427 1.984618 0.273098 1.336992 0.859270 0.444168 1.608917 0.708196 0.971068 0.243641 1.370316 0.000000 1.696533 0.554328 0.626520 1.219416 0.306599 1.192889 1.372015
1.878087 0.878087 0.121913 1.121913 1.568785 1.340493 0.645511 1.701467 1.768386 0.358833 0.024988 1.685188 1.192316 1.304879 0.295890 0.123480 1.786856 1.015522 1.365681 1.025647 0.082332 0.160106 0.288085 1.423435 0.966475 1.444197 1.859300 0.694550 1.595272 0.725464 1.940173 0.933151 1.696533 0.000000 1.749139 1.676947 1.084051 1.389934 1.110579 0.324517
0.128948 0.871052 1.871052 1.128948 0.180354 0.408647 1.605350 0.549394 0.482475 1.892028 1.774127 0.063951 1.058545 0.945981 1.453249 1.872620 0.464005 0.733617 0.383458 0.723493 1.831471 1.909245 1.461054 0.827426 0.782664 0.304942 0.110161 1.054589 0.153868 1.525397 0.310687 0.815988 0.554328 1.749139 0.000000 0.072192 0.665088 0.860927 0.638561 1.926343
0.201140 0.798860 1.798860 1.201140 0.108162 0.336455 1.677542 0.621586 0.554667 1.964220 1.701935 0.008241 1.130737 1.018173 1.381057 1.800428 0.536197 0.661425 0.311266 0.651301 1.759279 1.837053 1.388862 0.899618 0.710472 0.232750 0.182353 0.982397 0.081676 1.597589 0.382879 0.743796 0.626520 1.676947 0.072192 0.000000 0.592896 0.933119 0.566369 1.998535
0.794036 0.205964 1.205964 1.794036 0.484734 0.256442 1.729562 1.214482 1.147563 1.442884 1.109039 0.601137 1.723633 1.611070 0.788161 1.207532 1.129093 0.068529 0.281630 0.058405 1.166383 1.244157 0.795966 1.492514 0.117576 0.360146 0.775249 0.389501 0.511220 1.809515 0.975775 0.150900 1.219416 1.084051 0.665088 0.592896 0.000000 1.526015 0.026527 1.408569
0.731979 1.731979 1.268021 0.268021 1.041282 1.269574 0.744423 0.311533 0.378452 1.031100 1.364946 0.924878 0.197618 0.085054 1.685824 1.266453 0.396922 1.594544 1.244385 1.584420 1.307602 1.229828 1.678019 0.033501 1.643591 1.165869 0.750767 1.915516 1.014795 0.664469 0.550240 1.676915 0.306599 1.389934 0.860927 0.933119 1.526015 0.000000 1.499488 1.065416
0.767509 0.232491 1.232491 1.767509 0.458206 0.229914 1.756089 1.187954 1.121035 1.469412 1.135566 0.574610 1.697106 1.584542 0.814688 1.234059 1.102566 0.095056 0.255103 0.084932 1.192911 1.270684 0.822494 1.465987 0.144103 0.333619 0.748721 0.416029 0.484693 1.836043 0.949248 0.177427 1.192889 1.110579 0.638561 0.566369 0.026527 1.499488 0.000000 1.435096
1.797395 1.202605 0.202605 0.797395 1.893302 1.665010 0.320993 1.376949 1.443868 0.034316 0.299530 1.990294 0.867798 0.980362 0.620408 0.201037 1.462338 1.340040 1.690199 1.350164 0.242185 0.164412 0.612603 1.098917 1.290993 1.768715 1.816183 1.019067 1.919789 0.400947 1.615656 1.257669 1.372015 0.324517 1.926343 1.998535 1.408569 1.065416 1.435096 0.000000
