45
0.000000 1.000000 2.000000 1.000000 0.417841 1.205360 0.689390 0.373354 1.100024 0.286056 1.527854 0.020603 0.892239 1.184981 1.676562 0.649934 0.829505 1.938582 1.234704 1.737842 1.302980 0.260346 0.396785 0.213854 1.328280 0.137542 0.514491 1.123666 0.156821 0.462950 0.978210 1.828734 1.808004 0.937607 0.123579 0.257475 0.135218 0.614246 0.664109 0.823573 1.174571 1.129754 0.250421 1.295407 0.227523
1.000000 0.000000 1.000000 2.000000 0.582159 1.794640 1.689390 1.373354 1.899976 0.713944 1.472146 0.979397 0.107761 1.815019 0.676562 1.649934 1.829505 0.938582 0.234704 1.262158 0.302980 0.739654 1.396785 0.786146 0.328280 0.862458 1.514491 1.876334 0.843179 0.537050 1.978210 0.828734 0.808004 1.937607 1.123579 1.257475 1.135218 0.385754 0.335891 1.823573 1.825429 1.870246 1.250421 0.295407 0.772477
2.000000 1.000000 0.000000 1.000000 1.582159 0.794640 1.310610 1.626646 0.899976 1.713944 0.472146 1.979397 1.107761 0.815019 0.323438 1.350066 1.170495 0.061418 0.765296 0.262158 0.697020 1.739654 1.603215 1.786146 0.671720 1.862458 1.485509 0.876334 1.843179 1.537050 1.021790 0.171266 0.191996 1.062393 1.876421 1.742525 1.864782 1.385754 1.335891 1.176427 0.825429 0.870246 1.749579 0.704593 1.772477
1.000000 2.000000 1.000000 0.000000 1.417841 0.205360 0.310610 0.626646 0.100024 1.286056 0.527854 1.020603 1.892239 0.184981 1.323438 0.350066 0.170495 1.061418 1.765296 0.737842 1.697020 1.260346 0.603215 1.213854 1.671720 1.137542 0.485509 0.123666 1.156821 1.462950 0.021790 1.171266 1.191996 0.062393 0.876421 0.742525 0.864782 1.614246 1.664109 0.176427 0.174571 0.129754 0.749579 1.704593 1.227523
0.417841 0.582159 1.582159 1.417841 0.000000 1.623201 1.107230 0.791195 1.517865 0.131785 1.945695 0.397237 0.474398 1.602822 1.258722 1.067775 1.247346 1.520742 0.816863 1.844317 0.885140 0.157494 0.814626 0.203987 0.910440 0.280299 0.932332 1.541507 0.261020 0.045109 1.396051 1.410894 1.390164 1.355447 0.541419 0.675315 0.553059 0.196405 0.246268 1.241414 1.592412 1.547595 0.668262 0.877566 0.190318
1.205360 1.794640 0.794640 0.205360 1.623201 0.000000 0.515971 0.832006 0.105336 1.491417 0.322493 1.225964 1.902401 0.020379 1.118077 0.555426 0.375855 0.856057 1.559936 0.532482 1.491659 1.465707 0.808575 1.419214 1.466359 1.342902 0.690869 0.081694 1.362181 1.668310 0.227150 0.965905 0.986635 0.267754 1.081782 0.947886 1.070142 1.819606 1.869470 0.381787 0.030789 0.075606 0.954939 1.499233 1.432883
0.689390 1.689390 1.310610 0.310610 1.107230 0.515971 0.000000 0.316036 0.410635 0.975446 0.838464 0.709993 1.581628 0.495591 1.634048 0.039456 0.140116 1.372028 1.924093 1.048452 1.992370 0.949736 0.292604 0.903244 1.982330 0.826931 0.174898 0.434276 0.846210 1.152339 0.288821 1.481876 1.502606 0.248217 0.565811 0.431915 0.554171 1.303635 1.353499 0.134184 0.485182 0.440364 0.438969 1.984797 0.916913
0.373354 1.373354 1.626646 0.626646 0.791195 0.832006 0.316036 0.000000 0.726670 0.659410 1.154500 0.393957 1.265593 0.811627 1.950084 0.276580 0.456151 1.688064 1.608058 1.364488 1.676334 0.633700 0.023431 0.587208 1.701634 0.510896 0.141137 0.750312 0.530175 0.836304 0.604856 1.797912 1.818642 0.564253 0.249775 0.115879 0.238136 0.987600 1.037463 0.450219 0.801217 0.756400 0.122933 1.668761 0.600877
1.100024 1.899976 0.899976 0.100024 1.517865 0.105336 0.410635 0.726670 0.000000 1.386080 0.427830 1.120628 1.992263 0.084957 1.223413 0.450090 0.270519 0.961393 1.665272 0.637818 1.596995 1.360371 0.703239 1.313878 1.571695 1.237566 0.585533 0.023642 1.256845 1.562974 0.121814 1.071241 1.091971 0.162418 0.976446 0.842550 0.964806 1.714270 1.764134 0.276451 0.074547 0.029730 0.849603 1.604569 1.327547
0.286056 0.713944 1.713944 1.286056 0.131785 1.491417 0.975446 0.659410 1.386080 0.000000 1.813910 0.265453 0.606182 1.471037 1.390506 0.935990 1.115562 1.652526 0.948648 1.976102 1.016924 0.025710 0.682842 0.072202 1.042224 0.148515 0.800548 1.409722 0.129236 0.176894 1.264267 1.542678 1.521948 1.223663 0.409635 0.543531 0.421274 0.328190 0.378053 1.109629 1.460628 1.415810 0.536477 1.009351 0.058533
1.527854 1.472146 0.472146 0.527854 1.945695 0.322493 0.838464 1.154500 0.427830 1.813910 0.000000 1.548457 1.579908 0.342873 0.795584 0.877920 0.698348 0.533564 1.237442 0.209988 1.169166 1.788200 1.131068 1.741708 1.143866 1.665395 1.013362 0.404188 1.684674 1.990803 0.549643 0.643412 0.664142 0.590247 1.404275 1.270379 1.392636 1.857900 1.808037 0.704281 0.353282 0.398100 1.277433 1.176739 1.755377
0.020603 0.979397 1.979397 1.020603 0.397237 1.225964 0.709993 0.393957 1.120628 0.265453 1.548457 0.000000 0.871635 1.205584 1.655959 0.670537 0.850109 1.917979 1.214100 1.758445 1.282377 0.239743 0.417389 0.193251 1.307677 0.116938 0.535095 1.144269 0.136217 0.442346 0.998814 1.808131 1.787401 0.958210 0.144182 0.278078 0.155822 0.593642 0.643506 0.844177 1.195175 1.150357 0.271024 1.274804 0.206920
0.892239 0.107761 1.107761 1.892239 0.474398 1.902401 1.581628 1.265593 1.992263 0.606182 1.579908 0.871635 0.000000 1.922780 0.784324 1.542173 1.721744 1.046344 0.342465 1.369919 0.410742 0.631892 1.289024 0.678384 0.436042 0.754697 1.406730 1.984095 0.735418 0.429289 1.870449 0.936496 0.915766 1.829845 1.015817 1.149713 1.027457 0.277993 0.228129 1.715812 1.933190 1.978008 1.142660 0.403169 0.664715
1.184981 1.815019 0.815019 0.184981 1.602822 0.020379 0.495591 0.811627 0.084957 1.471037 0.342873 1.205584 1.922780 0.000000 1.138457 0.535047 0.355476 0.876437 1.580315 0.552861 1.512039 1.445327 0.788196 1.398835 1.486739 1.322523 0.670490 0.061315 1.341802 1.647931 0.206771 0.986285 1.007015 0.247374 1.061402 0.927506 1.049763 1.799227 1.849090 0.361408 0.010410 0.055227 0.934560 1.519612 1.412504
1.676562 0.676562 0.323438 1.323438 1.258722 1.118077 1.634048 1.950084 1.223413 1.390506 0.795584 1.655959 0.784324 1.138457 0.000000 1.673504 1.493932 0.262020 0.441859 0.585596 0.373582 1.416216 1.926652 1.462708 0.348282 1.539021 1.808946 1.199772 1.519742 1.213613 1.345227 0.152172 0.131442 1.385831 1.800141 1.934037 1.811781 1.062317 1.012453 1.499864 1.148866 1.193684 1.926983 0.381155 1.449039
0.649934 1.649934 1.350066 0.350066 1.067775 0.555426 0.039456 0.276580 0.450090 0.935990 0.877920 0.670537 1.542173 0.535047 1.673504 0.000000 0.179571 1.411484 1.884638 1.087908 1.952914 0.910280 0.253149 0.863788 1.978214 0.787476 0.135443 0.473732 0.806755 1.112884 0.328276 1.521332 1.542062 0.287673 0.526355 0.392459 0.514716 1.264180 1.314043 0.173639 0.524637 0.479820 0.399513 1.945341 0.877457
0.829505 1.829505 1.170495 0.170495 1.247346 0.375855 0.140116 0.456151 0.270519 1.115562 0.698348 0.850109 1.721744 0.355476 1.493932 0.179571 0.000000 1.231912 1.935791 0.908337 1.867514 1.089852 0.432720 1.043360 1.842214 0.967047 0.315014 0.294161 0.986326 1.292455 0.148705 1.341760 1.362490 0.108101 0.705927 0.572031 0.694287 1.443751 1.493615 0.005932 0.345066 0.300248 0.579084 1.875088 1.057028
1.938582 0.938582 0.061418 1.061418 1.520742 0.856057 1.372028 1.688064 0.961393 1.652526 0.533564 1.917979 1.046344 0.876437 0.262020 1.411484 1.231912 0.000000 0.703879 0.323576 0.635602 1.678236 1.664632 1.724728 0.610302 1.801041 1.546926 0.937752 1.781762 1.475633 1.083207 0.109848 0.130578 1.123811 1.937839 1.803943 1.926199 1.324337 1.274473 1.237844 0.886846 0.931664 1.810997 0.643175 1.711059
1.234704 0.234704 0.765296 1.765296 0.816863 1.559936 1.924093 1.608058 1.665272 0.948648 1.237442 1.214100 0.342465 1.580315 0.441859 1.884638 1.935791 0.703879 0.000000 1.027454 0.068277 0.974357 1.631489 1.020850 0.093576 1.097162 1.749195 1.641630 1.077883 0.771754 1.787086 0.594031 0.573301 1.827690 1.358282 1.492178 1.369922 0.620458 0.570595 1.941723 1.590725 1.635542 1.485125 0.060703 1.007181
1.737842 1.262158 0.262158 0.737842 1.844317 0.532482 1.048452 1.364488 0.637818 1.976102 0.209988 1.758445 1.369919 0.552861 0.585596 1.087908 0.908337 0.323576 1.027454 0.000000 0.959178 1.998188 1.341057 1.951696 0.933878 1.875384 1.223351 0.614176 1.894663 1.799208 0.759632 0.433424 0.454154 0.800235 1.614263 1.480367 1.602624 1.647912 1.598049 0.914269 0.563271 0.608088 1.487421 0.966751 1.965365
1.302980 0.302980 0.697020 1.697020 0.885140 1.491659 1.992370 1.676334 1.596995 1.016924 1.169166 1.282377 0.410742 1.512039 0.373582 1.952914 1.867514 0.635602 0.068277 0.959178 0.000000 1.042634 1.699766 1.089126 0.025300 1.165439 1.817472 1.573354 1.146160 0.840031 1.718809 0.525754 0.505024 1.759413 1.426559 1.560455 1.438199 0.688735 0.638871 1.873446 1.522448 1.567266 1.553401 0.007573 1.075457
0.260346 0.739654 1.739654 1.260346 0.157494 1.465707 0.949736 0.633700 1.360371 0.025710 1.788200 0.239743 0.631892 1.445327 1.416216 0.910280 1.089852 1.678236 0.974357 1.998188 1.042634 0.000000 0.657132 0.046492 1.067934 0.122805 0.774838 1.384012 0.103526 0.202603 1.238557 1.568388 1.547658 1.197953 0.383925 0.517821 0.395565 0.353899 0.403763 1.083920 1.434918 1.390100 0.510767 1.035061 0.032823
0.396785 1.396785 1.603215 0.603215 0.814626 0.808575 0.292604 0.023431 0.703239 0.682842 1.131068 0.417389 1.289024 0.788196 1.926652 0.253149 0.432720 1.664632 1.631489 1.341057 1.699766 0.657132 0.000000 0.610640 1.725066 0.534327 0.117706 0.726881 0.553606 0.859735 0.581425 1.774480 1.795210 0.540821 0.273207 0.139311 0.261567 1.011031 1.060895 0.426788 0.777786 0.732968 0.146364 1.692193 0.624308
0.213854 0.786146 1.786146 1.213854 0.203987 1.419214 0.903244 0.587208 1.313878 0.072202 1.741708 0.193251 0.678384 1.398835 1.462708 0.863788 1.043360 1.724728 1.020850 1.951696 1.089126 0.046492 0.610640 0.000000 1.114426 0.076313 0.728346 1.337520 0.057033 0.249096 1.192065 1.614880 1.594150 1.151461 0.337433 0.471329 0.349072 0.400392 0.450255 1.037427 1.388426 1.343608 0.464275 1.081553 0.013669
1.328280 0.328280 0.671720 1.671720 0.910440 1.466359 1.982330 1.701634 1.571695 1.042224 1.143866 1.307677 0.436042 1.486739 0.348282 1.978214 1.842214 0.610302 0.093576 0.933878 0.025300 1.067934 1.725066 1.114426 0.000000 1.190739 1.842772 1.548054 1.171460 0.865331 1.693509 0.500454 0.479724 1.734113 1.451859 1.585755 1.463498 0.714035 0.664171 1.848147 1.497148 1.541966 1.578701 0.032873 1.100757
0.137542 0.862458 1.862458 1.137542 0.280299 1.342902 0.826931 0.510896 1.237566 0.148515 1.665395 0.116938 0.754697 1.322523 1.539021 0.787476 0.967047 1.801041 1.097162 1.875384 1.165439 0.122805 0.534327 0.076313 1.190739 0.000000 0.652033 1.261208 0.019279 0.325408 1.115752 1.691193 1.670463 1.075148 0.261120 0.395016 0.272760 0.476704 0.526568 0.961115 1.312113 1.267295 0.387963 1.157866 0.089981
0.514491 1.514491 1.485509 0.485509 0.932332 0.690869 0.174898 0.141137 0.585533 0.800548 1.013362 0.535095 1.406730 0.670490 1.808946 0.135443 0.315014 1.546926 1.749195 1.223351 1.817472 0.774838 0.117706 0.728346 1.842772 0.652033 0.000000 0.609175 0.671312 0.977441 0.463719 1.656774 1.677504 0.423115 0.390913 0.257017 0.379273 1.128737 1.178601 0.309082 0.660080 0.615262 0.264070 1.809899 0.742015
1.123666 1.876334 0.876334 0.123666 1.541507 0.081694 0.434276 0.750312 0.023642 1.409722 0.404188 1.144269 1.984095 0.061315 1.199772 0.473732 0.294161 0.937752 1.641630 0.614176 1.573354 1.384012 0.726881 1.337520 1.548054 1.261208 0.609175 0.000000 1.280487 1.586616 0.145456 1.047600 1.068330 0.186059 1.000087 0.866191 0.988448 1.737912 1.787775 0.300093 0.050905 0.006088 0.873245 1.580927 1.351189
0.156821 0.843179 1.843179 1.156821 0.261020 1.362181 0.846210 0.530175 1.256845 0.129236 1.684674 0.136217 0.735418 1.341802 1.519742 0.806755 0.986326 1.781762 1.077883 1.894663 1.146160 0.103526 0.553606 0.057033 1.171460 0.019279 0.671312 1.280487 0.000000 0.306129 1.135031 1.671914 1.651184 1.094427 0.280399 0.414295 0.292039 0.457425 0.507289 0.980394 1.331392 1.286574 0.407242 1.138586 0.070702
0.462950 0.537050 1.537050 1.462950 0.045109 1.668310 1.152339 0.836304 1.562974 0.176894 1.990803 0.442346 0.429289 1.647931 1.213613 1.112884 1.292455 1.475633 0.771754 1.799208 0.840031 0.202603 0.859735 0.249096 0.865331 0.325408 0.977441 1.586616 0.306129 0.000000 1.441160 1.365785 1.345055 1.400556 0.586528 0.720424 0.598168 0.151296 0.201160 1.286523 1.637521 1.592704 0.713371 0.832457 0.235427
0.978210 1.978210 1.021790 0.021790 1.396051 0.227150 0.288821 0.604856 0.121814 1.264267 0.549643 0.998814 1.870449 0.206771 1.345227 0.328276 0.148705 1.083207 1.787086 0.759632 1.718809 1.238557 0.581425 1.192065 1.693509 1.115752 0.463719 0.145456 1.135031 1.441160 0.000000 1.193055 1.213785 0.040604 0.854632 0.720736 0.842992 1.592456 1.642320 0.154637 0.196361 0.151543 0.727789 1.726382 1.205733
1.828734 0.828734 0.171266 1.171266 1.410894 0.965905 1.481876 1.797912 1.071241 1.542678 0.643412 1.808131 0.936496 0.986285 0.152172 1.521332 1.341760 0.109848 0.594031 0.433424 0.525754 1.568388 1.774480 1.614880 0.500454 1.691193 1.656774 1.047600 1.671914 1.365785 1.193055 0.000000 0.020730 1.233659 1.952313 1.913791 1.963953 1.214489 1.164625 1.347692 0.996694 1.041512 1.920845 0.533327 1.601211
1.808004 0.808004 0.191996 1.191996 1.390164 0.986635 1.502606 1.818642 1.091971 1.521948 0.664142 1.787401 0.915766 1.007015 0.131442 1.542062 1.362490 0.130578 0.573301 0.454154 0.505024 1.547658 1.795210 1.594150 0.479724 1.670463 1.677504 1.068330 1.651184 1.345055 1.213785 0.020730 0.000000 1.254389 1.931583 1.934521 1.943222 1.193759 1.143895 1.368422 1.017424 1.062242 1.941575 0.512597 1.580481
0.937607 1.937607 1.062393 0.062393 1.355447 0.267754 0.248217 0.564253 0.162418 1.223663 0.590247 0.958210 1.829845 0.247374 1.385831 0.287673 0.108101 1.123811 1.827690 0.800235 1.759413 1.197953 0.540821 1.151461 1.734113 1.075148 0.423115 0.186059 1.094427 1.400556 0.040604 1.233659 1.254389 0.000000 0.814028 0.680132 0.802389 1.551852 1.601716 0.114033 0.236965 0.192147 0.687186 1.766986 1.165130
0.123579 1.123579 1.876421 0.876421 0.541419 1.081782 0.565811 0.249775 0.976446 0.409635 1.404275 0.144182 1.015817 1.061402 1.800141 0.526355 0.705927 1.937839 1.358282 1.614263 1.426559 0.383925 0.273207 0.337433 1.451859 0.261120 0.390913 1.000087 0.280399 0.586528 0.854632 1.952313 1.931583 0.814028 0.000000 0.133896 0.011640 0.737824 0.787688 0.699995 1.050993 1.006175 0.126842 1.418986 0.351102
0.257475 1.257475 1.742525 0.742525 0.675315 0.947886 0.431915 0.115879 0.842550 0.543531 1.270379 0.278078 1.149713 0.927506 1.934037 0.392459 0.572031 1.803943 1.492178 1.480367 1.560455 0.517821 0.139311 0.471329 1.585755 0.395016 0.257017 0.866191 0.414295 0.720424 0.720736 1.913791 1.934521 0.680132 0.133896 0.000000 0.122256 0.871720 0.921584 0.566099 0.917097 0.872279 0.007054 1.552882 0.484998
0.135218 1.135218 1.864782 0.864782 0.553059 1.070142 0.554171 0.238136 0.964806 0.421274 1.392636 0.155822 1.027457 1.049763 1.811781 0.514716 0.694287 1.926199 1.369922 1.602624 1.438199 0.395565 0.261567 0.349072 1.463498 0.272760 0.379273 0.988448 0.292039 0.598168 0.842992 1.963953 1.943222 0.802389 0.011640 0.122256 0.000000 0.749464 0.799327 0.688355 1.039353 0.994536 0.115203 1.430625 0.362741
0.614246 0.385754 1.385754 1.614246 0.196405 1.819606 1.303635 0.987600 1.714270 0.328190 1.857900 0.593642 0.277993 1.799227 1.062317 1.264180 1.443751 1.324337 0.620458 1.647912 0.688735 0.353899 1.011031 0.400392 0.714035 0.476704 1.128737 1.737912 0.457425 0.151296 1.592456 1.214489 1.193759 1.551852 0.737824 0.871720 0.749464 0.000000 0.049864 1.437819 1.788817 1.744000 0.864667 0.681161 0.386723
0.664109 0.335891 1.335891 1.664109 0.246268 1.869470 1.353499 1.037463 1.764134 0.378053 1.808037 0.643506 0.228129 1.849090 1.012453 1.314043 1.493615 1.274473 0.570595 1.598049 0.638871 0.403763 1.060895 0.450255 0.664171 0.526568 1.178601 1.787775 0.507289 0.201160 1.642320 1.164625 1.143895 1.601716 0.787688 0.921584 0.799327 0.049864 0.000000 1.487682 1.838681 1.793863 0.914530 0.631298 0.436586
0.823573 1.823573 1.176427 0.176427 1.241414 0.381787 0.134184 0.450219 0.276451 1.109629 0.704281 0.844177 1.715812 0.361408 1.499864 0.173639 0.005932 1.237844 1.941723 0.914269 1.873446 1.083920 0.426788 1.037427 1.848147 0.961115 0.309082 0.300093 0.980394 1.286523 0.154637 1.347692 1.368422 0.114033 0.699995 0.566099 0.688355 1.437819 1.487682 0.000000 0.350998 0.306181 0.573152 1.881020 1.051096
1.174571 1.825429 0.825429 0.174571 1.592412 0.030789 0.485182 0.801217 0.074547 1.460628 0.353282 1.195175 1.933190 0.010410 1.148866 0.524637 0.345066 0.886846 1.590725 0.563271 1.522448 1.434918 0.777786 1.388426 1.497148 1.312113 0.660080 0.050905 1.331392 1.637521 0.196361 0.996694 1.017424 0.236965 1.050993 0.917097 1.039353 1.788817 1.838681 0.350998 0.000000 0.044818 0.924150 1.530021 1.402095
1.129754 1.870246 0.870246 0.129754 1.547595 0.075606 0.440364 0.756400 0.029730 1.415810 0.398100 1.150357 1.978008 0.055227 1.193684 0.479820 0.300248 0.931664 1.635542 0.608088 1.567266 1.390100 0.732968 1.343608 1.541966 1.267295 0.615262 0.006088 1.286574 1.592704 0.151543 1.041512 1.062242 0.192147 1.006175 0.872279 0.994536 1.744000 1.793863 0.306181 0.044818 0.000000 0.879333 1.574839 1.357277
0.250421 1.250421 1.749579 0.749579 0.668262 0.954939 0.438969 0.122933 0.849603 0.536477 1.277433 0.271024 1.142660 0.934560 1.926983 0.399513 0.579084 1.810997 1.485125 1.487421 1.553401 0.510767 0.146364 0.464275 1.578701 0.387963 0.264070 0.873245 0.407242 0.713371 0.727789 1.920845 1.941575 0.687186 0.126842 0.007054 0.115203 0.864667 0.914530 0.573152 0.924150 0.879333 0.000000 1.545828 0.477944
1.295407 0.295407 0.704593 1.704593 0.877566 1.499233 1.984797 1.668761 1.604569 1.009351 1.176739 1.274804 0.403169 1.519612 0.381155 1.945341 1.875088 0.643175 0.060703 0.966751 0.007573 1.035061 1.692193 1.081553 0.032873 1.157866 1.809899 1.580927 1.138586 0.832457 1.726382 0.533327 0.512597 1.766986 1.418986 1.552882 1.430625 0.681161 0.631298 1.881020 1.530021 1.574839 1.545828 0.000000 1.067884
0.227523 0.772477 1.772477 1.227523 0.190318 1.432883 0.916913 0.600877 1.327547 0.058533 1.755377 0.206920 0.664715 1.412504 1.449039 0.877457 1.057028 1.711059 1.007181 1.965365 1.075457 0.032823 0.624308 0.013669 1.100757 0.089981 0.742015 1.351189 0.070702 0.235427 1.205733 1.601211 1.580481 1.165130 0.351102 0.484998 0.362741 0.386723 0.436586 1.051096 1.402095 1.357277 0.477944 1.067884 0.000000
