45
0.000000 1.000000 2.000000 1.000000 0.516181 1.238018 1.860147 0.388939 0.342570 0.454917 1.578772 1.342983 0.210264 1.653707 1.598540 1.838568 1.399320 1.321135 1.639005 0.087775 1.457479 0.680702 0.624620 0.385290 0.910442 1.203854 0.175432 0.455669 1.571145 0.013478 0.736517 1.560912 1.829279 0.219109 1.537001 0.507825 1.784119 1.894963 1.747201 1.255803 1.941282 0.488749 1.587796 1.356466 0.375269
1.000000 0.000000 1.000000 2.000000 0.483819 0.238018 1.139853 1.388939 0.657430 0.545083 0.578772 0.342983 1.210264 0.653707 1.401460 1.161432 1.600680 1.678865 1.360995 0.912225 0.457479 0.319298 0.375380 1.385290 0.089558 0.203854 0.824568 0.544331 0.571145 0.986522 1.736517 0.560912 1.170721 0.780891 1.462999 1.507825 1.215881 0.894963 1.252799 1.744197 0.941282 1.488749 0.587796 1.643534 1.375269
2.000000 1.000000 0.000000 1.000000 1.483819 0.761982 0.139853 1.611061 1.657430 1.545083 0.421228 0.657017 1.789736 0.346293 0.401460 0.161432 0.600680 0.678865 0.360995 1.912225 0.542521 1.319298 1.375380 1.614710 1.089558 0.796146 1.824568 1.544331 0.428855 1.986522 1.263483 0.439088 0.170721 1.780891 0.462999 1.492175 0.215881 0.105037 0.252799 0.744197 0.058718 1.511251 0.412204 0.643534 1.624731
1.000000 2.000000 1.000000 0.000000 1.516181 1.761982 0.860147 0.611061 1.342570 1.454917 1.421228 1.657017 0.789736 1.346293 0.598540 0.838568 0.399320 0.321135 0.639005 1.087775 1.542521 1.680702 1.624620 0.614710 1.910442 1.796146 1.175432 1.455669 1.428855 1.013478 0.263483 1.439088 0.829279 1.219109 0.537001 0.492175 0.784119 1.105037 0.747201 0.255803 1.058718 0.511251 1.412204 0.356466 0.624731
0.516181 0.483819 1.483819 1.516181 0.000000 0.721837 1.623671 0.905120 0.173612 0.061265 1.062590 0.826802 0.726445 1.137526 1.885279 1.645251 1.915501 1.837317 1.844813 0.428406 0.941297 0.164521 0.108439 0.901471 0.394261 0.687673 0.340749 0.060512 1.054963 0.502703 1.252698 1.044731 1.654540 0.297072 1.946817 1.024007 1.699699 1.378781 1.736617 1.771984 1.425101 1.004931 1.071615 1.872647 0.891450
1.238018 0.238018 0.761982 1.761982 0.721837 0.000000 0.901835 1.626957 0.895448 0.783101 0.340754 0.104965 1.448282 0.415689 1.163443 0.923414 1.362663 1.440847 1.122977 1.150243 0.219461 0.557316 0.613398 1.623308 0.327576 0.034164 1.062586 0.782349 0.333127 1.224540 1.974535 0.322894 0.932703 1.018909 1.224981 1.745843 0.977863 0.656945 1.014781 1.506179 0.703264 1.726767 0.349778 1.405516 1.613287
1.860147 1.139853 0.139853 0.860147 1.623671 0.901835 0.000000 1.471208 1.797283 1.684936 0.561081 0.796870 1.649884 0.486145 0.261608 0.021580 0.460828 0.539012 0.221142 1.947923 0.682374 1.459150 1.515233 1.474858 1.229411 0.935998 1.964420 1.684184 0.568708 1.873625 1.123631 0.578941 0.030869 1.920743 0.323146 1.352322 0.076028 0.244890 0.112946 0.604345 0.198570 1.371398 0.552056 0.503682 1.484878
0.388939 1.388939 1.611061 0.611061 0.905120 1.626957 1.471208 0.000000 0.731509 0.843856 1.967711 1.731922 0.178675 1.957353 1.209600 1.449629 1.010380 0.932196 1.250066 0.476714 1.846418 1.069641 1.013559 0.003649 1.299381 1.592794 0.564371 0.844608 1.960084 0.402417 0.347577 1.949851 1.440339 0.608049 1.148062 0.118886 1.395180 1.716098 1.358262 0.866864 1.669779 0.099810 1.976735 0.967526 0.013670
0.342570 0.657430 1.657430 1.342570 0.173612 0.895448 1.797283 0.731509 0.000000 0.112347 1.236202 1.000413 0.552834 1.311138 1.941109 1.818863 1.741889 1.663705 1.981575 0.254795 1.114909 0.338132 0.282050 0.727859 0.567872 0.861285 0.167137 0.113099 1.228575 0.329092 1.079086 1.218342 1.828152 0.123460 1.879571 0.850395 1.873311 1.552393 1.910229 1.598372 1.598712 0.831319 1.245226 1.699035 0.717839
0.454917 0.545083 1.545083 1.454917 0.061265 0.783101 1.684936 0.843856 0.112347 0.000000 1.123855 0.888066 0.665180 1.198791 1.946544 1.706516 1.854236 1.776052 1.906078 0.367141 1.002562 0.225786 0.169703 0.840206 0.455525 0.748938 0.279484 0.000752 1.116228 0.441439 1.191433 1.105995 1.715805 0.235807 1.991918 0.962742 1.760964 1.440046 1.797882 1.710719 1.486366 0.943666 1.132880 1.811382 0.830186
1.578772 0.578772 0.421228 1.421228 1.062590 0.340754 0.561081 1.967711 1.236202 1.123855 0.000000 0.235789 1.789036 0.074936 0.822689 0.582661 1.021909 1.100093 0.782223 1.490997 0.121293 0.898070 0.954152 1.964061 0.668330 0.374917 1.403339 1.123103 0.007627 1.565294 1.684712 0.017860 0.591950 1.359662 0.884227 1.913403 0.637109 0.316191 0.674027 1.165426 0.362510 1.932479 0.009024 1.064763 1.954041
1.342983 0.342983 0.657017 1.657017 0.826802 0.104965 0.796870 1.731922 1.000413 0.888066 0.235789 0.000000 1.553247 0.310724 1.058478 0.818449 1.257698 1.335882 1.018012 1.255208 0.114496 0.662281 0.718363 1.728273 0.432541 0.139129 1.167551 0.887314 0.228162 1.329505 1.920500 0.217929 0.827738 1.123874 1.120016 1.850808 0.872898 0.551980 0.909816 1.401214 0.598299 1.831732 0.244813 1.300551 1.718252
0.210264 1.210264 1.789736 0.789736 0.726445 1.448282 1.649884 0.178675 0.552834 0.665180 1.789036 1.553247 0.000000 1.863971 1.388276 1.628304 1.189056 1.110872 1.428741 0.298039 1.667742 0.890966 0.834884 0.175026 1.120706 1.414118 0.385696 0.665933 1.781408 0.223742 0.526253 1.771176 1.619015 0.429373 1.326738 0.297562 1.573856 1.894774 1.536938 1.045539 1.848454 0.278485 1.798060 1.146202 0.165005
1.653707 0.653707 0.346293 1.346293 1.137526 0.415689 0.486145 1.957353 1.311138 1.198791 0.074936 0.310724 1.863971 0.000000 0.747753 0.507725 0.946973 1.025157 0.707287 1.565932 0.196229 0.973005 1.029087 1.961003 0.743265 0.449853 1.478275 1.198039 0.082563 1.640229 1.609776 0.092795 0.517014 1.434598 0.809291 1.838467 0.562173 0.241255 0.599091 1.090490 0.287575 1.857543 0.065911 0.989827 1.971024
1.598540 1.401460 0.401460 0.598540 1.885279 1.163443 0.261608 1.209600 1.941109 1.946544 0.822689 1.058478 1.388276 0.747753 0.000000 0.240028 0.199220 0.277404 0.040466 1.686315 0.943982 1.720758 1.776841 1.213250 1.491018 1.197606 1.773972 1.945792 0.830316 1.612017 0.862023 0.840548 0.230739 1.817649 0.061538 1.090714 0.185580 0.506498 0.148662 0.342737 0.460178 1.109790 0.813664 0.242074 1.223271
1.838568 1.161432 0.161432 0.838568 1.645251 0.923414 0.021580 1.449629 1.818863 1.706516 0.582661 0.818449 1.628304 0.507725 0.240028 0.000000 0.439248 0.517432 0.199562 1.926343 0.703954 1.480730 1.536812 1.453278 1.250990 0.957578 1.986000 1.705763 0.590288 1.852046 1.102051 0.600520 0.009289 1.942323 0.301566 1.330742 0.054448 0.266470 0.091366 0.582765 0.220150 1.349818 0.573636 0.482102 1.463299
1.399320 1.600680 0.600680 0.399320 1.915501 1.362663 0.460828 1.010380 1.741889 1.854236 1.021909 1.257698 1.189056 0.946973 0.199220 0.439248 0.000000 0.078184 0.239686 1.487095 1.143202 1.919978 1.976061 1.014030 1.690238 1.396826 1.574752 1.854988 1.029536 1.412797 0.662803 1.039768 0.429959 1.618429 0.137682 0.891494 0.384800 0.705718 0.347882 0.143517 0.659398 0.910570 1.012884 0.042854 1.024051
1.321135 1.678865 0.678865 0.321135 1.837317 1.440847 0.539012 0.932196 1.663705 1.776052 1.100093 1.335882 1.110872 1.025157 0.277404 0.517432 0.078184 0.000000 0.317870 1.408911 1.221386 1.998162 1.945755 0.935846 1.768422 1.475010 1.496568 1.776804 1.107720 1.334613 0.584619 1.117952 0.508143 1.540245 0.215866 0.813310 0.462984 0.783902 0.426066 0.065333 0.737582 0.832386 1.091068 0.035330 0.945866
1.639005 1.360995 0.360995 0.639005 1.844813 1.122977 0.221142 1.250066 1.981575 1.906078 0.782223 1.018012 1.428741 0.707287 0.040466 0.199562 0.239686 0.317870 0.000000 1.726780 0.903516 1.680293 1.736375 1.253716 1.450553 1.157140 1.814438 1.905326 0.789850 1.652483 0.902489 0.800083 0.190273 1.858115 0.102004 1.131180 0.145114 0.466032 0.108196 0.383203 0.419713 1.150256 0.773199 0.282540 1.263736
0.087775 0.912225 1.912225 1.087775 0.428406 1.150243 1.947923 0.476714 0.254795 0.367141 1.490997 1.255208 0.298039 1.565932 1.686315 1.926343 1.487095 1.408911 1.726780 0.000000 1.369703 0.592927 0.536845 0.473065 0.822667 1.116079 0.087657 0.367894 1.483369 0.074297 0.824292 1.473137 1.917054 0.131334 1.624777 0.595601 1.871895 1.807187 1.834977 1.343578 1.853507 0.576524 1.500021 1.444241 0.463044
1.457479 0.457479 0.542521 1.542521 0.941297 0.219461 0.682374 1.846418 1.114909 1.002562 0.121293 0.114496 1.667742 0.196229 0.943982 0.703954 1.143202 1.221386 0.903516 1.369703 0.000000 0.776776 0.832859 1.842768 0.547037 0.253624 1.282046 1.001810 0.113666 1.444001 1.806005 0.103433 0.713243 1.238369 1.005520 1.965304 0.758402 0.437484 0.795320 1.286719 0.483803 1.946228 0.130317 1.186056 1.832748
0.680702 0.319298 1.319298 1.680702 0.164521 0.557316 1.459150 1.069641 0.338132 0.225786 0.898070 0.662281 0.890966 0.973005 1.720758 1.480730 1.919978 1.998162 1.680293 0.592927 0.776776 0.000000 0.056082 1.065992 0.229740 0.523152 0.505270 0.225033 0.890442 0.667224 1.417219 0.880210 1.490019 0.461593 1.782296 1.188528 1.535178 1.214260 1.572096 1.936505 1.260580 1.169451 0.907094 1.962832 1.055971
0.624620 0.375380 1.375380 1.624620 0.108439 0.613398 1.515233 1.013559 0.282050 0.169703 0.954152 0.718363 0.834884 1.029087 1.776841 1.536812 1.976061 1.945755 1.736375 0.536845 0.832859 0.056082 0.000000 1.009910 0.285822 0.579234 0.449188 0.168951 0.946525 0.611142 1.361137 0.936292 1.546101 0.405511 1.838379 1.132445 1.591261 1.270343 1.628179 1.880423 1.316662 1.113369 0.963176 1.981086 0.999889
0.385290 1.385290 1.614710 0.614710 0.901471 1.623308 1.474858 0.003649 0.727859 0.840206 1.964061 1.728273 0.175026 1.961003 1.213250 1.453278 1.014030 0.935846 1.253716 0.473065 1.842768 1.065992 1.009910 0.000000 1.295732 1.589144 0.560722 0.840959 1.956434 0.398768 0.351227 1.946202 1.443989 0.604399 1.151712 0.122536 1.398830 1.719748 1.361912 0.870513 1.673428 0.103460 1.973086 0.971176 0.010021
0.910442 0.089558 1.089558 1.910442 0.394261 0.327576 1.229411 1.299381 0.567872 0.455525 0.668330 0.432541 1.120706 0.743265 1.491018 1.250990 1.690238 1.768422 1.450553 0.822667 0.547037 0.229740 0.285822 1.295732 0.000000 0.293412 0.735010 0.454773 0.660703 0.896964 1.646959 0.650470 1.260279 0.691333 1.552557 1.418267 1.305439 0.984520 1.342357 1.833755 1.030840 1.399191 0.677354 1.733092 1.285711
1.203854 0.203854 0.796146 1.796146 0.687673 0.034164 0.935998 1.592794 0.861285 0.748938 0.374917 0.139129 1.414118 0.449853 1.197606 0.957578 1.396826 1.475010 1.157140 1.116079 0.253624 0.523152 0.579234 1.589144 0.293412 0.000000 1.028422 0.748186 0.367290 1.190376 1.940371 0.357058 0.966867 0.984745 1.259144 1.711680 1.012026 0.691108 1.048944 1.540343 0.737428 1.692604 0.383942 1.439680 1.579123
0.175432 0.824568 1.824568 1.175432 0.340749 1.062586 1.964420 0.564371 0.167137 0.279484 1.403339 1.167551 0.385696 1.478275 1.773972 1.986000 1.574752 1.496568 1.814438 0.087657 1.282046 0.505270 0.449188 0.560722 0.735010 1.028422 0.000000 0.280237 1.395712 0.161954 0.911949 1.385480 1.995289 0.043677 1.712434 0.683258 1.959552 1.719530 1.922634 1.431235 1.765850 0.664182 1.412364 1.531898 0.550701
0.455669 0.544331 1.544331 1.455669 0.060512 0.782349 1.684184 0.844608 0.113099 0.000752 1.123103 0.887314 0.665933 1.198039 1.945792 1.705763 1.854988 1.776804 1.905326 0.367894 1.001810 0.225033 0.168951 0.840959 0.454773 0.748186 0.280237 0.000000 1.115476 0.442191 1.192185 1.105243 1.715053 0.236559 1.992670 0.963494 1.760212 1.439294 1.797130 1.711472 1.485613 0.944418 1.132127 1.812135 0.830938
1.571145 0.571145 0.428855 1.428855 1.054963 0.333127 0.568708 1.960084 1.228575 1.116228 0.007627 0.228162 1.781408 0.082563 0.830316 0.590288 1.029536 1.107720 0.789850 1.483369 0.113666 0.890442 0.946525 1.956434 0.660703 0.367290 1.395712 1.115476 0.000000 1.557667 1.692339 0.010233 0.599577 1.352035 0.891854 1.921030 0.644736 0.323818 0.681654 1.173053 0.370137 1.940106 0.016651 1.072390 1.946414
0.013478 0.986522 1.986522 1.013478 0.502703 1.224540 1.873625 0.402417 0.329092 0.441439 1.565294 1.329505 0.223742 1.640229 1.612017 1.852046 1.412797 1.334613 1.652483 0.074297 1.444001 0.667224 0.611142 0.398768 0.896964 1.190376 0.161954 0.442191 1.557667 0.000000 0.749995 1.547434 1.842757 0.205631 1.550479 0.521303 1.797597 1.881485 1.760679 1.269281 1.927804 0.502227 1.574318 1.369944 0.388747
0.736517 1.736517 1.263483 0.263483 1.252698 1.974535 1.123631 0.347577 1.079086 1.191433 1.684712 1.920500 0.526253 1.609776 0.862023 1.102051 0.662803 0.584619 0.902489 0.824292 1.806005 1.417219 1.361137 0.351227 1.646959 1.940371 0.911949 1.192185 1.692339 0.749995 0.000000 1.702571 1.092762 0.955626 0.800485 0.228691 1.047603 1.368521 1.010685 0.519286 1.322201 0.247767 1.675687 0.619949 0.361248
1.560912 0.560912 0.439088 1.439088 1.044731 0.322894 0.578941 1.949851 1.218342 1.105995 0.017860 0.217929 1.771176 0.092795 0.840548 0.600520 1.039768 1.117952 0.800083 1.473137 0.103433 0.880210 0.936292 1.946202 0.650470 0.357058 1.385480 1.105243 0.010233 1.547434 1.702571 0.000000 0.609809 1.341803 0.902087 1.931263 0.654969 0.334050 0.691887 1.183285 0.380370 1.950339 0.026884 1.082622 1.936181
1.829279 1.170721 0.170721 0.829279 1.654540 0.932703 0.030869 1.440339 1.828152 1.715805 0.591950 0.827738 1.619015 0.517014 0.230739 0.009289 0.429959 0.508143 0.190273 1.917054 0.713243 1.490019 1.546101 1.443989 1.260279 0.966867 1.995289 1.715053 0.599577 1.842757 1.092762 0.609809 0.000000 1.951612 0.292277 1.321453 0.045159 0.275759 0.082077 0.573476 0.229439 1.340529 0.582925 0.472813 1.454010
0.219109 0.780891 1.780891 1.219109 0.297072 1.018909 1.920743 0.608049 0.123460 0.235807 1.359662 1.123874 0.429373 1.434598 1.817649 1.942323 1.618429 1.540245 1.858115 0.131334 1.238369 0.461593 0.405511 0.604399 0.691333 0.984745 0.043677 0.236559 1.352035 0.205631 0.955626 1.341803 1.951612 0.000000 1.756111 0.726935 1.996771 1.675853 1.966311 1.474912 1.722173 0.707859 1.368687 1.575575 0.594378
1.537001 1.462999 0.462999 0.537001 1.946817 1.224981 0.323146 1.148062 1.879571 1.991918 0.884227 1.120016 1.326738 0.809291 0.061538 0.301566 0.137682 0.215866 0.102004 1.624777 1.005520 1.782296 1.838379 1.151712 1.552557 1.259144 1.712434 1.992670 0.891854 1.550479 0.800485 0.902087 0.292277 1.756111 0.000000 1.029176 0.247118 0.568036 0.210200 0.281199 0.521716 1.048252 0.875202 0.180536 1.161732
0.507825 1.507825 1.492175 0.492175 1.024007 1.745843 1.352322 0.118886 0.850395 0.962742 1.913403 1.850808 0.297562 1.838467 1.090714 1.330742 0.891494 0.813310 1.131180 0.595601 1.965304 1.188528 1.132445 0.122536 1.418267 1.711680 0.683258 0.963494 1.921030 0.521303 0.228691 1.931263 1.321453 0.726935 1.029176 0.000000 1.276294 1.597212 1.239376 0.747977 1.550892 0.019076 1.904378 0.848640 0.132556
1.784119 1.215881 0.215881 0.784119 1.699699 0.977863 0.076028 1.395180 1.873311 1.760964 0.637109 0.872898 1.573856 0.562173 0.185580 0.054448 0.384800 0.462984 0.145114 1.871895 0.758402 1.535178 1.591261 1.398830 1.305439 1.012026 1.959552 1.760212 0.644736 1.797597 1.047603 0.654969 0.045159 1.996771 0.247118 1.276294 0.000000 0.320918 0.036918 0.528317 0.274598 1.295370 0.628085 0.427654 1.408850
1.894963 0.894963 0.105037 1.105037 1.378781 0.656945 0.244890 1.716098 1.552393 1.440046 0.316191 0.551980 1.894774 0.241255 0.506498 0.266470 0.705718 0.783902 0.466032 1.807187 0.437484 1.214260 1.270343 1.719748 0.984520 0.691108 1.719530 1.439294 0.323818 1.881485 1.368521 0.334050 0.275759 1.675853 0.568036 1.597212 0.320918 0.000000 0.357836 0.849235 0.046320 1.616288 0.307166 0.748572 1.729769
1.747201 1.252799 0.252799 0.747201 1.736617 1.014781 0.112946 1.358262 1.910229 1.797882 0.674027 0.909816 1.536938 0.599091 0.148662 0.091366 0.347882 0.426066 0.108196 1.834977 0.795320 1.572096 1.628179 1.361912 1.342357 1.048944 1.922634 1.797130 0.681654 1.760679 1.010685 0.691887 0.082077 1.966311 0.210200 1.239376 0.036918 0.357836 0.000000 0.491399 0.311516 1.258452 0.665002 0.390736 1.371932
1.255803 1.744197 0.744197 0.255803 1.771984 1.506179 0.604345 0.866864 1.598372 1.710719 1.165426 1.401214 1.045539 1.090490 0.342737 0.582765 0.143517 0.065333 0.383203 1.343578 1.286719 1.936505 1.880423 0.870513 1.833755 1.540343 1.431235 1.711472 1.173053 1.269281 0.519286 1.183285 0.573476 1.474912 0.281199 0.747977 0.528317 0.849235 0.491399 0.000000 0.802915 0.767053 1.156401 0.100663 0.880534
1.941282 0.941282 0.058718 1.058718 1.425101 0.703264 0.198570 1.669779 1.598712 1.486366 0.362510 0.598299 1.848454 0.287575 0.460178 0.220150 0.659398 0.737582 0.419713 1.853507 0.483803 1.260580 1.316662 1.673428 1.030840 0.737428 1.765850 1.485613 0.370137 1.927804 1.322201 0.380370 0.229439 1.722173 0.521716 1.550892 0.274598 0.046320 0.311516 0.802915 0.000000 1.569969 0.353486 0.702252 1.683449
0.488749 1.488749 1.511251 0.511251 1.004931 1.726767 1.371398 0.099810 0.831319 0.943666 1.932479 1.831732 0.278485 1.857543 1.109790 1.349818 0.910570 0.832386 1.150256 0.576524 1.946228 1.169451 1.113369 0.103460 1.399191 1.692604 0.664182 0.944418 1.940106 0.502227 0.247767 1.950339 1.340529 0.707859 1.048252 0.019076 1.295370 1.616288 1.258452 0.767053 1.569969 0.000000 1.923455 0.867716 0.113480
1.587796 0.587796 0.412204 1.412204 1.071615 0.349778 0.552056 1.976735 1.245226 1.132880 0.009024 0.244813 1.798060 0.065911 0.813664 0.573636 1.012884 1.091068 0.773199 1.500021 0.130317 0.907094 0.963176 1.973086 0.677354 0.383942 1.412364 1.132127 0.016651 1.574318 1.675687 0.026884 0.582925 1.368687 0.875202 1.904378 0.628085 0.307166 0.665002 1.156401 0.353486 1.923455 0.000000 1.055738 1.963065
1.356466 1.643534 0.643534 0.356466 1.872647 1.405516 0.503682 0.967526 1.699035 1.811382 1.064763 1.300551 1.146202 0.989827 0.242074 0.482102 0.042854 0.035330 0.282540 1.444241 1.186056 1.962832 1.981086 0.971176 1.733092 1.439680 1.531898 1.812135 1.072390 1.369944 0.619949 1.082622 0.472813 1.575575 0.180536 0.848640 0.427654 0.748572 0.390736 0.100663 0.702252 0.867716 1.055738 0.000000 0.981197
0.375269 1.375269 1.624731 0.624731 0.891450 1.613287 1.484878 0.013670 0.717839 0.830186 1.954041 1.718252 0.165005 1.971024 1.223271 1.463299 1.024051 0.945866 1.263736 0.463044 1.832748 1.055971 0.999889 0.010021 1.285711 1.579123 0.550701 0.830938 1.946414 0.388747 0.361248 1.936181 1.454010 0.594378 1.161732 0.132556 1.408850 1.729769 1.371932 0.880534 1.683449 0.113480 1.963065 0.981197 0.000000
