10
0.000000 1.000000 2.000000 1.000000 1.438414 1.412117 1.295496 0.075998 1.696205 0.457004
1.000000 0.000000 1.000000 2.000000 1.561586 1.587883 1.704504 0.924002 0.696205 1.457004
2.000000 1.000000 0.000000 1.000000 0.561586 0.587883 0.704504 1.924002 0.303795 1.542996
1.000000 2.000000 1.000000 0.000000 0.438414 0.412117 0.295496 1.075998 1.303795 0.542996
1.438414 1.561586 0.561586 0.438414 0.000000 0.026297 0.142919 1.514412 0.865380 0.981410
1.412117 1.587883 0.587883 0.412117 0.026297 0.000000 0.116621 1.488115 0.891678 0.955113
1.295496 1.704504 0.704504 0.295496 0.142919 0.116621 0.000000 1.371493 1.008299 0.838492
0.075998 0.924002 1.924002 1.075998 1.514412 1.488115 1.371493 0.000000 1.620208 0.533002
1.696205 0.696205 0.303795 1.303795 0.865380 0.891678 1.008299 1.620208 0.000000 1.846791
0.457004 1.457004 1.542996 0.542996 0.981410 0.955113 0.838492 0.533002 1.846791 0.000000
