45
0.000000 1.000000 2.000000 1.000000 0.724390 1.309478 0.825854 0.509765 1.234399 0.447178 1.291667 0.080833 1.088472 0.848187 0.386554 1.360288 1.714753 0.669850 0.026028 1.570441 0.732267 1.410934 1.267366 0.036154 1.225026 1.584416 0.728304 1.652643 0.836743 1.321379 1.538179 0.282848 0.936898 1.307260 0.749543 0.464314 0.113790 0.189935 1.068912 0.691792 1.460067 1.585454 0.342303 0.596050 1.109080
1.000000 0.000000 1.000000 2.000000 0.275610 0.309478 1.825854 1.509765 1.765601 1.447178 1.708333 1.080833 0.088472 0.151813 1.386554 0.360288 0.714753 0.330150 1.026028 1.429559 0.267733 1.589066 0.267366 0.963846 0.225026 1.415584 0.271696 0.652643 1.836743 0.321379 0.538179 0.717152 1.936898 1.692740 0.250457 0.535686 0.886210 1.189935 1.931088 0.308208 1.539933 1.414546 0.657697 0.403950 1.890920
2.000000 1.000000 0.000000 1.000000 1.275610 0.690522 1.174146 1.490235 0.765601 1.552822 0.708333 1.919167 0.911528 1.151813 1.613446 0.639712 0.285247 1.330150 1.973972 0.429559 1.267733 0.589066 0.732634 1.963846 0.774974 0.415584 1.271696 0.347357 1.163257 0.678621 0.461821 1.717152 1.063102 0.692740 1.250457 1.535686 1.886210 1.810065 0.931088 1.308208 0.539933 0.414546 1.657697 1.403950 0.890920
1.000000 2.000000 1.000000 0.000000 1.724390 1.690522 0.174146 0.490235 0.234399 0.552822 0.291667 0.919167 1.911528 1.848187 0.613446 1.639712 1.285247 1.669850 0.973972 0.570441 1.732267 0.410934 1.732634 1.036154 1.774974 0.584416 1.728304 1.347357 0.163257 1.678621 1.461821 1.282848 0.063102 0.307260 1.749543 1.464314 1.113790 0.810065 0.068912 1.691792 0.460067 0.585454 1.342303 1.596050 0.109080
0.724390 0.275610 1.275610 1.724390 0.000000 0.585088 1.550244 1.234154 1.958788 1.171568 1.983943 0.805222 0.364082 0.123797 1.110944 0.635898 0.990363 0.054540 0.750417 1.705169 0.007878 1.864676 0.542976 0.688236 0.500637 1.691194 0.003914 0.928253 1.561133 0.596990 0.813789 0.441541 1.661287 1.968350 0.025153 0.260076 0.610600 0.914325 1.793302 0.032597 1.815544 1.690156 0.382087 0.128340 1.833470
1.309478 0.309478 0.690522 1.690522 0.585088 0.000000 1.864668 1.819243 1.456123 1.756656 1.398855 1.390310 0.221006 0.461291 1.696032 0.050810 0.405275 0.639628 1.335505 1.120081 0.577210 1.279588 0.042112 1.273324 0.084451 1.106106 0.581174 0.343165 1.853779 0.011902 0.228701 1.026630 1.753625 1.383262 0.559935 0.845164 1.195688 1.499413 1.621610 0.617685 1.230456 1.105068 0.967175 0.713428 1.581442
0.825854 1.825854 1.174146 0.174146 1.550244 1.864668 0.000000 0.316089 0.408545 0.378676 0.465814 0.745021 1.914326 1.674041 0.439300 1.813858 1.459393 1.495704 0.799826 0.744587 1.558121 0.585080 1.906780 0.862008 1.949120 0.758562 1.554158 1.521504 0.010889 1.852767 1.635967 1.108702 0.111044 0.481406 1.575397 1.290168 0.939644 0.635919 0.243058 1.517646 0.634213 0.759600 1.168157 1.421904 0.283226
0.509765 1.509765 1.490235 0.490235 1.234154 1.819243 0.316089 0.000000 0.724634 0.062587 0.781903 0.428932 1.598237 1.357952 0.123211 1.870053 1.775482 1.179615 0.483737 1.060677 1.242032 0.901170 1.777131 0.545919 1.734791 1.074651 1.238069 1.837593 0.326978 1.831144 1.952056 0.792613 0.427133 0.797495 1.259308 0.974079 0.623555 0.319830 0.559148 1.201557 0.950302 1.075689 0.852068 1.105815 0.599315
1.234399 1.765601 0.765601 0.234399 1.958788 1.456123 0.408545 0.724634 0.000000 0.787221 0.057269 1.153566 1.677129 1.917414 0.847845 1.405313 1.050848 1.904248 1.208371 0.336043 1.966666 0.176536 1.498236 1.270552 1.540575 0.350017 1.962703 1.112959 0.397656 1.444222 1.227422 1.517247 0.297501 0.072861 1.983942 1.698713 1.348189 1.044464 0.165486 1.926191 0.225668 0.351056 1.576701 1.830448 0.125319
0.447178 1.447178 1.552822 0.552822 1.171568 1.756656 0.378676 0.062587 0.787221 0.000000 0.844489 0.366345 1.535650 1.295365 0.060624 1.807466 1.838069 1.117028 0.421150 1.123263 1.179446 0.963756 1.714544 0.483332 1.672204 1.137238 1.175482 1.900179 0.389565 1.768557 1.985357 0.730026 0.489719 0.860082 1.196721 0.911492 0.560968 0.257243 0.621734 1.138970 1.012889 1.138276 0.789481 1.043228 0.661902
1.291667 1.708333 0.708333 0.291667 1.983943 1.398855 0.465814 0.781903 0.057269 0.844489 0.000000 1.210835 1.619861 1.860145 0.905113 1.348044 0.993580 1.961517 1.265640 0.278774 1.976065 0.119267 1.440967 1.327821 1.483306 0.292749 1.980029 1.055690 0.454924 1.386953 1.170154 1.574516 0.354770 0.015593 1.958790 1.755981 1.405458 1.101732 0.222755 1.983460 0.168399 0.293787 1.633970 1.887717 0.182587
0.080833 1.080833 1.919167 0.919167 0.805222 1.390310 0.745021 0.428932 1.153566 0.366345 1.210835 0.000000 1.169305 0.929020 0.305721 1.441121 1.795585 0.750682 0.054805 1.489609 0.813100 1.330102 1.348198 0.116986 1.305859 1.503584 0.809137 1.733475 0.755910 1.402212 1.619012 0.363681 0.856065 1.226428 0.830376 0.545147 0.194623 0.109102 0.988080 0.772625 1.379234 1.504622 0.423135 0.676882 1.028247
1.088472 0.088472 0.911528 1.911528 0.364082 0.221006 1.914326 1.598237 1.677129 1.535650 1.619861 1.169305 0.000000 0.240285 1.475026 0.271816 0.626281 0.418622 1.114500 1.341087 0.356205 1.500594 0.178894 1.052318 0.136554 1.327112 0.360168 0.564171 1.925215 0.232907 0.449707 0.805624 1.974630 1.604268 0.338929 0.624158 0.974682 1.278407 1.842616 0.396680 1.451461 1.326074 0.746169 0.492422 1.802448
0.848187 0.151813 1.151813 1.848187 0.123797 0.461291 1.674041 1.357952 1.917414 1.295365 1.860145 0.929020 0.240285 0.000000 1.234741 0.512101 0.866566 0.178337 0.874215 1.581372 0.115920 1.740878 0.419179 0.812033 0.376839 1.567397 0.119883 0.804455 1.684930 0.473192 0.689992 0.565339 1.785085 1.844553 0.098644 0.383873 0.734397 1.038122 1.917099 0.156395 1.691746 1.566359 0.505884 0.252137 1.957267
0.386554 1.386554 1.613446 0.613446 1.110944 1.696032 0.439300 0.123211 0.847845 0.060624 0.905113 0.305721 1.475026 1.234741 0.000000 1.746842 1.898693 1.056404 0.360526 1.183887 1.118821 1.024380 1.653920 0.422708 1.611580 1.197862 1.114858 1.960804 0.450189 1.707933 1.924733 0.669402 0.550344 0.920706 1.136097 0.850868 0.500344 0.196619 0.682358 1.078346 1.073513 1.198900 0.728857 0.982604 0.722526
1.360288 0.360288 0.639712 1.639712 0.635898 0.050810 1.813858 1.870053 1.405313 1.807466 1.348044 1.441121 0.271816 0.512101 1.746842 0.000000 0.354465 0.690438 1.386316 1.069271 0.628021 1.228777 0.092922 1.324134 0.135262 1.055296 0.631984 0.292354 1.802969 0.038909 0.177891 1.077440 1.702814 1.332452 0.610745 0.895974 1.246498 1.550223 1.570800 0.668496 1.179645 1.054258 1.017985 0.764238 1.530632
1.714753 0.714753 0.285247 1.285247 0.990363 0.405275 1.459393 1.775482 1.050848 1.838069 0.993580 1.795585 0.626281 0.866566 1.898693 0.354465 0.000000 1.044903 1.740781 0.714806 0.982485 0.874313 0.447387 1.678599 0.489726 0.700831 0.986449 0.062110 1.448504 0.393374 0.176574 1.431905 1.348350 0.977987 0.965210 1.250439 1.600963 1.904688 1.216335 1.022961 0.825180 0.699793 1.372450 1.118703 1.176167
0.669850 0.330150 1.330150 1.669850 0.054540 0.639628 1.495704 1.179615 1.904248 1.117028 1.961517 0.750682 0.418622 0.178337 1.056404 0.690438 1.044903 0.000000 0.695877 1.759709 0.062418 1.919216 0.597516 0.633696 0.555177 1.745734 0.058454 0.982793 1.506593 0.651530 0.868329 0.387002 1.606747 1.977110 0.079693 0.205536 0.556060 0.859785 1.738762 0.021943 1.870084 1.744696 0.327547 0.073800 1.778930
0.026028 1.026028 1.973972 0.973972 0.750417 1.335505 0.799826 0.483737 1.208371 0.421150 1.265640 0.054805 1.114500 0.874215 0.360526 1.386316 1.740781 0.695877 0.000000 1.544414 0.758295 1.384907 1.293393 0.062181 1.251054 1.558389 0.754332 1.678670 0.810715 1.347407 1.564207 0.308876 0.910870 1.281233 0.775571 0.490342 0.139818 0.163907 1.042885 0.717820 1.434039 1.559427 0.368330 0.622077 1.083052
1.570441 1.429559 0.429559 0.570441 1.705169 1.120081 0.744587 1.060677 0.336043 1.123263 0.278774 1.489609 1.341087 1.581372 1.183887 1.069271 0.714806 1.759709 1.544414 0.000000 1.697291 0.159507 1.162193 1.606595 1.204532 0.013975 1.701255 0.776916 0.733698 1.108179 0.891380 1.853290 0.633544 0.263181 1.680016 1.965245 1.684231 1.380506 0.501529 1.737766 0.110375 0.015013 1.912744 1.833509 0.461361
0.732267 0.267733 1.267733 1.732267 0.007878 0.577210 1.558121 1.242032 1.966666 1.179446 1.976065 0.813100 0.356205 0.115920 1.118821 0.628021 0.982485 0.062418 0.758295 1.697291 0.000000 1.856798 0.535098 0.696114 0.492759 1.683316 0.003963 0.920375 1.569010 0.589112 0.805911 0.449419 1.669165 1.960472 0.017276 0.267954 0.618477 0.922202 1.801180 0.040475 1.807666 1.682278 0.389965 0.136218 1.841348
1.410934 1.589066 0.589066 0.410934 1.864676 1.279588 0.585080 0.901170 0.176536 0.963756 0.119267 1.330102 1.500594 1.740878 1.024380 1.228777 0.874313 1.919216 1.384907 0.159507 1.856798 0.000000 1.321700 1.447088 1.364039 0.173482 1.860762 0.936423 0.574191 1.267686 1.050887 1.693783 0.474037 0.103674 1.839523 1.875248 1.524724 1.220999 0.342022 1.897273 0.049132 0.174520 1.753237 1.993016 0.301854
1.267366 0.267366 0.732634 1.732634 0.542976 0.042112 1.906780 1.777131 1.498236 1.714544 1.440967 1.348198 0.178894 0.419179 1.653920 0.092922 0.447387 0.597516 1.293393 1.162193 0.535098 1.321700 0.000000 1.231212 0.042339 1.148218 0.539062 0.385277 1.895891 0.054014 0.270813 0.984517 1.795737 1.425374 0.517823 0.803052 1.153576 1.457301 1.663722 0.575573 1.272568 1.147180 0.925063 0.671316 1.623554
0.036154 0.963846 1.963846 1.036154 0.688236 1.273324 0.862008 0.545919 1.270552 0.483332 1.327821 0.116986 1.052318 0.812033 0.422708 1.324134 1.678599 0.633696 0.062181 1.606595 0.696114 1.447088 1.231212 0.000000 1.188873 1.620570 0.692150 1.616489 0.872897 1.285226 1.502025 0.246694 0.973051 1.343414 0.713389 0.428160 0.077636 0.226089 1.105066 0.655639 1.496220 1.621608 0.306149 0.559896 1.145234
1.225026 0.225026 0.774974 1.774974 0.500637 0.084451 1.949120 1.734791 1.540575 1.672204 1.483306 1.305859 0.136554 0.376839 1.611580 0.135262 0.489726 0.555177 1.251054 1.204532 0.492759 1.364039 0.042339 1.188873 0.000000 1.190557 0.496722 0.427616 1.938231 0.096353 0.313153 0.942178 1.838076 1.467713 0.475483 0.760712 1.111236 1.414961 1.706061 0.533234 1.314907 1.189519 0.882724 0.628977 1.665893
1.584416 1.415584 0.415584 0.584416 1.691194 1.106106 0.758562 1.074651 0.350017 1.137238 0.292749 1.503584 1.327112 1.567397 1.197862 1.055296 0.700831 1.745734 1.558389 0.013975 1.683316 0.173482 1.148218 1.620570 1.190557 0.000000 1.687280 0.762941 0.747673 1.094204 0.877405 1.867264 0.647519 0.277156 1.666041 1.951270 1.698206 1.394481 0.515504 1.723791 0.124350 0.001038 1.926719 1.819534 0.475336
0.728304 0.271696 1.271696 1.728304 0.003914 0.581174 1.554158 1.238069 1.962703 1.175482 1.980029 0.809137 0.360168 0.119883 1.114858 0.631984 0.986449 0.058454 0.754332 1.701255 0.003963 1.860762 0.539062 0.692150 0.496722 1.687280 0.000000 0.924339 1.565047 0.593075 0.809875 0.445456 1.665202 1.964436 0.021239 0.263990 0.614514 0.918239 1.797216 0.036512 1.811629 1.686242 0.386001 0.132254 1.837384
1.652643 0.652643 0.347357 1.347357 0.928253 0.343165 1.521504 1.837593 1.112959 1.900179 1.055690 1.733475 0.564171 0.804455 1.960804 0.292354 0.062110 0.982793 1.678670 0.776916 0.920375 0.936423 0.385277 1.616489 0.427616 0.762941 0.924339 0.000000 1.510614 0.331263 0.114464 1.369794 1.410460 1.040097 0.903100 1.188329 1.538852 1.842578 1.278445 0.960850 0.887291 0.761903 1.310340 1.056593 1.238277
0.836743 1.836743 1.163257 0.163257 1.561133 1.853779 0.010889 0.326978 0.397656 0.389565 0.454924 0.755910 1.925215 1.684930 0.450189 1.802969 1.448504 1.506593 0.810715 0.733698 1.569010 0.574191 1.895891 0.872897 1.938231 0.747673 1.565047 1.510614 0.000000 1.841878 1.625078 1.119591 0.100155 0.470517 1.586286 1.301057 0.950533 0.646808 0.232169 1.528535 0.623324 0.748711 1.179046 1.432793 0.272337
1.321379 0.321379 0.678621 1.678621 0.596990 0.011902 1.852767 1.831144 1.444222 1.768557 1.386953 1.402212 0.232907 0.473192 1.707933 0.038909 0.393374 0.651530 1.347407 1.108179 0.589112 1.267686 0.054014 1.285226 0.096353 1.094204 0.593075 0.331263 1.841878 0.000000 0.216800 1.038531 1.741723 1.371360 0.571836 0.857065 1.207589 1.511314 1.609708 0.629587 1.218554 1.093166 0.979077 0.725330 1.569541
1.538179 0.538179 0.461821 1.461821 0.813789 0.228701 1.635967 1.952056 1.227422 1.985357 1.170154 1.619012 0.449707 0.689992 1.924733 0.177891 0.176574 0.868329 1.564207 0.891380 0.805911 1.050887 0.270813 1.502025 0.313153 0.877405 0.809875 0.114464 1.625078 0.216800 0.000000 1.255331 1.524923 1.154561 0.788636 1.073865 1.424389 1.728114 1.392909 0.846387 1.001754 0.876367 1.195876 0.942129 1.352741
0.282848 0.717152 1.717152 1.282848 0.441541 1.026630 1.108702 0.792613 1.517247 0.730026 1.574516 0.363681 0.805624 0.565339 0.669402 1.077440 1.431905 0.387002 0.308876 1.853290 0.449419 1.693783 0.984517 0.246694 0.942178 1.867264 0.445456 1.369794 1.119591 1.038531 1.255331 0.000000 1.219746 1.590108 0.466695 0.181466 0.169058 0.472783 1.351761 0.408944 1.742915 1.868302 0.059454 0.313202 1.391928
0.936898 1.936898 1.063102 0.063102 1.661287 1.753625 0.111044 0.427133 0.297501 0.489719 0.354770 0.856065 1.974630 1.785085 0.550344 1.702814 1.348350 1.606747 0.910870 0.633544 1.669165 0.474037 1.795737 0.973051 1.838076 0.647519 1.665202 1.410460 0.100155 1.741723 1.524923 1.219746 0.000000 0.370363 1.686441 1.401211 1.050688 0.746963 0.132015 1.628690 0.523169 0.648557 1.279200 1.532947 0.172183
1.307260 1.692740 0.692740 0.307260 1.968350 1.383262 0.481406 0.797495 0.072861 0.860082 0.015593 1.226428 1.604268 1.844553 0.920706 1.332452 0.977987 1.977110 1.281233 0.263181 1.960472 0.103674 1.425374 1.343414 1.467713 0.277156 1.964436 1.040097 0.470517 1.371360 1.154561 1.590108 0.370363 0.000000 1.943197 1.771574 1.421050 1.117325 0.238348 1.999053 0.152806 0.278194 1.649563 1.903310 0.198180
0.749543 0.250457 1.250457 1.749543 0.025153 0.559935 1.575397 1.259308 1.983942 1.196721 1.958790 0.830376 0.338929 0.098644 1.136097 0.610745 0.965210 0.079693 0.775571 1.680016 0.017276 1.839523 0.517823 0.713389 0.475483 1.666041 0.021239 0.903100 1.586286 0.571836 0.788636 0.466695 1.686441 1.943197 0.000000 0.285229 0.635753 0.939478 1.818455 0.057751 1.790390 1.665003 0.407240 0.153493 1.858623
0.464314 0.535686 1.535686 1.464314 0.260076 0.845164 1.290168 0.974079 1.698713 0.911492 1.755981 0.545147 0.624158 0.383873 0.850868 0.895974 1.250439 0.205536 0.490342 1.965245 0.267954 1.875248 0.803052 0.428160 0.760712 1.951270 0.263990 1.188329 1.301057 0.857065 1.073865 0.181466 1.401211 1.771574 0.285229 0.000000 0.350524 0.654249 1.533226 0.227478 1.924381 1.950232 0.122011 0.131736 1.573394
0.113790 0.886210 1.886210 1.113790 0.610600 1.195688 0.939644 0.623555 1.348189 0.560968 1.405458 0.194623 0.974682 0.734397 0.500344 1.246498 1.600963 0.556060 0.139818 1.684231 0.618477 1.524724 1.153576 0.077636 1.111236 1.698206 0.614514 1.538852 0.950533 1.207589 1.424389 0.169058 1.050688 1.421050 0.635753 0.350524 0.000000 0.303725 1.182702 0.578002 1.573857 1.699244 0.228513 0.482260 1.222870
0.189935 1.189935 1.810065 0.810065 0.914325 1.499413 0.635919 0.319830 1.044464 0.257243 1.101732 0.109102 1.278407 1.038122 0.196619 1.550223 1.904688 0.859785 0.163907 1.380506 0.922202 1.220999 1.457301 0.226089 1.414961 1.394481 0.918239 1.842578 0.646808 1.511314 1.728114 0.472783 0.746963 1.117325 0.939478 0.654249 0.303725 0.000000 0.878977 0.881727 1.270132 1.395519 0.532238 0.785985 0.919145
1.068912 1.931088 0.931088 0.068912 1.793302 1.621610 0.243058 0.559148 0.165486 0.621734 0.222755 0.988080 1.842616 1.917099 0.682358 1.570800 1.216335 1.738762 1.042885 0.501529 1.801180 0.342022 1.663722 1.105066 1.706061 0.515504 1.797216 1.278445 0.232169 1.609708 1.392909 1.351761 0.132015 0.238348 1.818455 1.533226 1.182702 0.878977 0.000000 1.760705 0.391154 0.516542 1.411215 1.664962 0.040168
0.691792 0.308208 1.308208 1.691792 0.032597 0.617685 1.517646 1.201557 1.926191 1.138970 1.983460 0.772625 0.396680 0.156395 1.078346 0.668496 1.022961 0.021943 0.717820 1.737766 0.040475 1.897273 0.575573 0.655639 0.533234 1.723791 0.036512 0.960850 1.528535 0.629587 0.846387 0.408944 1.628690 1.999053 0.057751 0.227478 0.578002 0.881727 1.760705 0.000000 1.848141 1.722753 0.349490 0.095743 1.800872
1.460067 1.539933 0.539933 0.460067 1.815544 1.230456 0.634213 0.950302 0.225668 1.012889 0.168399 1.379234 1.451461 1.691746 1.073513 1.179645 0.825180 1.870084 1.434039 0.110375 1.807666 0.049132 1.272568 1.496220 1.314907 0.124350 1.811629 0.887291 0.623324 1.218554 1.001754 1.742915 0.523169 0.152806 1.790390 1.924381 1.573857 1.270132 0.391154 1.848141 0.000000 0.125388 1.802369 1.943884 0.350987
1.585454 1.414546 0.414546 0.585454 1.690156 1.105068 0.759600 1.075689 0.351056 1.138276 0.293787 1.504622 1.326074 1.566359 1.198900 1.054258 0.699793 1.744696 1.559427 0.015013 1.682278 0.174520 1.147180 1.621608 1.189519 0.001038 1.686242 0.761903 0.748711 1.093166 0.876367 1.868302 0.648557 0.278194 1.665003 1.950232 1.699244 1.395519 0.516542 1.722753 0.125388 0.000000 1.927757 1.818496 0.476374
0.342303 0.657697 1.657697 1.342303 0.382087 0.967175 1.168157 0.852068 1.576701 0.789481 1.633970 0.423135 0.746169 0.505884 0.728857 1.017985 1.372450 0.327547 0.368330 1.912744 0.389965 1.753237 0.925063 0.306149 0.882724 1.926719 0.386001 1.310340 1.179046 0.979077 1.195876 0.059454 1.279200 1.649563 0.407240 0.122011 0.228513 0.532238 1.411215 0.349490 1.802369 1.927757 0.000000 0.253747 1.451383
0.596050 0.403950 1.403950 1.596050 0.128340 0.713428 1.421904 1.105815 1.830448 1.043228 1.887717 0.676882 0.492422 0.252137 0.982604 0.764238 1.118703 0.073800 0.622077 1.833509 0.136218 1.993016 0.671316 0.559896 0.628977 1.819534 0.132254 1.056593 1.432793 0.725330 0.942129 0.313202 1.532947 1.903310 0.153493 0.131736 0.482260 0.785985 1.664962 0.095743 1.943884 1.818496 0.253747 0.000000 1.705130
1.109080 1.890920 0.890920 0.109080 1.833470 1.581442 0.283226 0.599315 0.125319 0.661902 0.182587 1.028247 1.802448 1.957267 0.722526 1.530632 1.176167 1.778930 1.083052 0.461361 1.841348 0.301854 1.623554 1.145234 1.665893 0.475336 1.837384 1.238277 0.272337 1.569541 1.352741 1.391928 0.172183 0.198180 1.858623 1.573394 1.222870 0.919145 0.040168 1.800872 0.350987 0.476374 1.451383 1.705130 0.000000
