10
0.000000 1.000000 2.000000 1.000000 1.964673 0.402136 0.163351 0.891303 0.882946 1.354437
1.000000 0.000000 1.000000 2.000000 1.035327 1.402136 0.836649 1.891303 0.117054 0.354437
2.000000 1.000000 0.000000 1.000000 0.035327 1.597864 1.836649 1.108697 1.117054 0.645563
1.000000 2.000000 1.000000 0.000000 0.964673 0.597864 1.163351 0.108697 1.882946 1.645563
1.964673 1.035327 0.035327 0.964673 0.000000 1.562537 1.871976 1.073370 1.152382 0.680890
0.402136 1.402136 1.597864 0.597864 1.562537 0.000000 0.565487 0.489167 1.285081 1.756573
0.163351 0.836649 1.836649 1.163351 1.871976 0.565487 0.000000 1.054654 0.719594 1.191086
0.891303 1.891303 1.108697 0.108697 1.073370 0.489167 1.054654 0.000000 1.774248 1.754260
0.882946 0.117054 1.117054 1.882946 1.152382 1.285081 0.719594 1.774248 0.000000 0.471492
1.354437 0.354437 0.645563 1.645563 0.680890 1.756573 1.191086 1.754260 0.471492 0.000000
