40
0.000000 1.000000 2.000000 1.000000 0.432208 1.042542 0.050235 0.544812 1.087761 0.884573 1.359294 0.110974 0.875978 1.772006 1.391474 1.973580 1.357651 1.975015 1.818561 1.281035 1.992247 0.825848 0.937484 1.177287 1.881361 0.767666 1.982200 1.036402 1.200984 0.013497 1.543505 0.699705 0.329090 0.014437 1.360596 0.180962 1.056140 1.747820 1.247066 0.535508
1.000000 0.000000 1.000000 2.000000 1.432208 1.957458 0.949765 1.544812 0.087761 0.115427 0.359294 0.889026 0.124022 1.227994 0.391474 1.026420 0.357651 0.975015 0.818561 0.281035 1.007753 0.174152 0.062516 0.177287 1.118639 0.232334 1.017800 0.036402 1.799016 1.013497 0.543505 0.300295 0.670910 1.014437 0.360596 0.819038 1.943860 0.747820 0.247066 1.535508
2.000000 1.000000 0.000000 1.000000 1.567792 0.957458 1.949765 1.455188 0.912239 1.115427 0.640706 1.889026 1.124022 0.227994 0.608526 0.026420 0.642349 0.024985 0.181439 0.718965 0.007753 1.174152 1.062516 0.822713 0.118639 1.232334 0.017800 0.963598 0.799016 1.986503 0.456495 1.300295 1.670910 1.985563 0.639404 1.819038 0.943860 0.252180 0.752934 1.464492
1.000000 2.000000 1.000000 0.000000 0.567792 0.042542 1.050235 0.455188 1.912239 1.884573 1.640706 1.110974 1.875978 0.772006 1.608526 0.973580 1.642349 1.024985 1.181439 1.718965 0.992247 1.825848 1.937484 1.822713 0.881361 1.767666 0.982200 1.963598 0.200984 0.986503 1.456495 1.699705 1.329090 0.985563 1.639404 1.180962 0.056140 1.252180 1.752934 0.464492
0.432208 1.432208 1.567792 0.567792 0.000000 0.610334 0.482442 0.112604 1.519969 1.316780 1.791502 0.543182 1.308185 1.339799 1.823681 1.541372 1.789858 1.592777 1.749231 1.713243 1.560039 1.258056 1.369691 1.609495 1.449153 1.199873 1.549993 1.468609 0.768776 0.418711 1.975712 1.131913 0.761298 0.417771 1.792804 0.613169 0.623932 1.819972 1.679274 0.103300
1.042542 1.957458 0.957458 0.042542 0.610334 0.000000 1.092776 0.497730 1.869697 1.927114 1.598164 1.153516 1.918519 0.729465 1.565985 0.931038 1.599808 0.982443 1.138898 1.676423 0.949706 1.868390 1.980025 1.780171 0.838819 1.810207 0.939659 1.921057 0.158442 1.029045 1.413954 1.742247 1.371632 1.028105 1.596862 1.223503 0.013598 1.209638 1.710392 0.507034
0.050235 0.949765 1.949765 1.050235 0.482442 1.092776 0.000000 0.595046 1.037527 0.834338 1.309059 0.060740 0.825743 1.822241 1.341239 1.976186 1.307416 1.924781 1.768326 1.230801 1.957518 0.775614 0.887249 1.127053 1.931596 0.717431 1.967565 0.986167 1.251218 0.063731 1.493270 0.649471 0.278855 0.064672 1.310362 0.130727 1.106375 1.697585 1.196831 0.585742
0.544812 1.544812 1.455188 0.455188 0.112604 0.497730 0.595046 0.000000 1.632573 1.429384 1.904106 0.655786 1.420790 1.227194 1.936285 1.428768 1.902462 1.480173 1.636627 1.825847 1.447435 1.370660 1.482295 1.722099 1.336549 1.312478 1.437389 1.581213 0.656172 0.531315 1.911683 1.244517 0.873902 0.530375 1.905408 0.725774 0.511328 1.707368 1.791878 0.009304
1.087761 0.087761 0.912239 1.912239 1.519969 1.869697 1.037527 1.632573 0.000000 0.203189 0.271533 0.976787 0.211783 1.140232 0.303712 0.938659 0.269889 0.887254 0.730800 0.193274 0.919992 0.261913 0.150278 0.089526 1.030878 0.320095 0.930038 0.051360 1.711255 1.101258 0.455744 0.388056 0.758671 1.102198 0.272835 0.906799 1.856099 0.660059 0.159305 1.623269
0.884573 0.115427 1.115427 1.884573 1.316780 1.927114 0.834338 1.429384 0.203189 0.000000 0.474721 0.773598 0.008595 1.343421 0.506901 1.141848 0.473078 1.090443 0.933988 0.396463 1.123180 0.058724 0.052911 0.292715 1.234066 0.116907 1.133227 0.151829 1.914444 0.898069 0.658932 0.184867 0.555483 0.899010 0.476024 0.703611 1.940713 0.863247 0.362493 1.420080
1.359294 0.359294 0.640706 1.640706 1.791502 1.598164 1.309059 1.904106 0.271533 0.474721 0.000000 1.248320 0.483316 0.868700 0.032180 0.667126 0.001643 0.615721 0.459267 0.078259 0.648459 0.533446 0.421810 0.182007 0.759345 0.591628 0.658506 0.322892 1.439722 1.372791 0.184211 0.659589 1.030204 1.373731 0.001302 1.178332 1.584566 0.388526 0.112228 1.894802
0.110974 0.889026 1.889026 1.110974 0.543182 1.153516 0.060740 0.655786 0.976787 0.773598 1.248320 0.000000 0.765004 1.882981 1.280499 1.915446 1.246676 1.864041 1.707587 1.170061 1.896779 0.714874 0.826509 1.066313 1.992335 0.656691 1.906825 0.925427 1.311958 0.124471 1.432530 0.588731 0.218116 0.125411 1.249622 0.069987 1.167114 1.636846 1.136092 0.646482
0.875978 0.124022 1.124022 1.875978 1.308185 1.918519 0.825743 1.420790 0.211783 0.008595 0.483316 0.765004 0.000000 1.352016 0.515496 1.150443 0.481673 1.099037 0.942583 0.405058 1.131775 0.050129 0.061506 0.301310 1.242661 0.108312 1.141822 0.160424 1.923039 0.889474 0.667527 0.176272 0.546888 0.890415 0.484619 0.695016 1.932118 0.871842 0.371088 1.411486
1.772006 1.227994 0.227994 0.772006 1.339799 0.729465 1.822241 1.227194 1.140232 1.343421 0.868700 1.882981 1.352016 0.000000 0.836520 0.201573 0.870343 0.252979 0.409433 0.946958 0.220241 1.402145 1.290510 1.050706 0.109355 1.460328 0.210194 1.191592 0.571023 1.758510 0.684489 1.528288 1.898904 1.757569 0.867397 1.952968 0.715866 0.480174 0.980928 1.236499
1.391474 0.391474 0.608526 1.608526 1.823681 1.565985 1.341239 1.936285 0.303712 0.506901 0.032180 1.280499 0.515496 0.836520 0.000000 0.634947 0.033823 0.583542 0.427087 0.110438 0.616279 0.565625 0.453990 0.214186 0.727165 0.623808 0.626326 0.355072 1.407543 1.404970 0.152031 0.691768 1.062384 1.405911 0.030877 1.210512 1.552386 0.356346 0.144408 1.926981
1.973580 1.026420 0.026420 0.973580 1.541372 0.931038 1.976186 1.428768 0.938659 1.141848 0.667126 1.915446 1.150443 0.201573 0.634947 0.000000 0.668770 0.051405 0.207859 0.745385 0.018667 1.200572 1.088937 0.849133 0.092219 1.258755 0.008621 0.990019 0.772596 1.960083 0.482916 1.326715 1.697330 1.959143 0.665824 1.845459 0.917440 0.278600 0.779354 1.438072
1.357651 0.357651 0.642349 1.642349 1.789858 1.599808 1.307416 1.902462 0.269889 0.473078 0.001643 1.246676 0.481673 0.870343 0.033823 0.668770 0.000000 0.617365 0.460910 0.076615 0.650102 0.531802 0.420167 0.180363 0.760988 0.589985 0.660149 0.321249 1.441366 1.371147 0.185854 0.657945 1.028561 1.372088 0.002946 1.176689 1.586209 0.390170 0.110584 1.893158
1.975015 0.975015 0.024985 1.024985 1.592777 0.982443 1.924781 1.480173 0.887254 1.090443 0.615721 1.864041 1.099037 0.252979 0.583542 0.051405 0.617365 0.000000 0.156454 0.693980 0.032738 1.149167 1.037532 0.797728 0.143624 1.207349 0.042784 0.938614 0.824001 1.988512 0.431510 1.275310 1.645925 1.989452 0.614419 1.794053 0.968845 0.227195 0.727949 1.489477
1.818561 0.818561 0.181439 1.181439 1.749231 1.138898 1.768326 1.636627 0.730800 0.933988 0.459267 1.707587 0.942583 0.409433 0.427087 0.207859 0.460910 0.156454 0.000000 0.537525 0.189192 0.992712 0.881077 0.641274 0.300078 1.050895 0.199239 0.782159 0.980456 1.832057 0.275056 1.118856 1.489471 1.832998 0.457964 1.637599 1.125299 0.070741 0.571495 1.645931
1.281035 0.281035 0.718965 1.718965 1.713243 1.676423 1.230801 1.825847 0.193274 0.396463 0.078259 1.170061 0.405058 0.946958 0.110438 0.745385 0.076615 0.693980 0.537525 0.000000 0.726717 0.455187 0.343552 0.103748 0.837604 0.513370 0.736764 0.244634 1.517981 1.294532 0.262469 0.581330 0.951946 1.295472 0.079561 1.100074 1.662825 0.466785 0.033969 1.816543
1.992247 1.007753 0.007753 0.992247 1.560039 0.949706 1.957518 1.447435 0.919992 1.123180 0.648459 1.896779 1.131775 0.220241 0.616279 0.018667 0.650102 0.032738 0.189192 0.726717 0.000000 1.181904 1.070269 0.830465 0.110886 1.240087 0.010047 0.971351 0.791264 1.978751 0.464248 1.308048 1.678663 1.977810 0.647156 1.826791 0.936107 0.259933 0.760687 1.456739
0.825848 0.174152 1.174152 1.825848 1.258056 1.868390 0.775614 1.370660 0.261913 0.058724 0.533446 0.714874 0.050129 1.402145 0.565625 1.200572 0.531802 1.149167 0.992712 0.455187 1.181904 0.000000 0.111635 0.351439 1.292791 0.058183 1.191951 0.210553 1.973168 0.839345 0.717656 0.126143 0.496759 0.840285 0.534748 0.644887 1.881988 0.921972 0.421218 1.361356
0.937484 0.062516 1.062516 1.937484 1.369691 1.980025 0.887249 1.482295 0.150278 0.052911 0.421810 0.826509 0.061506 1.290510 0.453990 1.088937 0.420167 1.037532 0.881077 0.343552 1.070269 0.111635 0.000000 0.239804 1.181155 0.169818 1.080316 0.098918 1.861533 0.950980 0.606021 0.237778 0.608394 0.951921 0.423113 0.756522 1.993624 0.810337 0.309583 1.472991
1.177287 0.177287 0.822713 1.822713 1.609495 1.780171 1.127053 1.722099 0.089526 0.292715 0.182007 1.066313 0.301310 1.050706 0.214186 0.849133 0.180363 0.797728 0.641274 0.103748 0.830465 0.351439 0.239804 0.000000 0.941352 0.409622 0.840512 0.140886 1.621729 1.190784 0.366217 0.477582 0.848197 1.191724 0.183309 0.996326 1.766573 0.570533 0.069779 1.712795
1.881361 1.118639 0.118639 0.881361 1.449153 0.838819 1.931596 1.336549 1.030878 1.234066 0.759345 1.992335 1.242661 0.109355 0.727165 0.092219 0.760988 0.143624 0.300078 0.837604 0.110886 1.292791 1.181155 0.941352 0.000000 1.350973 0.100840 1.082237 0.680377 1.867864 0.575134 1.418934 1.789549 1.866924 0.758043 1.937677 0.825221 0.370819 0.871573 1.345853
0.767666 0.232334 1.232334 1.767666 1.199873 1.810207 0.717431 1.312478 0.320095 0.116907 0.591628 0.656691 0.108312 1.460328 0.623808 1.258755 0.589985 1.207349 1.050895 0.513370 1.240087 0.058183 0.169818 0.409622 1.350973 0.000000 1.250134 0.268736 1.968649 0.781162 0.775839 0.067960 0.438576 0.782103 0.592931 0.586704 1.823806 0.980154 0.479400 1.303173
1.982200 1.017800 0.017800 0.982200 1.549993 0.939659 1.967565 1.437389 0.930038 1.133227 0.658506 1.906825 1.141822 0.210194 0.626326 0.008621 0.660149 0.042784 0.199239 0.736764 0.010047 1.191951 1.080316 0.840512 0.100840 1.250134 0.000000 0.981398 0.781217 1.968704 0.474295 1.318094 1.688710 1.967763 0.657203 1.836838 0.926060 0.269979 0.770733 1.446693
1.036402 0.036402 0.963598 1.963598 1.468609 1.921057 0.986167 1.581213 0.051360 0.151829 0.322892 0.925427 0.160424 1.191592 0.355072 0.990019 0.321249 0.938614 0.782159 0.244634 0.971351 0.210553 0.098918 0.140886 1.082237 0.268736 0.981398 0.000000 1.762615 1.049898 0.507103 0.336696 0.707312 1.050839 0.324195 0.855440 1.907458 0.711419 0.210665 1.571909
1.200984 1.799016 0.799016 0.200984 0.768776 0.158442 1.251218 0.656172 1.711255 1.914444 1.439722 1.311958 1.923039 0.571023 1.407543 0.772596 1.441366 0.824001 0.980456 1.517981 0.791264 1.973168 1.861533 1.621729 0.680377 1.968649 0.781217 1.762615 0.000000 1.187487 1.255512 1.900689 1.530074 1.186547 1.438420 1.381945 0.144844 1.051196 1.551950 0.665476
0.013497 1.013497 1.986503 0.986503 0.418711 1.029045 0.063731 0.531315 1.101258 0.898069 1.372791 0.124471 0.889474 1.758510 1.404970 1.960083 1.371147 1.988512 1.832057 1.294532 1.978751 0.839345 0.950980 1.190784 1.867864 0.781162 1.968704 1.049898 1.187487 0.000000 1.557001 0.713202 0.342587 0.000940 1.374093 0.194458 1.042643 1.761317 1.260563 0.522011
1.543505 0.543505 0.456495 1.456495 1.975712 1.413954 1.493270 1.911683 0.455744 0.658932 0.184211 1.432530 0.667527 0.684489 0.152031 0.482916 0.185854 0.431510 0.275056 0.262469 0.464248 0.717656 0.606021 0.366217 0.575134 0.775839 0.474295 0.507103 1.255512 1.557001 0.000000 0.843799 1.214415 1.557942 0.182908 1.362543 1.400355 0.204315 0.296439 1.920988
0.699705 0.300295 1.300295 1.699705 1.131913 1.742247 0.649471 1.244517 0.388056 0.184867 0.659589 0.588731 0.176272 1.528288 0.691768 1.326715 0.657945 1.275310 1.118856 0.581330 1.308048 0.126143 0.237778 0.477582 1.418934 0.067960 1.318094 0.336696 1.900689 0.713202 0.843799 0.000000 0.370615 0.714142 0.660891 0.518744 1.755845 1.048115 0.547361 1.235213
0.329090 0.670910 1.670910 1.329090 0.761298 1.371632 0.278855 0.873902 0.758671 0.555483 1.030204 0.218116 0.546888 1.898904 1.062384 1.697330 1.028561 1.645925 1.489471 0.951946 1.678663 0.496759 0.608394 0.848197 1.789549 0.438576 1.688710 0.707312 1.530074 0.342587 1.214415 0.370615 0.000000 0.343527 1.031506 0.148128 1.385230 1.418730 0.917976 0.864598
0.014437 1.014437 1.985563 0.985563 0.417771 1.028105 0.064672 0.530375 1.102198 0.899010 1.373731 0.125411 0.890415 1.757569 1.405911 1.959143 1.372088 1.989452 1.832998 1.295472 1.977810 0.840285 0.951921 1.191724 1.866924 0.782103 1.967763 1.050839 1.186547 0.000940 1.557942 0.714142 0.343527 0.000000 1.375033 0.195399 1.041703 1.762257 1.261503 0.521071
1.360596 0.360596 0.639404 1.639404 1.792804 1.596862 1.310362 1.905408 0.272835 0.476024 0.001302 1.249622 0.484619 0.867397 0.030877 0.665824 0.002946 0.614419 0.457964 0.079561 0.647156 0.534748 0.423113 0.183309 0.758043 0.592931 0.657203 0.324195 1.438420 1.374093 0.182908 0.660891 1.031506 1.375033 0.000000 1.179635 1.583264 0.387224 0.113530 1.896104
0.180962 0.819038 1.819038 1.180962 0.613169 1.223503 0.130727 0.725774 0.906799 0.703611 1.178332 0.069987 0.695016 1.952968 1.210512 1.845459 1.176689 1.794053 1.637599 1.100074 1.826791 0.644887 0.756522 0.996326 1.937677 0.586704 1.836838 0.855440 1.381945 0.194458 1.362543 0.518744 0.148128 0.195399 1.179635 0.000000 1.237102 1.566858 1.066104 0.716469
1.056140 1.943860 0.943860 0.056140 0.623932 0.013598 1.106375 0.511328 1.856099 1.940713 1.584566 1.167114 1.932118 0.715866 1.552386 0.917440 1.586209 0.968845 1.125299 1.662825 0.936107 1.881988 1.993624 1.766573 0.825221 1.823806 0.926060 1.907458 0.144844 1.042643 1.400355 1.755845 1.385230 1.041703 1.583264 1.237102 0.000000 1.196040 1.696794 0.520632
1.747820 0.747820 0.252180 1.252180 1.819972 1.209638 1.697585 1.707368 0.660059 0.863247 0.388526 1.636846 0.871842 0.480174 0.356346 0.278600 0.390170 0.227195 0.070741 0.466785 0.259933 0.921972 0.810337 0.570533 0.370819 0.980154 0.269979 0.711419 1.051196 1.761317 0.204315 1.048115 1.418730 1.762257 0.387224 1.566858 1.196040 0.000000 0.500754 1.716672
1.247066 0.247066 0.752934 1.752934 1.679274 1.710392 1.196831 1.791878 0.159305 0.362493 0.112228 1.136092 0.371088 0.980928 0.144408 0.779354 0.110584 0.727949 0.571495 0.033969 0.760687 0.421218 0.309583 0.069779 0.871573 0.479400 0.770733 0.210665 1.551950 1.260563 0.296439 0.547361 0.917976 1.261503 0.113530 1.066104 1.696794 0.500754 0.000000 1.782574
0.535508 1.535508 1.464492 0.464492 0.103300 0.507034 0.585742 0.009304 1.623269 1.420080 1.894802 0.646482 1.411486 1.236499 1.926981 1.438072 1.893158 1.489477 1.645931 1.816543 1.456739 1.361356 1.472991 1.712795 1.345853 1.303173 1.446693 1.571909 0.665476 0.522011 1.920988 1.235213 0.864598 0.521071 1.896104 0.716469 0.520632 1.716672 1.782574 0.000000
