25
0.000000 1.000000 2.000000 1.000000 0.907529 0.564120 1.920367 0.711069 1.417153 1.444955 1.924081 0.604738 0.039497 1.038604 0.270206 1.036882 1.274749 1.185081 1.403214 1.096222 1.845641 0.466103 0.739102 1.836688 1.513595
1.000000 0.000000 1.000000 2.000000 0.092471 1.564120 1.079633 0.288931 1.582847 0.444955 1.075919 0.395262 0.960503 0.038604 1.270206 1.963118 0.274749 0.185081 1.596786 0.096222 0.845641 0.533897 1.739102 1.163312 0.513595
2.000000 1.000000 0.000000 1.000000 1.092471 1.435880 0.079633 1.288931 0.582847 0.555045 0.075919 1.395262 1.960503 0.961396 1.729794 0.963118 0.725251 0.814919 0.596786 0.903778 0.154359 1.533897 1.260898 0.163312 0.486405
1.000000 2.000000 1.000000 0.000000 1.907529 0.435880 0.920367 1.711069 0.417153 1.555045 0.924081 1.604738 1.039497 1.961396 0.729794 0.036882 1.725251 1.814919 0.403214 1.903778 1.154359 1.466103 0.260898 0.836688 1.486405
0.907529 0.092471 1.092471 1.907529 0.000000 1.471649 1.172104 0.196460 1.675318 0.537426 1.168390 0.302791 0.868032 0.131075 1.177735 1.944410 0.367220 0.277553 1.689257 0.188693 0.938112 0.441425 1.646631 1.255783 0.606067
0.564120 1.564120 1.435880 0.435880 1.471649 0.000000 1.356247 1.275189 0.853033 1.990925 1.359961 1.168858 0.603617 1.602725 0.293915 0.472761 1.838870 1.749202 0.839094 1.660342 1.590238 1.030224 0.174982 1.272568 1.922284
1.920367 1.079633 0.079633 0.920367 1.172104 1.356247 0.000000 1.368564 0.503214 0.634678 0.003714 1.474895 1.959864 1.041029 1.650161 0.883486 0.804883 0.894551 0.517153 0.983411 0.233991 1.613529 1.181265 0.083679 0.566037
0.711069 0.288931 1.288931 1.711069 0.196460 1.275189 1.368564 0.000000 1.871778 0.733886 1.364850 0.106331 0.671572 0.327535 0.981275 1.747951 0.563680 0.474012 1.885717 0.385153 1.134572 0.244966 1.450171 1.452243 0.802526
1.417153 1.582847 0.582847 0.417153 1.675318 0.853033 0.503214 1.871778 0.000000 1.137892 0.506928 1.978109 1.456650 1.544243 1.146947 0.380272 1.308098 1.397766 0.013939 1.486625 0.737206 1.883257 0.678051 0.419535 1.069251
1.444955 0.444955 0.555045 1.555045 0.537426 1.990925 0.634678 0.733886 1.137892 0.000000 0.630964 0.840217 1.405458 0.406351 1.715161 1.518164 0.170206 0.259873 1.151831 0.348733 0.400687 0.978851 1.815943 0.718357 0.068641
1.924081 1.075919 0.075919 0.924081 1.168390 1.359961 0.003714 1.364850 0.506928 0.630964 0.000000 1.471181 1.963578 1.037315 1.653875 0.887199 0.801170 0.890838 0.520867 0.979697 0.230278 1.609816 1.184979 0.087393 0.562324
0.604738 0.395262 1.395262 1.604738 0.302791 1.168858 1.474895 0.106331 1.978109 0.840217 1.471181 0.000000 0.565241 0.433866 0.874943 1.641619 0.670012 0.580344 1.992048 0.491484 1.240904 0.138634 1.343840 1.558574 0.908858
0.039497 0.960503 1.960503 1.039497 0.868032 0.603617 1.959864 0.671572 1.456650 1.405458 1.963578 0.565241 0.000000 0.999107 0.309703 1.076378 1.235252 1.145585 1.442711 1.056725 1.806144 0.426607 0.778599 1.876185 1.474099
1.038604 0.038604 0.961396 1.961396 0.131075 1.602725 1.041029 0.327535 1.544243 0.406351 1.037315 0.433866 0.999107 0.000000 1.308810 1.924514 0.236145 0.146477 1.558182 0.057618 0.807037 0.572501 1.777706 1.124708 0.474991
0.270206 1.270206 1.729794 0.729794 1.177735 0.293915 1.650161 0.981275 1.146947 1.715161 1.653875 0.874943 0.309703 1.308810 0.000000 0.766676 1.544955 1.455287 1.133008 1.366428 1.884153 0.736309 0.468896 1.566482 1.783801
1.036882 1.963118 0.963118 0.036882 1.944410 0.472761 0.883486 1.747951 0.380272 1.518164 0.887199 1.641619 1.076378 1.924514 0.766676 0.000000 1.688369 1.778037 0.366332 1.866897 1.117477 1.502985 0.297779 0.799807 1.449523
1.274749 0.274749 0.725251 1.725251 0.367220 1.838870 0.804883 0.563680 1.308098 0.170206 0.801170 0.670012 1.235252 0.236145 1.544955 1.688369 0.000000 0.089668 1.322037 0.178527 0.570892 0.808646 1.986149 0.888563 0.238846
1.185081 0.185081 0.814919 1.814919 0.277553 1.749202 0.894551 0.474012 1.397766 0.259873 0.890838 0.580344 1.145585 0.146477 1.455287 1.778037 0.089668 0.000000 1.411705 0.088859 0.660560 0.718978 1.924183 0.978231 0.328514
1.403214 1.596786 0.596786 0.403214 1.689257 0.839094 0.517153 1.885717 0.013939 1.151831 0.520867 1.992048 1.442711 1.558182 1.133008 0.366332 1.322037 1.411705 0.000000 1.500564 0.751145 1.869317 0.664112 0.433474 1.083191
1.096222 0.096222 0.903778 1.903778 0.188693 1.660342 0.983411 0.385153 1.486625 0.348733 0.979697 0.491484 1.056725 0.057618 1.366428 1.866897 0.178527 0.088859 1.500564 0.000000 0.749419 0.630118 1.835324 1.067090 0.417374
1.845641 0.845641 0.154359 1.154359 0.938112 1.590238 0.233991 1.134572 0.737206 0.400687 0.230278 1.240904 1.806144 0.807037 1.884153 1.117477 0.570892 0.660560 0.751145 0.749419 0.000000 1.379538 1.415257 0.317671 0.332046
0.466103 0.533897 1.533897 1.466103 0.441425 1.030224 1.613529 0.244966 1.883257 0.978851 1.609816 0.138634 0.426607 0.572501 0.736309 1.502985 0.808646 0.718978 1.869317 0.630118 1.379538 0.000000 1.205206 1.697208 1.047492
0.739102 1.739102 1.260898 0.260898 1.646631 0.174982 1.181265 1.450171 0.678051 1.815943 1.184979 1.343840 0.778599 1.777706 0.468896 0.297779 1.986149 1.924183 0.664112 1.835324 1.415257 1.205206 0.000000 1.097586 1.747302
1.836688 1.163312 0.163312 0.836688 1.255783 1.272568 0.083679 1.452243 0.419535 0.718357 0.087393 1.558574 1.876185 1.124708 1.566482 0.799807 0.888563 0.978231 0.433474 1.067090 0.317671 1.697208 1.097586 0.000000 0.649716
1.513595 0.513595 0.486405 1.486405 0.606067 1.922284 0.566037 0.802526 1.069251 0.068641 0.562324 0.908858 1.474099 0.474991 1.783801 1.449523 0.238846 0.328514 1.083191 0.417374 0.332046 1.047492 1.747302 0.649716 0.000000
