40
0.000000 1.000000 2.000000 1.000000 0.675661 0.734260 1.524598 1.120423 0.817739 1.704960 1.716798 1.138356 1.710050 0.464993 1.069241 1.194112 0.419478 0.078679 0.274572 0.605586 1.289724 0.048775 1.532751 0.432110 0.616327 0.788473 1.927730 1.000046 1.761951 0.213788 1.681818 1.534814 1.734745 1.089319 0.295162 1.364368 0.351854 1.211575 0.395119 0.674720
1.000000 0.000000 1.000000 2.000000 1.675661 1.734260 0.524598 0.120423 1.817739 0.704960 0.716798 1.861644 0.710050 1.464993 1.930759 0.194112 0.580522 0.921321 1.274572 1.605586 1.710276 1.048775 1.467249 1.432110 1.616327 0.211527 0.927730 0.000046 1.238049 1.213788 0.681818 1.465186 1.265255 1.910681 1.295162 1.635632 1.351854 0.211575 1.395119 1.674720
2.000000 1.000000 0.000000 1.000000 1.324339 1.265740 0.475402 0.879577 1.182261 0.295040 0.283202 0.861644 0.289950 1.535007 0.930759 0.805888 1.580522 1.921321 1.725428 1.394414 0.710276 1.951225 0.467249 1.567890 1.383673 1.211527 0.072270 0.999954 0.238049 1.786212 0.318182 0.465186 0.265255 0.910681 1.704838 0.635632 1.648146 0.788425 1.604881 1.325280
1.000000 2.000000 1.000000 0.000000 0.324339 0.265740 1.475402 1.879577 0.182261 1.295040 1.283202 0.138356 1.289950 0.535007 0.069241 1.805888 1.419478 1.078679 0.725428 0.394414 0.289724 0.951225 0.532751 0.567890 0.383673 1.788473 1.072270 1.999954 0.761951 0.786212 1.318182 0.534814 0.734745 0.089319 0.704838 0.364368 0.648146 1.788425 0.604881 0.325280
0.675661 1.675661 1.324339 0.324339 0.000000 0.058599 1.799741 1.796084 0.142078 1.619379 1.607541 0.462695 1.614289 0.210668 0.393580 1.869773 1.095139 0.754340 0.401089 0.070075 0.614063 0.626886 0.857090 0.243551 0.059334 1.464134 1.396609 1.675707 1.086290 0.461872 1.642521 0.859154 1.059084 0.413659 0.380499 0.688708 0.323807 1.887236 0.280542 0.000941
0.734260 1.734260 1.265740 0.265740 0.058599 0.000000 1.741142 1.854683 0.083479 1.560779 1.548941 0.404095 1.555689 0.269267 0.334981 1.928373 1.153738 0.812939 0.459688 0.128674 0.555463 0.685485 0.798491 0.302150 0.117933 1.522733 1.338010 1.734306 1.027690 0.520472 1.583922 0.800554 1.000485 0.355059 0.439098 0.630108 0.382406 1.945835 0.339141 0.059540
1.524598 0.524598 0.475402 1.475402 1.799741 1.741142 0.000000 0.404175 1.657663 0.180363 0.192201 1.337047 0.185453 1.989590 1.406161 0.330485 1.105120 1.445919 1.799170 1.869817 1.185679 1.573373 0.942651 1.956708 1.859075 0.736125 0.403132 0.524551 0.713452 1.738386 0.157220 0.940588 0.740657 1.386083 1.819759 1.111034 1.876451 0.313023 1.919717 1.800683
1.120423 0.120423 0.879577 1.879577 1.796084 1.854683 0.404175 0.000000 1.938162 0.584538 0.596376 1.741222 0.589628 1.585415 1.810336 0.073690 0.700945 1.041744 1.394995 1.726009 1.589854 1.169198 1.346826 1.552533 1.736750 0.331950 0.807307 0.120377 1.117627 1.334211 0.561395 1.344763 1.144832 1.790258 1.415584 1.515209 1.472277 0.091152 1.515542 1.795142
0.817739 1.817739 1.182261 0.182261 0.142078 0.083479 1.657663 1.938162 0.000000 1.477300 1.465462 0.320616 1.472210 0.352746 0.251502 1.988148 1.237217 0.896418 0.543167 0.212153 0.471984 0.768964 0.715012 0.385629 0.201412 1.606212 1.254531 1.817785 0.944211 0.603951 1.500443 0.717075 0.917006 0.271580 0.522577 0.546629 0.465885 1.970686 0.422620 0.143019
1.704960 0.704960 0.295040 1.295040 1.619379 1.560779 0.180363 0.584538 1.477300 0.000000 0.011838 1.156684 0.005090 1.830047 1.225798 0.510848 1.285483 1.626282 1.979533 1.689454 1.005316 1.753736 0.762289 1.862929 1.678712 0.916488 0.222770 0.704914 0.533089 1.918749 0.023143 0.760225 0.560294 1.205720 1.999878 0.930671 1.943186 0.493385 1.899921 1.620320
1.716798 0.716798 0.283202 1.283202 1.607541 1.548941 0.192201 0.596376 1.465462 0.011838 0.000000 1.144846 0.006748 1.818209 1.213960 0.522686 1.297321 1.638120 1.991371 1.677616 0.993478 1.765574 0.750451 1.851091 1.666874 0.928326 0.210932 0.716752 0.521251 1.930587 0.034981 0.748387 0.548456 1.193882 1.988040 0.918833 1.931348 0.505223 1.888083 1.608482
1.138356 1.861644 0.861644 0.138356 0.462695 0.404095 1.337047 1.741222 0.320616 1.156684 1.144846 0.000000 1.151594 0.673363 0.069114 1.667532 1.557833 1.217034 0.863783 0.532770 0.151368 1.089580 0.394395 0.706245 0.522028 1.926828 0.933914 1.861598 0.623595 0.924567 1.179827 0.396459 0.596390 0.049036 0.843194 0.226013 0.786502 1.650069 0.743237 0.463636
1.710050 0.710050 0.289950 1.289950 1.614289 1.555689 0.185453 0.589628 1.472210 0.005090 0.006748 1.151594 0.000000 1.824957 1.220708 0.515938 1.290573 1.631372 1.984623 1.684364 1.000226 1.758826 0.757199 1.857839 1.673622 0.921578 0.217680 0.710004 0.527999 1.923839 0.028233 0.755135 0.555204 1.200630 1.994788 0.925581 1.938096 0.498475 1.894831 1.615230
0.464993 1.464993 1.535007 0.535007 0.210668 0.269267 1.989590 1.585415 0.352746 1.830047 1.818209 0.673363 1.824957 0.000000 0.604248 1.659105 0.884471 0.543672 0.190421 0.140593 0.824731 0.416218 1.067758 0.032883 0.151334 1.253465 1.607277 1.465039 1.296958 0.251204 1.853189 1.069822 1.269752 0.624327 0.169831 0.899376 0.113139 1.676568 0.069874 0.209727
1.069241 1.930759 0.930759 0.069241 0.393580 0.334981 1.406161 1.810336 0.251502 1.225798 1.213960 0.069114 1.220708 0.604248 0.000000 1.736646 1.488719 1.147920 0.794669 0.463655 0.220482 1.020466 0.463510 0.637131 0.452914 1.857714 1.003029 1.930713 0.692709 0.855453 1.248941 0.465573 0.665504 0.020078 0.774079 0.295127 0.717387 1.719184 0.674122 0.394521
1.194112 0.194112 0.805888 1.805888 1.869773 1.928373 0.330485 0.073690 1.988148 0.510848 0.522686 1.667532 0.515938 1.659105 1.736646 0.000000 0.774634 1.115433 1.468685 1.799698 1.516164 1.242887 1.273137 1.626223 1.810439 0.405640 0.733618 0.194066 1.043937 1.407901 0.487706 1.271073 1.071142 1.716568 1.489274 1.441519 1.545966 0.017463 1.589231 1.868832
0.419478 0.580522 1.580522 1.419478 1.095139 1.153738 1.105120 0.700945 1.237217 1.285483 1.297321 1.557833 1.290573 0.884471 1.488719 0.774634 0.000000 0.340799 0.694050 1.025064 1.709201 0.468253 1.952229 0.851588 1.035805 0.368995 1.508252 0.580568 1.818572 0.633266 1.262340 1.954292 1.845777 1.508797 0.714640 1.783846 0.771332 0.792097 0.814597 1.094198
0.078679 0.921321 1.921321 1.078679 0.754340 0.812939 1.445919 1.041744 0.896418 1.626282 1.638120 1.217034 1.631372 0.543672 1.147920 1.115433 0.340799 0.000000 0.353251 0.684265 1.368402 0.127454 1.611430 0.510789 0.695006 0.709794 1.849051 0.921367 1.840630 0.292467 1.603139 1.613493 1.813424 1.167998 0.373841 1.443047 0.430533 1.132896 0.473798 0.753399
0.274572 1.274572 1.725428 0.725428 0.401089 0.459688 1.799170 1.394995 0.543167 1.979533 1.991371 0.863783 1.984623 0.190421 0.794669 1.468685 0.694050 0.353251 0.000000 0.331014 1.015151 0.225797 1.258179 0.157538 0.341755 1.063045 1.797698 1.274618 1.487378 0.060784 1.956390 1.260242 1.460173 0.814747 0.020590 1.089796 0.077282 1.486147 0.120547 0.400148
0.605586 1.605586 1.394414 0.394414 0.070075 0.128674 1.869817 1.726009 0.212153 1.689454 1.677616 0.532770 1.684364 0.140593 0.463655 1.799698 1.025064 0.684265 0.331014 0.000000 0.684138 0.556811 0.927165 0.173476 0.010741 1.394058 1.466684 1.605632 1.156365 0.391797 1.712596 0.929229 1.129159 0.483734 0.310424 0.758783 0.253732 1.817161 0.210467 0.069134
1.289724 1.710276 0.710276 0.289724 0.614063 0.555463 1.185679 1.589854 0.471984 1.005316 0.993478 0.151368 1.000226 0.824731 0.220482 1.516164 1.709201 1.368402 1.015151 0.684138 0.000000 1.240948 0.243027 0.857613 0.673396 1.921804 0.782546 1.710230 0.472227 1.075935 1.028459 0.245091 0.445022 0.200404 0.994562 0.074645 0.937870 1.498701 0.894605 0.615004
0.048775 1.048775 1.951225 0.951225 0.626886 0.685485 1.573373 1.169198 0.768964 1.753736 1.765574 1.089580 1.758826 0.416218 1.020466 1.242887 0.468253 0.127454 0.225797 0.556811 1.240948 0.000000 1.483976 0.383335 0.567552 0.837248 1.976505 1.048821 1.713175 0.165013 1.730593 1.486039 1.685970 1.040544 0.246387 1.315593 0.303079 1.260350 0.346344 0.625945
1.532751 1.467249 0.467249 0.532751 0.857090 0.798491 0.942651 1.346826 0.715012 0.762289 0.750451 0.394395 0.757199 1.067758 0.463510 1.273137 1.952229 1.611430 1.258179 0.927165 0.243027 1.483976 0.000000 1.100641 0.916424 1.678776 0.539519 1.467203 0.229200 1.318963 0.785431 0.002063 0.201994 0.443432 1.237589 0.168382 1.180897 1.255674 1.137632 0.858031
0.432110 1.432110 1.567890 0.567890 0.243551 0.302150 1.956708 1.552533 0.385629 1.862929 1.851091 0.706245 1.857839 0.032883 0.637131 1.626223 0.851588 0.510789 0.157538 0.173476 0.857613 0.383335 1.100641 0.000000 0.184217 1.220583 1.640160 1.432156 1.329840 0.218322 1.886072 1.102704 1.302635 0.657209 0.136949 0.932258 0.080256 1.643685 0.036991 0.242610
0.616327 1.616327 1.383673 0.383673 0.059334 0.117933 1.859075 1.736750 0.201412 1.678712 1.666874 0.522028 1.673622 0.151334 0.452914 1.810439 1.035805 0.695006 0.341755 0.010741 0.673396 0.567552 0.916424 0.184217 0.000000 1.404800 1.455943 1.616373 1.145623 0.402539 1.701855 0.918487 1.118418 0.472992 0.321165 0.748041 0.264473 1.827902 0.221208 0.058393
0.788473 0.211527 1.211527 1.788473 1.464134 1.522733 0.736125 0.331950 1.606212 0.916488 0.928326 1.926828 0.921578 1.253465 1.857714 0.405640 0.368995 0.709794 1.063045 1.394058 1.921804 0.837248 1.678776 1.220583 1.404800 0.000000 1.139257 0.211574 1.449577 1.002261 0.893345 1.676713 1.476782 1.877792 1.083634 1.847159 1.140326 0.423102 1.183592 1.463192
1.927730 0.927730 0.072270 1.072270 1.396609 1.338010 0.403132 0.807307 1.254531 0.222770 0.210932 0.933914 0.217680 1.607277 1.003029 0.733618 1.508252 1.849051 1.797698 1.466684 0.782546 1.976505 0.539519 1.640160 1.455943 1.139257 0.000000 0.927684 0.310319 1.858482 0.245912 0.537456 0.337525 0.982951 1.777108 0.707901 1.720416 0.716155 1.677151 1.397550
1.000046 0.000046 0.999954 1.999954 1.675707 1.734306 0.524551 0.120377 1.817785 0.704914 0.716752 1.861598 0.710004 1.465039 1.930713 0.194066 0.580568 0.921367 1.274618 1.605632 1.710230 1.048821 1.467203 1.432156 1.616373 0.211574 0.927684 0.000000 1.238003 1.213835 0.681772 1.465139 1.265209 1.910634 1.295208 1.635585 1.351900 0.211529 1.395165 1.674766
1.761951 1.238049 0.238049 0.761951 1.086290 1.027690 0.713452 1.117627 0.944211 0.533089 0.521251 0.623595 0.527999 1.296958 0.692709 1.043937 1.818572 1.840630 1.487378 1.156365 0.472227 1.713175 0.229200 1.329840 1.145623 1.449577 0.310319 1.238003 0.000000 1.548162 0.556232 0.227136 0.027205 0.672631 1.466789 0.397582 1.410097 1.026474 1.366832 1.087231
0.213788 1.213788 1.786212 0.786212 0.461872 0.520472 1.738386 1.334211 0.603951 1.918749 1.930587 0.924567 1.923839 0.251204 0.855453 1.407901 0.633266 0.292467 0.060784 0.391797 1.075935 0.165013 1.318963 0.218322 0.402539 1.002261 1.858482 1.213835 1.548162 0.000000 1.895606 1.321026 1.520957 0.875531 0.081373 1.150580 0.138065 1.425363 0.181331 0.460931
1.681818 0.681818 0.318182 1.318182 1.642521 1.583922 0.157220 0.561395 1.500443 0.023143 0.034981 1.179827 0.028233 1.853189 1.248941 0.487706 1.262340 1.603139 1.956390 1.712596 1.028459 1.730593 0.785431 1.886072 1.701855 0.893345 0.245912 0.681772 0.556232 1.895606 0.000000 0.783368 0.583437 1.228863 1.976980 0.953814 1.966328 0.470243 1.923063 1.643462
1.534814 1.465186 0.465186 0.534814 0.859154 0.800554 0.940588 1.344763 0.717075 0.760225 0.748387 0.396459 0.755135 1.069822 0.465573 1.271073 1.954292 1.613493 1.260242 0.929229 0.245091 1.486039 0.002063 1.102704 0.918487 1.676713 0.537456 1.465139 0.227136 1.321026 0.783368 0.000000 0.199931 0.445495 1.239653 0.170446 1.182961 1.253611 1.139695 0.860095
1.734745 1.265255 0.265255 0.734745 1.059084 1.000485 0.740657 1.144832 0.917006 0.560294 0.548456 0.596390 0.555204 1.269752 0.665504 1.071142 1.845777 1.813424 1.460173 1.129159 0.445022 1.685970 0.201994 1.302635 1.118418 1.476782 0.337525 1.265209 0.027205 1.520957 0.583437 0.199931 0.000000 0.645426 1.439583 0.370377 1.382891 1.053680 1.339626 1.060025
1.089319 1.910681 0.910681 0.089319 0.413659 0.355059 1.386083 1.790258 0.271580 1.205720 1.193882 0.049036 1.200630 0.624327 0.020078 1.716568 1.508797 1.167998 0.814747 0.483734 0.200404 1.040544 0.443432 0.657209 0.472992 1.877792 0.982951 1.910634 0.672631 0.875531 1.228863 0.445495 0.645426 0.000000 0.794158 0.275049 0.737466 1.699106 0.694200 0.414600
0.295162 1.295162 1.704838 0.704838 0.380499 0.439098 1.819759 1.415584 0.522577 1.999878 1.988040 0.843194 1.994788 0.169831 0.774079 1.489274 0.714640 0.373841 0.020590 0.310424 0.994562 0.246387 1.237589 0.136949 0.321165 1.083634 1.777108 1.295208 1.466789 0.081373 1.976980 1.239653 1.439583 0.794158 0.000000 1.069207 0.056692 1.506737 0.099957 0.379558
1.364368 1.635632 0.635632 0.364368 0.688708 0.630108 1.111034 1.515209 0.546629 0.930671 0.918833 0.226013 0.925581 0.899376 0.295127 1.441519 1.783846 1.443047 1.089796 0.758783 0.074645 1.315593 0.168382 0.932258 0.748041 1.847159 0.707901 1.635585 0.397582 1.150580 0.953814 0.170446 0.370377 0.275049 1.069207 0.000000 1.012515 1.424056 0.969250 0.689649
0.351854 1.351854 1.648146 0.648146 0.323807 0.382406 1.876451 1.472277 0.465885 1.943186 1.931348 0.786502 1.938096 0.113139 0.717387 1.545966 0.771332 0.430533 0.077282 0.253732 0.937870 0.303079 1.180897 0.080256 0.264473 1.140326 1.720416 1.351900 1.410097 0.138065 1.966328 1.182961 1.382891 0.737466 0.056692 1.012515 0.000000 1.563429 0.043265 0.322866
1.211575 0.211575 0.788425 1.788425 1.887236 1.945835 0.313023 0.091152 1.970686 0.493385 0.505223 1.650069 0.498475 1.676568 1.719184 0.017463 0.792097 1.132896 1.486147 1.817161 1.498701 1.260350 1.255674 1.643685 1.827902 0.423102 0.716155 0.211529 1.026474 1.425363 0.470243 1.253611 1.053680 1.699106 1.506737 1.424056 1.563429 0.000000 1.606694 1.886295
0.395119 1.395119 1.604881 0.604881 0.280542 0.339141 1.919717 1.515542 0.422620 1.899921 1.888083 0.743237 1.894831 0.069874 0.674122 1.589231 0.814597 0.473798 0.120547 0.210467 0.894605 0.346344 1.137632 0.036991 0.221208 1.183592 1.677151 1.395165 1.366832 0.181331 1.923063 1.139695 1.339626 0.694200 0.099957 0.969250 0.043265 1.606694 0.000000 0.279601
0.674720 1.674720 1.325280 0.325280 0.000941 0.059540 1.800683 1.795142 0.143019 1.620320 1.608482 0.463636 1.615230 0.209727 0.394521 1.868832 1.094198 0.753399 0.400148 0.069134 0.615004 0.625945 0.858031 0.242610 0.058393 1.463192 1.397550 1.674766 1.087231 0.460931 1.643462 0.860095 1.060025 0.414600 0.379558 0.689649 0.322866 1.886295 0.279601 0.000000
