35
0.000000 1.000000 2.000000 1.000000 1.107274 1.446964 0.612907 0.242745 0.481335 1.395303 1.827688 1.729658 1.041036 0.814976 0.475876 1.827342 0.084351 0.918333 1.727090 0.204218 1.874926 1.968746 0.624169 0.060762 0.591708 1.916250 1.384067 0.971974 1.032294 1.170667 1.028558 1.984072 1.600692 0.956307 0.259609
1.000000 0.000000 1.000000 2.000000 1.892726 1.553036 1.612907 1.242745 0.518665 0.395303 0.827688 0.729658 0.041036 0.185024 1.475876 0.827342 0.915649 1.918333 1.272910 0.795782 0.874926 1.031254 0.375831 0.939238 0.408292 0.916250 0.384067 0.028026 1.967706 0.170667 1.971442 1.015928 1.399308 0.043693 1.259609
2.000000 1.000000 0.000000 1.000000 0.892726 0.553036 1.387093 1.757255 1.518665 0.604697 0.172312 0.270342 0.958964 1.185024 1.524124 0.172658 1.915649 1.081667 0.272910 1.795782 0.125074 0.031254 1.375831 1.939238 1.408292 0.083750 0.615933 1.028026 0.967706 0.829333 0.971442 0.015928 0.399308 1.043693 1.740391
1.000000 2.000000 1.000000 0.000000 0.107274 0.446964 0.387093 0.757255 1.481335 1.604697 1.172312 1.270342 1.958964 1.814976 0.524124 1.172658 1.084351 0.081667 0.727090 1.204218 1.125074 0.968746 1.624169 1.060762 1.591708 1.083750 1.615933 1.971974 0.032294 1.829333 0.028558 0.984072 0.600692 1.956307 0.740391
1.107274 1.892726 0.892726 0.107274 0.000000 0.339689 0.494367 0.864529 1.588609 1.497423 1.065037 1.163067 1.851690 1.922250 0.631398 1.065383 1.191625 0.188942 0.619816 1.311492 1.017800 0.861471 1.731444 1.168036 1.698983 0.976476 1.508658 1.920751 0.074981 1.722059 0.078717 0.876797 0.493418 1.936419 0.847665
1.446964 1.553036 0.553036 0.446964 0.339689 0.000000 0.834056 1.204218 1.928299 1.157733 0.725348 0.823378 1.512001 1.738060 0.971087 0.725694 1.531314 0.528631 0.280126 1.651181 0.678110 0.521782 1.928867 1.507725 1.961328 0.636786 1.168969 1.581062 0.414670 1.382370 0.418406 0.537108 0.153728 1.596730 1.187354
0.612907 1.612907 1.387093 0.387093 0.494367 0.834056 0.000000 0.370162 1.094242 1.991790 1.559405 1.657434 1.653943 1.427883 0.137031 1.559750 0.697258 0.305426 1.114183 0.817125 1.512167 1.355839 1.237076 0.673669 1.204616 1.470843 1.996974 1.584881 0.419386 1.783574 0.415650 1.371164 0.987785 1.569214 0.353298
0.242745 1.242745 1.757255 0.757255 0.864529 1.204218 0.370162 0.000000 0.724081 1.638048 1.929566 1.972404 1.283781 1.057721 0.233131 1.929912 0.327096 0.675587 1.484344 0.446963 1.882329 1.726000 0.866915 0.303507 0.834454 1.841005 1.626813 1.214720 0.789548 1.413412 0.785812 1.741326 1.357946 1.199052 0.016864
0.481335 0.518665 1.518665 1.481335 1.588609 1.928299 1.094242 0.724081 0.000000 0.913968 1.346353 1.248323 0.559701 0.333641 0.957211 1.346007 0.396984 1.399668 1.791575 0.277117 1.393591 1.549919 0.142834 0.420573 0.110373 1.434915 0.902732 0.490639 1.513629 0.689332 1.509893 1.534593 1.917973 0.474972 0.740944
1.395303 0.395303 0.604697 1.604697 1.497423 1.157733 1.991790 1.638048 0.913968 0.000000 0.432385 0.334355 0.354267 0.580327 1.871179 0.432040 1.310952 1.686364 0.877607 1.191085 0.479623 0.635951 0.771134 1.334541 0.803595 0.520947 0.011236 0.423329 1.572403 0.224636 1.576140 0.620625 1.004005 0.438996 1.654912
1.827688 0.827688 0.172312 1.172312 1.065037 0.725348 1.559405 1.929566 1.346353 0.432385 0.000000 0.098030 0.786653 1.012712 1.696435 0.000346 1.743338 1.253979 0.445222 1.623470 0.047238 0.203566 1.203519 1.766927 1.235980 0.088562 0.443621 0.855714 1.140018 0.657022 1.143754 0.188240 0.571620 0.871382 1.912703
1.729658 0.729658 0.270342 1.270342 1.163067 0.823378 1.657434 1.972404 1.248323 0.334355 0.098030 0.000000 0.688623 0.914682 1.794465 0.097684 1.645308 1.352009 0.543252 1.525441 0.145268 0.301596 1.105489 1.668897 1.137950 0.186592 0.345591 0.757684 1.238048 0.558992 1.241784 0.286270 0.669650 0.773352 1.989267
1.041036 0.041036 0.958964 1.958964 1.851690 1.512001 1.653943 1.283781 0.559701 0.354267 0.786653 0.688623 0.000000 0.226060 1.516912 0.786307 0.956685 1.959368 1.231874 0.836818 0.833890 0.990219 0.416866 0.980274 0.449327 0.875214 0.343032 0.069061 1.926671 0.129631 1.930407 0.974893 1.358272 0.084729 1.300645
0.814976 0.185024 1.185024 1.814976 1.922250 1.738060 1.427883 1.057721 0.333641 0.580327 1.012712 0.914682 0.226060 0.000000 1.290852 1.012366 0.730625 1.733309 1.457934 0.610758 1.059950 1.216278 0.190807 0.754214 0.223268 1.101274 0.569091 0.156998 1.847270 0.355691 1.843533 1.200952 1.584332 0.141331 1.074585
0.475876 1.475876 1.524124 0.524124 0.631398 0.971087 0.137031 0.233131 0.957211 1.871179 1.696435 1.794465 1.516912 1.290852 0.000000 1.696781 0.560227 0.442456 1.251214 0.680094 1.649198 1.492869 1.100046 0.536638 1.067585 1.607874 1.859944 1.447851 0.556417 1.646543 0.552681 1.508195 1.124816 1.432183 0.216267
1.827342 0.827342 0.172658 1.172658 1.065383 0.725694 1.559750 1.929912 1.346007 0.432040 0.000346 0.097684 0.786307 1.012366 1.696781 0.000000 1.742992 1.254325 0.445568 1.623125 0.047584 0.203912 1.203173 1.766581 1.235634 0.088908 0.443275 0.855368 1.140364 0.656676 1.144100 0.188586 0.571966 0.871036 1.913048
0.084351 0.915649 1.915649 1.084351 1.191625 1.531314 0.697258 0.327096 0.396984 1.310952 1.743338 1.645308 0.956685 0.730625 0.560227 1.742992 0.000000 1.002683 1.811441 0.119867 1.790575 1.946904 0.539819 0.023589 0.507358 1.831899 1.299717 0.887624 1.116644 1.086316 1.112908 1.931578 1.685042 0.871956 0.343960
0.918333 1.918333 1.081667 0.081667 0.188942 0.528631 0.305426 0.675587 1.399668 1.686364 1.253979 1.352009 1.959368 1.733309 0.442456 1.254325 1.002683 0.000000 0.808757 1.122550 1.206741 1.050413 1.542502 0.979094 1.510041 1.165417 1.697600 1.890307 0.113961 1.911001 0.110225 1.065739 0.682359 1.874639 0.658724
1.727090 1.272910 0.272910 0.727090 0.619816 0.280126 1.114183 1.484344 1.791575 0.877607 0.445222 0.543252 1.231874 1.457934 1.251214 0.445568 1.811441 0.808757 0.000000 1.931308 0.397984 0.241656 1.648741 1.787852 1.681202 0.356660 0.888843 1.300936 0.694796 1.102243 0.698532 0.256982 0.126398 1.316603 1.467481
0.204218 0.795782 1.795782 1.204218 1.311492 1.651181 0.817125 0.446963 0.277117 1.191085 1.623470 1.525441 0.836818 0.610758 0.680094 1.623125 0.119867 1.122550 1.931308 0.000000 1.670708 1.827037 0.419951 0.143456 0.387491 1.712032 1.179849 0.767756 1.236511 0.966449 1.232775 1.811711 1.804910 0.752089 0.463827
1.874926 0.874926 0.125074 1.125074 1.017800 0.678110 1.512167 1.882329 1.393591 0.479623 0.047238 0.145268 0.833890 1.059950 1.649198 0.047584 1.790575 1.206741 0.397984 1.670708 0.000000 0.156328 1.250757 1.814164 1.283218 0.041324 0.490859 0.902952 1.092780 0.704259 1.096516 0.141002 0.524382 0.918619 1.865465
1.968746 1.031254 0.031254 0.968746 0.861471 0.521782 1.355839 1.726000 1.549919 0.635951 0.203566 0.301596 0.990219 1.216278 1.492869 0.203912 1.946904 1.050413 0.241656 1.827037 0.156328 0.000000 1.407085 1.970493 1.439546 0.115004 0.647187 1.059280 0.936452 0.860588 0.940188 0.015326 0.368054 1.074948 1.709137
0.624169 0.375831 1.375831 1.624169 1.731444 1.928867 1.237076 0.866915 0.142834 0.771134 1.203519 1.105489 0.416866 0.190807 1.100046 1.203173 0.539819 1.542502 1.648741 0.419951 1.250757 1.407085 0.000000 0.563408 0.032461 1.292081 0.759898 0.347805 1.656463 0.546497 1.652727 1.391759 1.775139 0.332137 0.883778
0.060762 0.939238 1.939238 1.060762 1.168036 1.507725 0.673669 0.303507 0.420573 1.334541 1.766927 1.668897 0.980274 0.754214 0.536638 1.766581 0.023589 0.979094 1.787852 0.143456 1.814164 1.970493 0.563408 0.000000 0.530947 1.855488 1.323306 0.911213 1.093055 1.109905 1.089319 1.955167 1.661454 0.895545 0.320371
0.591708 0.408292 1.408292 1.591708 1.698983 1.961328 1.204616 0.834454 0.110373 0.803595 1.235980 1.137950 0.449327 0.223268 1.067585 1.235634 0.507358 1.510041 1.681202 0.387491 1.283218 1.439546 0.032461 0.530947 0.000000 1.324542 0.792359 0.380266 1.624002 0.578958 1.620266 1.424220 1.807600 0.364598 0.851318
1.916250 0.916250 0.083750 1.083750 0.976476 0.636786 1.470843 1.841005 1.434915 0.520947 0.088562 0.186592 0.875214 1.101274 1.607874 0.088908 1.831899 1.165417 0.356660 1.712032 0.041324 0.115004 1.292081 1.855488 1.324542 0.000000 0.532183 0.944276 1.051456 0.745583 1.055192 0.099678 0.483058 0.959943 1.824141
1.384067 0.384067 0.615933 1.615933 1.508658 1.168969 1.996974 1.626813 0.902732 0.011236 0.443621 0.345591 0.343032 0.569091 1.859944 0.443275 1.299717 1.697600 0.888843 1.179849 0.490859 0.647187 0.759898 1.323306 0.792359 0.532183 0.000000 0.412093 1.583639 0.213401 1.587375 0.631861 1.015241 0.427761 1.643676
0.971974 0.028026 1.028026 1.971974 1.920751 1.581062 1.584881 1.214720 0.490639 0.423329 0.855714 0.757684 0.069061 0.156998 1.447851 0.855368 0.887624 1.890307 1.300936 0.767756 0.902952 1.059280 0.347805 0.911213 0.380266 0.944276 0.412093 0.000000 1.995732 0.198692 1.999468 1.043954 1.427334 0.015668 1.231583
1.032294 1.967706 0.967706 0.032294 0.074981 0.414670 0.419386 0.789548 1.513629 1.572403 1.140018 1.238048 1.926671 1.847270 0.556417 1.140364 1.116644 0.113961 0.694796 1.236511 1.092780 0.936452 1.656463 1.093055 1.624002 1.051456 1.583639 1.995732 0.000000 1.797040 0.003736 0.951778 0.568398 1.988600 0.772685
1.170667 0.170667 0.829333 1.829333 1.722059 1.382370 1.783574 1.413412 0.689332 0.224636 0.657022 0.558992 0.129631 0.355691 1.646543 0.656676 1.086316 1.911001 1.102243 0.966449 0.704259 0.860588 0.546497 1.109905 0.578958 0.745583 0.213401 0.198692 1.797040 0.000000 1.800776 0.845262 1.228641 0.214360 1.430276
1.028558 1.971442 0.971442 0.028558 0.078717 0.418406 0.415650 0.785812 1.509893 1.576140 1.143754 1.241784 1.930407 1.843533 0.552681 1.144100 1.112908 0.110225 0.698532 1.232775 1.096516 0.940188 1.652727 1.089319 1.620266 1.055192 1.587375 1.999468 0.003736 1.800776 0.000000 0.955514 0.572134 1.984864 0.768948
1.984072 1.015928 0.015928 0.984072 0.876797 0.537108 1.371164 1.741326 1.534593 0.620625 0.188240 0.286270 0.974893 1.200952 1.508195 0.188586 1.931578 1.065739 0.256982 1.811711 0.141002 0.015326 1.391759 1.955167 1.424220 0.099678 0.631861 1.043954 0.951778 0.845262 0.955514 0.000000 0.383380 1.059622 1.724462
1.600692 1.399308 0.399308 0.600692 0.493418 0.153728 0.987785 1.357946 1.917973 1.004005 0.571620 0.669650 1.358272 1.584332 1.124816 0.571966 1.685042 0.682359 0.126398 1.804910 0.524382 0.368054 1.775139 1.661454 1.807600 0.483058 1.015241 1.427334 0.568398 1.228641 0.572134 0.383380 0.000000 1.443001 1.341083
0.956307 0.043693 1.043693 1.956307 1.936419 1.596730 1.569214 1.199052 0.474972 0.438996 0.871382 0.773352 0.084729 0.141331 1.432183 0.871036 0.871956 1.874639 1.316603 0.752089 0.918619 1.074948 0.332137 0.895545 0.364598 0.959943 0.427761 0.015668 1.988600 0.214360 1.984864 1.059622 1.443001 0.000000 1.215916
0.259609 1.259609 1.740391 0.740391 0.847665 1.187354 0.353298 0.016864 0.740944 1.654912 1.912703 1.989267 1.300645 1.074585 0.216267 1.913048 0.343960 0.658724 1.467481 0.463827 1.865465 1.709137 0.883778 0.320371 0.851318 1.824141 1.643676 1.231583 0.772685 1.430276 0.768948 1.724462 1.341083 1.215916 0.000000
