10
0.000000 1.000000 2.000000 1.000000 1.701284 1.331366 0.809742 0.376826 1.088174 0.990084
1.000000 0.000000 1.000000 2.000000 0.701284 1.668634 0.190258 0.623174 1.911826 1.990084
2.000000 1.000000 0.000000 1.000000 0.298716 0.668634 1.190258 1.623174 0.911826 1.009916
1.000000 2.000000 1.000000 0.000000 1.298716 0.331366 1.809742 1.376826 0.088174 0.009916
1.701284 0.701284 0.298716 1.298716 0.000000 0.967350 0.891542 1.324458 1.210542 1.308632
1.331366 1.668634 0.668634 0.331366 0.967350 0.000000 1.858892 1.708192 0.243192 0.341282
0.809742 0.190258 1.190258 1.809742 0.891542 1.858892 0.000000 0.432916 1.897916 1.799826
0.376826 0.623174 1.623174 1.376826 1.324458 1.708192 0.432916 0.000000 1.465000 1.366909
1.088174 1.911826 0.911826 0.088174 1.210542 0.243192 1.897916 1.465000 0.000000 0.098090
0.990084 1.990084 1.009916 0.009916 1.308632 0.341282 1.799826 1.366909 0.098090 0.000000
