25
0.000000 1.000000 2.000000 1.000000 1.885111 1.374647 0.487146 0.783931 0.965820 1.638397 1.285505 0.314411 1.628507 0.834185 0.497346 1.390442 0.300020 0.148698 1.117754 1.463256 0.546470 0.110531 0.976510 1.433050 0.548228
1.000000 0.000000 1.000000 2.000000 0.885111 0.374647 0.512854 1.783931 1.965820 1.361603 0.285505 0.685589 1.371493 0.165815 0.502654 1.609558 0.699980 0.851302 1.882246 0.463256 1.546470 0.889469 1.976510 1.566950 0.451772
2.000000 1.000000 0.000000 1.000000 0.114889 0.625353 1.512854 1.216069 1.034180 0.361603 0.714495 1.685589 0.371493 1.165815 1.502654 0.609558 1.699980 1.851302 0.882246 0.536744 1.453530 1.889469 1.023490 0.566950 1.451772
1.000000 2.000000 1.000000 0.000000 1.114889 1.625353 1.487146 0.216069 0.034180 0.638397 1.714495 1.314411 0.628507 1.834185 1.497346 0.390442 1.300020 1.148698 0.117754 1.536744 0.453530 1.110531 0.023490 0.433050 1.548228
1.885111 0.885111 0.114889 1.114889 0.000000 0.510464 1.397965 1.330958 1.149069 0.476492 0.599606 1.570700 0.486382 1.050926 1.387765 0.724447 1.585091 1.736414 0.997135 0.421855 1.568418 1.774580 1.138378 0.681838 1.336883
1.374647 0.374647 0.625353 1.625353 0.510464 0.000000 0.887501 1.841422 1.659533 0.986955 0.089142 1.060236 0.996846 0.540462 0.877301 1.234911 1.074627 1.225950 1.507599 0.088609 1.921118 1.264116 1.648842 1.192302 0.826419
0.487146 0.512854 1.512854 1.487146 1.397965 0.887501 0.000000 1.271076 1.452966 1.874457 0.798359 0.172735 1.884347 0.347039 0.010200 1.877588 0.187126 0.338448 1.604899 0.976110 1.033616 0.376615 1.463656 1.920196 0.061083
0.783931 1.783931 1.216069 0.216069 1.330958 1.841422 1.271076 0.000000 0.181889 0.854467 1.930565 1.098342 0.844576 1.618115 1.281277 0.606511 1.083951 0.932628 0.333823 1.752813 0.237460 0.894462 0.192580 0.649120 1.332159
0.965820 1.965820 1.034180 0.034180 1.149069 1.659533 1.452966 0.181889 0.000000 0.672577 1.748675 1.280231 0.662687 1.800005 1.463166 0.424622 1.265840 1.114517 0.151934 1.570924 0.419349 1.076351 0.010691 0.467231 1.514048
1.638397 1.361603 0.361603 0.638397 0.476492 0.986955 1.874457 0.854467 0.672577 0.000000 1.076098 1.952809 0.009891 1.527418 1.864257 0.247955 1.938417 1.787095 0.520644 0.898347 1.091927 1.748929 0.661887 0.205347 1.813374
1.285505 0.285505 0.714495 1.714495 0.599606 0.089142 0.798359 1.930565 1.748675 1.076098 0.000000 0.971094 1.085988 0.451320 0.788159 1.324053 0.985485 1.136807 1.596741 0.177751 1.831975 1.174974 1.737985 1.281445 0.737276
0.314411 0.685589 1.685589 1.314411 1.570700 1.060236 0.172735 1.098342 1.280231 1.952809 0.971094 0.000000 1.942918 0.519774 0.182935 1.704853 0.014391 0.165714 1.432165 1.148845 0.860882 0.203880 1.290922 1.747462 0.233817
1.628507 1.371493 0.371493 0.628507 0.486382 0.996846 1.884347 0.844576 0.662687 0.009891 1.085988 1.942918 0.000000 1.537308 1.874147 0.238065 1.928527 1.777204 0.510753 0.908237 1.082036 1.739038 0.651996 0.195456 1.823265
0.834185 0.165815 1.165815 1.834185 1.050926 0.540462 0.347039 1.618115 1.800005 1.527418 0.451320 0.519774 1.537308 0.000000 0.336839 1.775373 0.534165 0.685487 1.951938 0.629071 1.380655 0.723654 1.810695 1.732765 0.285956
0.497346 0.502654 1.502654 1.497346 1.387765 0.877301 0.010200 1.281277 1.463166 1.864257 0.788159 0.182935 1.874147 0.336839 0.000000 1.887788 0.197326 0.348649 1.615100 0.965910 1.043817 0.386815 1.473856 1.930396 0.050882
1.390442 1.609558 0.609558 0.390442 0.724447 1.234911 1.877588 0.606511 0.424622 0.247955 1.324053 1.704853 0.238065 1.775373 1.887788 0.000000 1.690462 1.539139 0.272688 1.146302 0.843972 1.500973 0.413932 0.042608 1.938670
0.300020 0.699980 1.699980 1.300020 1.585091 1.074627 0.187126 1.083951 1.265840 1.938417 0.985485 0.014391 1.928527 0.534165 0.197326 1.690462 0.000000 0.151322 1.417774 1.163236 0.846490 0.189489 1.276530 1.733070 0.248208
0.148698 0.851302 1.851302 1.148698 1.736414 1.225950 0.338448 0.932628 1.114517 1.787095 1.136807 0.165714 1.777204 0.685487 0.348649 1.539139 0.151322 0.000000 1.266451 1.314558 0.695168 0.038166 1.125208 1.581748 0.399531
1.117754 1.882246 0.882246 0.117754 0.997135 1.507599 1.604899 0.333823 0.151934 0.520644 1.596741 1.432165 0.510753 1.951938 1.615100 0.272688 1.417774 1.266451 0.000000 1.418990 0.571283 1.228285 0.141243 0.315297 1.665982
1.463256 0.463256 0.536744 1.536744 0.421855 0.088609 0.976110 1.752813 1.570924 0.898347 0.177751 1.148845 0.908237 0.629071 0.965910 1.146302 1.163236 1.314558 1.418990 0.000000 1.990274 1.352725 1.560234 1.103694 0.915027
0.546470 1.546470 1.453530 0.453530 1.568418 1.921118 1.033616 0.237460 0.419349 1.091927 1.831975 0.860882 1.082036 1.380655 1.043817 0.843972 0.846490 0.695168 0.571283 1.990274 0.000000 0.657002 0.430040 0.886580 1.094699
0.110531 0.889469 1.889469 1.110531 1.774580 1.264116 0.376615 0.894462 1.076351 1.748929 1.174974 0.203880 1.739038 0.723654 0.386815 1.500973 0.189489 0.038166 1.228285 1.352725 0.657002 0.000000 1.087042 1.543582 0.437697
0.976510 1.976510 1.023490 0.023490 1.138378 1.648842 1.463656 0.192580 0.010691 0.661887 1.737985 1.290922 0.651996 1.810695 1.473856 0.413932 1.276530 1.125208 0.141243 1.560234 0.430040 1.087042 0.000000 0.456540 1.524739
1.433050 1.566950 0.566950 0.433050 0.681838 1.192302 1.920196 0.649120 0.467231 0.205347 1.281445 1.747462 0.195456 1.732765 1.930396 0.042608 1.733070 1.581748 0.315297 1.103694 0.886580 1.543582 0.456540 0.000000 1.981279
0.548228 0.451772 1.451772 1.548228 1.336883 0.826419 0.061083 1.332159 1.514048 1.813374 0.737276 0.233817 1.823265 0.285956 0.050882 1.938670 0.248208 0.399531 1.665982 0.915027 1.094699 0.437697 1.524739 1.981279 0.000000
