20
0.000000 1.000000 2.000000 1.000000 0.246127 1.737260 1.746283 1.409076 1.487023 1.461355 0.926628 0.820719 1.829057 1.301081 1.334145 0.150484 1.226768 0.326779 1.321627 1.219741
1.000000 0.000000 1.000000 2.000000 1.246127 1.262740 0.746283 0.409076 0.487023 1.538645 0.073372 1.820719 0.829057 1.698919 0.334145 1.150484 1.773232 0.673221 1.678373 0.219741
2.000000 1.000000 0.000000 1.000000 1.753873 0.262740 0.253717 0.590924 0.512977 0.538645 1.073372 1.179281 0.170943 0.698919 0.665855 1.849516 0.773232 1.673221 0.678373 0.780259
1.000000 2.000000 1.000000 0.000000 0.753873 0.737260 1.253717 1.590924 1.512977 0.461355 1.926628 0.179281 1.170943 0.301081 1.665855 0.849516 0.226768 1.326779 0.321627 1.780259
0.246127 1.246127 1.753873 0.753873 0.000000 1.491133 1.992411 1.655204 1.733151 1.215228 1.172756 0.574592 1.924816 1.054954 1.580272 0.095643 0.980641 0.572907 1.075499 1.465869
1.737260 1.262740 0.262740 0.737260 1.491133 0.000000 0.516457 0.853664 0.775717 0.275905 1.336112 0.916541 0.433683 0.436179 0.928595 1.586776 0.510492 1.935960 0.415633 1.042999
1.746283 0.746283 0.253717 1.253717 1.992411 0.516457 0.000000 0.337207 0.259260 0.792361 0.819655 1.432997 0.082773 0.952635 0.412139 1.896768 1.026949 1.419504 0.932090 0.526542
1.409076 0.409076 0.590924 1.590924 1.655204 0.853664 0.337207 0.000000 0.077947 1.129569 0.482448 1.770205 0.419981 1.289842 0.074931 1.559560 1.364156 1.082297 1.269297 0.189335
1.487023 0.487023 0.512977 1.512977 1.733151 0.775717 0.259260 0.077947 0.000000 1.051622 0.560395 1.692258 0.342034 1.211896 0.152878 1.637507 1.286209 1.160244 1.191350 0.267282
1.461355 1.538645 0.538645 0.461355 1.215228 0.275905 0.792361 1.129569 1.051622 0.000000 1.612016 0.640636 0.709588 0.160274 1.204500 1.310871 0.234587 1.788135 0.139729 1.318903
0.926628 0.073372 1.073372 1.926628 1.172756 1.336112 0.819655 0.482448 0.560395 1.612016 0.000000 1.747347 0.902429 1.772290 0.407516 1.077113 1.846604 0.599849 1.751745 0.293113
0.820719 1.820719 1.179281 0.179281 0.574592 0.916541 1.432997 1.770205 1.692258 0.640636 1.747347 0.000000 1.350224 0.480362 1.845136 0.670235 0.406049 1.147499 0.500907 1.959540
1.829057 0.829057 0.170943 1.170943 1.924816 0.433683 0.082773 0.419981 0.342034 0.709588 0.902429 1.350224 0.000000 0.869862 0.494912 1.979541 0.944175 1.502277 0.849317 0.609316
1.301081 1.698919 0.698919 0.301081 1.054954 0.436179 0.952635 1.289842 1.211896 0.160274 1.772290 0.480362 0.869862 0.000000 1.364774 1.150597 0.074313 1.627861 0.020545 1.479177
1.334145 0.334145 0.665855 1.665855 1.580272 0.928595 0.412139 0.074931 0.152878 1.204500 0.407516 1.845136 0.494912 1.364774 0.000000 1.484629 1.439087 1.007365 1.344229 0.114403
0.150484 1.150484 1.849516 0.849516 0.095643 1.586776 1.896768 1.559560 1.637507 1.310871 1.077113 0.670235 1.979541 1.150597 1.484629 0.000000 1.076284 0.477264 1.171142 1.370226
1.226768 1.773232 0.773232 0.226768 0.980641 0.510492 1.026949 1.364156 1.286209 0.234587 1.846604 0.406049 0.944175 0.074313 1.439087 1.076284 0.000000 1.553547 0.094859 1.553491
0.326779 0.673221 1.673221 1.326779 0.572907 1.935960 1.419504 1.082297 1.160244 1.788135 0.599849 1.147499 1.502277 1.627861 1.007365 0.477264 1.553547 0.000000 1.648406 0.892962
1.321627 1.678373 0.678373 0.321627 1.075499 0.415633 0.932090 1.269297 1.191350 0.139729 1.751745 0.500907 0.849317 0.020545 1.344229 1.171142 0.094859 1.648406 0.000000 1.458632
1.219741 0.219741 0.780259 1.780259 1.465869 1.042999 0.526542 0.189335 0.267282 1.318903 0.293113 1.959540 0.609316 1.479177 0.114403 1.370226 1.553491 0.892962 1.458632 0.000000
