45
0.000000 1.000000 2.000000 1.000000 1.364798 0.977255 1.656714 0.200119 0.569810 1.847652 1.583689 0.556134 1.127519 1.920463 1.431190 0.151478 0.192964 0.813356 0.424427 0.921817 1.102755 0.380137 1.096371 0.686831 0.599129 0.062614 1.043901 1.574660 1.238685 0.331989 0.088590 0.145772 1.167986 1.905306 1.835442 0.264596 1.724165 1.863675 0.494671 0.658858 0.575160 0.189519 0.990326 1.841288 0.880186
1.000000 0.000000 1.000000 2.000000 0.364798 1.977255 0.656714 1.200119 1.569810 0.847652 0.583689 1.556134 0.127519 0.920463 0.431190 0.848522 0.807036 0.186644 1.424427 0.078183 1.897245 1.380137 1.903629 1.686831 1.599129 1.062614 1.956099 1.425340 0.238685 1.331989 1.088590 1.145772 1.832014 1.094694 1.164558 1.264596 1.275835 0.863675 1.494671 0.341142 1.575160 0.810481 0.009674 0.841288 0.119814
2.000000 1.000000 0.000000 1.000000 0.635202 1.022745 0.343286 1.799881 1.430190 0.152348 0.416311 1.443866 0.872481 0.079537 0.568810 1.848522 1.807036 1.186644 1.575573 1.078183 0.897245 1.619863 0.903629 1.313169 1.400871 1.937386 0.956099 0.425340 0.761315 1.668011 1.911410 1.854228 0.832014 0.094694 0.164558 1.735404 0.275835 0.136325 1.505329 1.341142 1.424840 1.810481 1.009674 0.158712 1.119814
1.000000 2.000000 1.000000 0.000000 1.635202 0.022745 1.343286 0.799881 0.430190 1.152348 1.416311 0.443866 1.872481 1.079537 1.568810 1.151478 1.192964 1.813356 0.575573 1.921817 0.102755 0.619863 0.096371 0.313169 0.400871 0.937386 0.043901 0.574660 1.761315 0.668011 0.911410 0.854228 0.167986 0.905306 0.835442 0.735404 0.724165 1.136325 0.505329 1.658858 0.424840 1.189519 1.990326 1.158712 1.880186
1.364798 0.364798 0.635202 1.635202 0.000000 1.657947 0.291916 1.564917 1.934609 0.482854 0.218891 1.920933 0.237280 0.555664 0.066391 1.213320 1.171834 0.551442 1.789225 0.442982 1.532447 1.744935 1.538831 1.948370 1.963928 1.427412 1.591301 1.060542 0.126114 1.696788 1.453389 1.510571 1.467216 0.729895 0.799760 1.629395 0.911037 0.498877 1.859469 0.705940 1.939959 1.175279 0.374472 0.476489 0.484612
0.977255 1.977255 1.022745 0.022745 1.657947 0.000000 1.366031 0.777136 0.407445 1.175093 1.439056 0.421120 1.895227 1.102283 1.591556 1.128733 1.170219 1.790611 0.552828 1.899072 0.125500 0.597118 0.119116 0.290423 0.378125 0.914641 0.066646 0.597405 1.784061 0.645266 0.888664 0.831482 0.190731 0.928052 0.858187 0.712658 0.746910 1.159070 0.482584 1.636113 0.402095 1.166774 1.967581 1.181458 1.857441
1.656714 0.656714 0.343286 1.343286 0.291916 1.366031 0.000000 1.856833 1.773476 0.190938 0.073025 1.787151 0.529196 0.263748 0.225524 1.505236 1.463750 0.843358 1.918859 0.734897 1.240531 1.963149 1.246915 1.656454 1.744156 1.719328 1.299385 0.768626 0.418030 1.988703 1.745304 1.802487 1.175300 0.437980 0.507844 1.921311 0.619121 0.206961 1.848615 0.997856 1.768126 1.467195 0.666388 0.184573 0.776528
0.200119 1.200119 1.799881 0.799881 1.564917 0.777136 1.856833 0.000000 0.369692 1.952229 1.783808 0.356016 1.327637 1.879419 1.631308 0.351597 0.393083 1.013475 0.224308 1.121935 0.902636 0.180018 0.896252 0.486713 0.399011 0.137505 0.843782 1.374541 1.438803 0.131871 0.111528 0.054346 0.967867 1.705188 1.635323 0.064478 1.524046 1.936206 0.294552 0.858977 0.375042 0.389638 1.190445 1.958594 1.080305
0.569810 1.569810 1.430190 0.430190 1.934609 0.407445 1.773476 0.369692 0.000000 1.582538 1.846501 0.013676 1.697329 1.509727 1.999000 0.721288 0.762774 1.383166 0.145383 1.491627 0.532945 0.189673 0.526561 0.117021 0.029319 0.507197 0.474091 1.004850 1.808495 0.237821 0.481220 0.424038 0.598176 1.335496 1.265632 0.305214 1.154355 1.566515 0.075139 1.228668 0.005350 0.759329 1.560137 1.588902 1.449996
1.847652 0.847652 0.152348 1.152348 0.482854 1.175093 0.190938 1.952229 1.582538 0.000000 0.263963 1.596213 0.720133 0.072811 0.416462 1.696174 1.654688 1.034296 1.727921 0.925835 1.049593 1.772211 1.055977 1.465516 1.553218 1.910266 1.108447 0.577688 0.608967 1.820359 1.936242 1.993424 0.984362 0.247042 0.316906 1.887752 0.428183 0.016023 1.657677 1.188794 1.577188 1.658133 0.857326 0.006365 0.967466
1.583689 0.583689 0.416311 1.416311 0.218891 1.439056 0.073025 1.783808 1.846501 0.263963 0.000000 1.860176 0.456171 0.336773 0.152499 1.432211 1.390725 0.770333 1.991884 0.661872 1.313556 1.963826 1.319940 1.729479 1.817181 1.646303 1.372410 0.841651 0.345005 1.915678 1.672279 1.729461 1.248325 0.511005 0.580869 1.848286 0.692146 0.279986 1.921640 0.924831 1.841151 1.394170 0.593363 0.257598 0.703503
0.556134 1.556134 1.443866 0.443866 1.920933 0.421120 1.787151 0.356016 0.013676 1.596213 1.860176 0.000000 1.683653 1.523403 1.987324 0.707612 0.749099 1.369490 0.131708 1.477951 0.546620 0.175998 0.540236 0.130697 0.042995 0.493521 0.487766 1.018526 1.794819 0.224145 0.467544 0.410362 0.611852 1.349172 1.279307 0.291538 1.168030 1.580190 0.061464 1.214993 0.019026 0.745654 1.546461 1.602578 1.436321
1.127519 0.127519 0.872481 1.872481 0.237280 1.895227 0.529196 1.327637 1.697329 0.720133 0.456171 1.683653 0.000000 0.792944 0.303671 0.976041 0.934554 0.314163 1.551945 0.205702 1.769727 1.507655 1.776111 1.814350 1.726648 1.190132 1.828581 1.297821 0.111166 1.459508 1.216109 1.273291 1.704495 0.967175 1.037040 1.392115 1.148317 0.736157 1.622189 0.468660 1.702679 0.937999 0.137192 0.713769 0.247332
1.920463 0.920463 0.079537 1.079537 0.555664 1.102283 0.263748 1.879419 1.509727 0.072811 0.336773 1.523403 0.792944 0.000000 0.489273 1.768985 1.727498 1.107107 1.655111 0.998646 0.976783 1.699401 0.983167 1.392706 1.480408 1.983076 1.035637 0.504877 0.681778 1.747548 1.990947 1.933765 0.911551 0.174231 0.244096 1.814941 0.355373 0.056787 1.584867 1.261604 1.504377 1.730943 0.930136 0.079175 1.040276
1.431190 0.431190 0.568810 1.568810 0.066391 1.591556 0.225524 1.631308 1.999000 0.416462 0.152499 1.987324 0.303671 0.489273 0.000000 1.279712 1.238226 0.617834 1.855617 0.509373 1.466056 1.811327 1.472439 1.881979 1.969681 1.493803 1.524909 0.994150 0.192505 1.763179 1.519780 1.576962 1.400824 0.663504 0.733368 1.695786 0.844645 0.432486 1.925861 0.772332 1.993650 1.241671 0.440863 0.410098 0.551004
0.151478 0.848522 1.848522 1.151478 1.213320 1.128733 1.505236 0.351597 0.721288 1.696174 1.432211 0.707612 0.976041 1.768985 1.279712 0.000000 0.041486 0.661878 0.575905 0.770339 1.254233 0.531615 1.247849 0.838309 0.750607 0.214092 1.195379 1.726138 1.087207 0.483467 0.240068 0.297250 1.319464 1.943216 1.986920 0.416074 1.875643 1.712197 0.646149 0.507380 0.726638 0.038041 0.838848 1.689810 0.728708
0.192964 0.807036 1.807036 1.192964 1.171834 1.170219 1.463750 0.393083 0.762774 1.654688 1.390725 0.749099 0.934554 1.727498 1.238226 0.041486 0.000000 0.620392 0.617391 0.728853 1.295719 0.573101 1.289335 0.879796 0.792094 0.255578 1.236865 1.767624 1.045720 0.524953 0.281554 0.338737 1.360950 1.901730 1.971594 0.457561 1.917129 1.670711 0.687635 0.465894 0.768124 0.003445 0.797362 1.648323 0.687222
0.813356 0.186644 1.186644 1.813356 0.551442 1.790611 0.843358 1.013475 1.383166 1.034296 0.770333 1.369490 0.314163 1.107107 0.617834 0.661878 0.620392 0.000000 1.237783 0.108461 1.916111 1.193493 1.909727 1.500187 1.412485 0.875970 1.857257 1.611984 0.425329 1.145345 0.901946 0.959128 1.981342 1.281338 1.351202 1.077952 1.462479 1.050319 1.308027 0.154498 1.388516 0.623837 0.176970 1.027932 0.066830
0.424427 1.424427 1.575573 0.575573 1.789225 0.552828 1.918859 0.224308 0.145383 1.727921 1.991884 0.131708 1.551945 1.655111 1.855617 0.575905 0.617391 1.237783 0.000000 1.346244 0.678328 0.044290 0.671944 0.262405 0.174703 0.361813 0.619474 1.150233 1.663111 0.092438 0.335837 0.278654 0.743559 1.480879 1.411015 0.159830 1.299738 1.711898 0.070244 1.083285 0.150733 0.613946 1.414753 1.734286 1.304613
0.921817 0.078183 1.078183 1.921817 0.442982 1.899072 0.734897 1.121935 1.491627 0.925835 0.661872 1.477951 0.205702 0.998646 0.509373 0.770339 0.728853 0.108461 1.346244 0.000000 1.975429 1.301954 1.981812 1.608648 1.520946 0.984430 1.965718 1.503523 0.316868 1.253806 1.010407 1.067589 1.910197 1.172877 1.242741 1.186413 1.354018 0.941859 1.416488 0.262959 1.496977 0.732298 0.068510 0.919471 0.041631
1.102755 1.897245 0.897245 0.102755 1.532447 0.125500 1.240531 0.902636 0.532945 1.049593 1.313556 0.546620 1.769727 0.976783 1.466056 1.254233 1.295719 1.916111 0.678328 1.975429 0.000000 0.722618 0.006384 0.415923 0.503625 1.040141 0.058854 0.471905 1.658561 0.770766 1.014164 0.956982 0.065231 0.802552 0.732687 0.838158 0.621410 1.033570 0.608084 1.761613 0.527595 1.292274 1.906919 1.055958 1.982941
0.380137 1.380137 1.619863 0.619863 1.744935 0.597118 1.963149 0.180018 0.189673 1.772211 1.963826 0.175998 1.507655 1.699401 1.811327 0.531615 0.573101 1.193493 0.044290 1.301954 0.722618 0.000000 0.716234 0.306695 0.218993 0.317523 0.663764 1.194523 1.618821 0.048148 0.291547 0.234364 0.787849 1.525169 1.455305 0.115540 1.344028 1.756188 0.114534 1.038995 0.195023 0.569656 1.370463 1.778576 1.260323
1.096371 1.903629 0.903629 0.096371 1.538831 0.119116 1.246915 0.896252 0.526561 1.055977 1.319940 0.540236 1.776111 0.983167 1.472439 1.247849 1.289335 1.909727 0.671944 1.981812 0.006384 0.716234 0.000000 0.409539 0.497241 1.033757 0.052470 0.478289 1.664945 0.764382 1.007781 0.950599 0.071615 0.808935 0.739071 0.831774 0.627794 1.039954 0.601700 1.755229 0.521211 1.285890 1.913303 1.062342 1.976557
0.686831 1.686831 1.313169 0.313169 1.948370 0.290423 1.656454 0.486713 0.117021 1.465516 1.729479 0.130697 1.814350 1.392706 1.881979 0.838309 0.879796 1.500187 0.262405 1.608648 0.415923 0.306695 0.409539 0.000000 0.087702 0.624218 0.357069 0.887829 1.925516 0.354842 0.598241 0.541059 0.481155 1.218475 1.148610 0.422235 1.037333 1.449493 0.192161 1.345690 0.111671 0.876351 1.677158 1.471881 1.567018
0.599129 1.599129 1.400871 0.400871 1.963928 0.378125 1.744156 0.399011 0.029319 1.553218 1.817181 0.042995 1.726648 1.480408 1.969681 0.750607 0.792094 1.412485 0.174703 1.520946 0.503625 0.218993 0.497241 0.087702 0.000000 0.536516 0.444771 0.975531 1.837814 0.267140 0.510539 0.453357 0.568856 1.306177 1.236312 0.334533 1.125035 1.537195 0.104459 1.257988 0.023969 0.788649 1.589456 1.559583 1.479316
0.062614 1.062614 1.937386 0.937386 1.427412 0.914641 1.719328 0.137505 0.507197 1.910266 1.646303 0.493521 1.190132 1.983076 1.493803 0.214092 0.255578 0.875970 0.361813 0.984430 1.040141 0.317523 1.033757 0.624218 0.536516 0.000000 0.981287 1.512046 1.301298 0.269376 0.025977 0.083159 1.105372 1.842693 1.772828 0.201983 1.661551 1.926289 0.432057 0.721472 0.512547 0.252133 1.052940 1.903901 0.942800
1.043901 1.956099 0.956099 0.043901 1.591301 0.066646 1.299385 0.843782 0.474091 1.108447 1.372410 0.487766 1.828581 1.035637 1.524909 1.195379 1.236865 1.857257 0.619474 1.965718 0.058854 0.663764 0.052470 0.357069 0.444771 0.981287 0.000000 0.530759 1.717415 0.711912 0.955311 0.898128 0.124085 0.861405 0.791541 0.779304 0.680264 1.092424 0.549230 1.702759 0.468741 1.233420 1.965773 1.114812 1.924087
1.574660 1.425340 0.425340 0.574660 1.060542 0.597405 0.768626 1.374541 1.004850 0.577688 0.841651 1.018526 1.297821 0.504877 0.994150 1.726138 1.767624 1.611984 1.150233 1.503523 0.471905 1.194523 0.478289 0.887829 0.975531 1.512046 0.530759 0.000000 1.186655 1.242671 1.486070 1.428888 0.406674 0.330646 0.260782 1.310064 0.149505 0.561665 1.079989 1.766482 0.999500 1.764179 1.435014 0.584052 1.545154
1.238685 0.238685 0.761315 1.761315 0.126114 1.784061 0.418030 1.438803 1.808495 0.608967 0.345005 1.794819 0.111166 0.681778 0.192505 1.087207 1.045720 0.425329 1.663111 0.316868 1.658561 1.618821 1.664945 1.925516 1.837814 1.301298 1.717415 1.186655 0.000000 1.570674 1.327275 1.384457 1.593329 0.856009 0.925874 1.503281 1.037151 0.624991 1.733355 0.579826 1.813845 1.049165 0.248358 0.602603 0.358499
0.331989 1.331989 1.668011 0.668011 1.696788 0.645266 1.988703 0.131871 0.237821 1.820359 1.915678 0.224145 1.459508 1.747548 1.763179 0.483467 0.524953 1.145345 0.092438 1.253806 0.770766 0.048148 0.764382 0.354842 0.267140 0.269376 0.711912 1.242671 1.570674 0.000000 0.243399 0.186217 0.835997 1.573317 1.503453 0.067393 1.392176 1.804336 0.162682 0.990847 0.243171 0.521508 1.322316 1.826723 1.212175
0.088590 1.088590 1.911410 0.911410 1.453389 0.888664 1.745304 0.111528 0.481220 1.936242 1.672279 0.467544 1.216109 1.990947 1.519780 0.240068 0.281554 0.901946 0.335837 1.010407 1.014164 0.291547 1.007781 0.598241 0.510539 0.025977 0.955311 1.486070 1.327275 0.243399 0.000000 0.057182 1.079396 1.816716 1.746852 0.176006 1.635575 1.952266 0.406081 0.747448 0.486570 0.278109 1.078917 1.929878 0.968776
0.145772 1.145772 1.854228 0.854228 1.510571 0.831482 1.802487 0.054346 0.424038 1.993424 1.729461 0.410362 1.273291 1.933765 1.576962 0.297250 0.338737 0.959128 0.278654 1.067589 0.956982 0.234364 0.950599 0.541059 0.453357 0.083159 0.898128 1.428888 1.384457 0.186217 0.057182 0.000000 1.022214 1.759534 1.689669 0.118824 1.578392 1.990552 0.348899 0.804630 0.429388 0.335291 1.136099 1.987060 1.025958
1.167986 1.832014 0.832014 0.167986 1.467216 0.190731 1.175300 0.967867 0.598176 0.984362 1.248325 0.611852 1.704495 0.911551 1.400824 1.319464 1.360950 1.981342 0.743559 1.910197 0.065231 0.787849 0.071615 0.481155 0.568856 1.105372 0.124085 0.406674 1.593329 0.835997 1.079396 1.022214 0.000000 0.737320 0.667456 0.903390 0.556179 0.968339 0.673315 1.826844 0.592826 1.357505 1.841688 0.990726 1.951828
1.905306 1.094694 0.094694 0.905306 0.729895 0.928052 0.437980 1.705188 1.335496 0.247042 0.511005 1.349172 0.967175 0.174231 0.663504 1.943216 1.901730 1.281338 1.480879 1.172877 0.802552 1.525169 0.808935 1.218475 1.306177 1.842693 0.861405 0.330646 0.856009 1.573317 1.816716 1.759534 0.737320 0.000000 0.069864 1.640710 0.181141 0.231018 1.410635 1.435836 1.330146 1.905175 1.104367 0.253406 1.214508
1.835442 1.164558 0.164558 0.835442 0.799760 0.858187 0.507844 1.635323 1.265632 0.316906 0.580869 1.279307 1.037040 0.244096 0.733368 1.986920 1.971594 1.351202 1.411015 1.242741 0.732687 1.455305 0.739071 1.148610 1.236312 1.772828 0.791541 0.260782 0.925874 1.503453 1.746852 1.689669 0.667456 0.069864 0.000000 1.570845 0.111277 0.300883 1.340771 1.505700 1.260282 1.975039 1.174232 0.323271 1.284372
0.264596 1.264596 1.735404 0.735404 1.629395 0.712658 1.921311 0.064478 0.305214 1.887752 1.848286 0.291538 1.392115 1.814941 1.695786 0.416074 0.457561 1.077952 0.159830 1.186413 0.838158 0.115540 0.831774 0.422235 0.334533 0.201983 0.779304 1.310064 1.503281 0.067393 0.176006 0.118824 0.903390 1.640710 1.570845 0.000000 1.459568 1.871728 0.230074 0.923455 0.310564 0.454116 1.254923 1.894116 1.144783
1.724165 1.275835 0.275835 0.724165 0.911037 0.746910 0.619121 1.524046 1.154355 0.428183 0.692146 1.168030 1.148317 0.355373 0.844645 1.875643 1.917129 1.462479 1.299738 1.354018 0.621410 1.344028 0.627794 1.037333 1.125035 1.661551 0.680264 0.149505 1.037151 1.392176 1.635575 1.578392 0.556179 0.181141 0.111277 1.459568 0.000000 0.412160 1.229494 1.616977 1.149005 1.913684 1.285509 0.434548 1.395649
1.863675 0.863675 0.136325 1.136325 0.498877 1.159070 0.206961 1.936206 1.566515 0.016023 0.279986 1.580190 0.736157 0.056787 0.432486 1.712197 1.670711 1.050319 1.711898 0.941859 1.033570 1.756188 1.039954 1.449493 1.537195 1.926289 1.092424 0.561665 0.624991 1.804336 1.952266 1.990552 0.968339 0.231018 0.300883 1.871728 0.412160 0.000000 1.641654 1.204817 1.561165 1.674156 0.873349 0.022388 0.983489
0.494671 1.494671 1.505329 0.505329 1.859469 0.482584 1.848615 0.294552 0.075139 1.657677 1.921640 0.061464 1.622189 1.584867 1.925861 0.646149 0.687635 1.308027 0.070244 1.416488 0.608084 0.114534 0.601700 0.192161 0.104459 0.432057 0.549230 1.079989 1.733355 0.162682 0.406081 0.348899 0.673315 1.410635 1.340771 0.230074 1.229494 1.641654 0.000000 1.153529 0.080489 0.684190 1.484997 1.664042 1.374857
0.658858 0.341142 1.341142 1.658858 0.705940 1.636113 0.997856 0.858977 1.228668 1.188794 0.924831 1.214993 0.468660 1.261604 0.772332 0.507380 0.465894 0.154498 1.083285 0.262959 1.761613 1.038995 1.755229 1.345690 1.257988 0.721472 1.702759 1.766482 0.579826 0.990847 0.747448 0.804630 1.826844 1.435836 1.505700 0.923455 1.616977 1.204817 1.153529 0.000000 1.234018 0.469339 0.331468 1.182429 0.221328
0.575160 1.575160 1.424840 0.424840 1.939959 0.402095 1.768126 0.375042 0.005350 1.577188 1.841151 0.019026 1.702679 1.504377 1.993650 0.726638 0.768124 1.388516 0.150733 1.496977 0.527595 0.195023 0.521211 0.111671 0.023969 0.512547 0.468741 0.999500 1.813845 0.243171 0.486570 0.429388 0.592826 1.330146 1.260282 0.310564 1.149005 1.561165 0.080489 1.234018 0.000000 0.764679 1.565487 1.583552 1.455346
0.189519 0.810481 1.810481 1.189519 1.175279 1.166774 1.467195 0.389638 0.759329 1.658133 1.394170 0.745654 0.937999 1.730943 1.241671 0.038041 0.003445 0.623837 0.613946 0.732298 1.292274 0.569656 1.285890 0.876351 0.788649 0.252133 1.233420 1.764179 1.049165 0.521508 0.278109 0.335291 1.357505 1.905175 1.975039 0.454116 1.913684 1.674156 0.684190 0.469339 0.764679 0.000000 0.800807 1.651768 0.690667
0.990326 0.009674 1.009674 1.990326 0.374472 1.967581 0.666388 1.190445 1.560137 0.857326 0.593363 1.546461 0.137192 0.930136 0.440863 0.838848 0.797362 0.176970 1.414753 0.068510 1.906919 1.370463 1.913303 1.677158 1.589456 1.052940 1.965773 1.435014 0.248358 1.322316 1.078917 1.136099 1.841688 1.104367 1.174232 1.254923 1.285509 0.873349 1.484997 0.331468 1.565487 0.800807 0.000000 0.850961 0.110140
1.841288 0.841288 0.158712 1.158712 0.476489 1.181458 0.184573 1.958594 1.588902 0.006365 0.257598 1.602578 0.713769 0.079175 0.410098 1.689810 1.648323 1.027932 1.734286 0.919471 1.055958 1.778576 1.062342 1.471881 1.559583 1.903901 1.114812 0.584052 0.602603 1.826723 1.929878 1.987060 0.990726 0.253406 0.323271 1.894116 0.434548 0.022388 1.664042 1.182429 1.583552 1.651768 0.850961 0.000000 0.961101
0.880186 0.119814 1.119814 1.880186 0.484612 1.857441 0.776528 1.080305 1.449996 0.967466 0.703503 1.436321 0.247332 1.040276 0.551004 0.728708 0.687222 0.066830 1.304613 0.041631 1.982941 1.260323 1.976557 1.567018 1.479316 0.942800 1.924087 1.545154 0.358499 1.212175 0.968776 1.025958 1.951828 1.214508 1.284372 1.144783 1.395649 0.983489 1.374857 0.221328 1.455346 0.690667 0.110140 0.961101 0.000000
