20
0.000000 1.000000 2.000000 1.000000 1.770334 0.320428 1.326464 0.024569 1.629405 1.154974 1.286533 0.197447 0.480290 1.639244 0.586496 0.066976 0.626026 1.909915 1.183347 1.934810
1.000000 0.000000 1.000000 2.000000 0.770334 0.679572 1.673536 0.975431 1.370595 0.154974 1.713467 0.802553 1.480290 1.360756 0.413504 1.066976 1.626026 0.909915 1.816653 0.934810
2.000000 1.000000 0.000000 1.000000 0.229666 1.679572 0.673536 1.975431 0.370595 0.845026 0.713467 1.802553 1.519710 0.360756 1.413504 1.933024 1.373974 0.090085 0.816653 0.065190
1.000000 2.000000 1.000000 0.000000 1.229666 1.320428 0.326464 1.024569 0.629405 1.845026 0.286533 1.197447 0.519710 0.639244 1.586496 0.933024 0.373974 1.090085 0.183347 1.065190
1.770334 0.770334 0.229666 1.229666 0.000000 1.449906 0.903202 1.745765 0.600260 0.615360 0.943133 1.572888 1.749376 0.590421 1.183838 1.837311 1.603640 0.139581 1.046319 0.164476
0.320428 0.679572 1.679572 1.320428 1.449906 0.000000 1.646892 0.295859 1.949833 0.834546 1.606961 0.122982 0.800718 1.959673 0.266068 0.387404 0.946454 1.589487 1.503775 1.614382
1.326464 1.673536 0.673536 0.326464 0.903202 1.646892 0.000000 1.351033 0.302941 1.518562 0.039931 1.523910 0.846174 0.312780 1.912960 1.259488 0.700438 0.763621 0.143117 0.738726
0.024569 0.975431 1.975431 1.024569 1.745765 0.295859 1.351033 0.000000 1.653974 1.130405 1.311102 0.172878 0.504859 1.663813 0.561927 0.091545 0.650595 1.885346 1.207916 1.910241
1.629405 1.370595 0.370595 0.629405 0.600260 1.949833 0.302941 1.653974 0.000000 1.215621 0.342872 1.826852 1.149115 0.009839 1.784099 1.562429 1.003379 0.460680 0.446058 0.435784
1.154974 0.154974 0.845026 1.845026 0.615360 0.834546 1.518562 1.130405 1.215621 0.000000 1.558493 0.957528 1.635264 1.205781 0.568478 1.221950 1.781000 0.754941 1.661679 0.779836
1.286533 1.713467 0.713467 0.286533 0.943133 1.606961 0.039931 1.311102 0.342872 1.558493 0.000000 1.483979 0.806243 0.352712 1.873029 1.219557 0.660507 0.803552 0.103186 0.778657
0.197447 0.802553 1.802553 1.197447 1.572888 0.122982 1.523910 0.172878 1.826852 0.957528 1.483979 0.000000 0.677736 1.836691 0.389050 0.264423 0.823472 1.712468 1.380793 1.737364
0.480290 1.480290 1.519710 0.519710 1.749376 0.800718 0.846174 0.504859 1.149115 1.635264 0.806243 0.677736 0.000000 1.158954 1.066786 0.413314 0.145736 1.609795 0.703057 1.584900
1.639244 1.360756 0.360756 0.639244 0.590421 1.959673 0.312780 1.663813 0.009839 1.205781 0.352712 1.836691 1.158954 0.000000 1.774259 1.572268 1.013219 0.450841 0.455898 0.425945
0.586496 0.413504 1.413504 1.586496 1.183838 0.266068 1.912960 0.561927 1.784099 0.568478 1.873029 0.389050 1.066786 1.774259 0.000000 0.653472 1.212522 1.323419 1.769843 1.348314
0.066976 1.066976 1.933024 0.933024 1.837311 0.387404 1.259488 0.091545 1.562429 1.221950 1.219557 0.264423 0.413314 1.572268 0.653472 0.000000 0.559050 1.976891 1.116371 1.998213
0.626026 1.626026 1.373974 0.373974 1.603640 0.946454 0.700438 0.650595 1.003379 1.781000 0.660507 0.823472 0.145736 1.013219 1.212522 0.559050 0.000000 1.464059 0.557321 1.439164
1.909915 0.909915 0.090085 1.090085 0.139581 1.589487 0.763621 1.885346 0.460680 0.754941 0.803552 1.712468 1.609795 0.450841 1.323419 1.976891 1.464059 0.000000 0.906738 0.024895
1.183347 1.816653 0.816653 0.183347 1.046319 1.503775 0.143117 1.207916 0.446058 1.661679 0.103186 1.380793 0.703057 0.455898 1.769843 1.116371 0.557321 0.906738 0.000000 0.881843
1.934810 0.934810 0.065190 1.065190 0.164476 1.614382 0.738726 1.910241 0.435784 0.779836 0.778657 1.737364 1.584900 0.425945 1.348314 1.998213 1.439164 0.024895 0.881843 0.000000
