25
0.000000 1.000000 2.000000 1.000000 0.156787 1.960147 1.296780 1.300911 0.656192 0.526671 0.915629 0.363421 0.660570 1.420791 0.205573 0.449038 1.732813 0.505316 1.547473 1.158666 1.356202 0.057782 1.755923 0.086955 0.927875
1.000000 0.000000 1.000000 2.000000 0.843213 0.960147 1.703220 0.300911 1.656192 0.473329 1.915629 0.636579 0.339430 1.579209 0.794427 0.550962 0.732813 0.494684 1.452527 1.841334 1.643798 1.057782 0.755923 0.913045 1.927875
2.000000 1.000000 0.000000 1.000000 1.843213 0.039853 0.703220 0.699089 1.343808 1.473329 1.084371 1.636579 1.339430 0.579209 1.794427 1.550962 0.267187 1.494684 0.452527 0.841334 0.643798 1.942218 0.244077 1.913045 1.072125
1.000000 2.000000 1.000000 0.000000 1.156787 1.039853 0.296780 1.699089 0.343808 1.526671 0.084371 1.363421 1.660570 0.420791 1.205573 1.449038 1.267187 1.505316 0.547473 0.158666 0.356202 0.942218 1.244077 1.086955 0.072125
0.156787 0.843213 1.843213 1.156787 0.000000 1.803360 1.453567 1.144124 0.812979 0.369884 1.072416 0.206634 0.503783 1.577578 0.048786 0.292251 1.576026 0.348529 1.704260 1.315453 1.512989 0.214569 1.599136 0.069832 1.084662
1.960147 0.960147 0.039853 1.039853 1.803360 0.000000 0.743073 0.659236 1.383660 1.433476 1.124223 1.596726 1.299577 0.619062 1.754574 1.511109 0.227334 1.454831 0.492380 0.881187 0.683651 1.982071 0.204225 1.873192 1.111978
1.296780 1.703220 0.703220 0.296780 1.453567 0.743073 0.000000 1.402309 0.640587 1.823450 0.381150 1.660201 1.957350 0.124011 1.502353 1.745817 0.970407 1.802096 0.250694 0.138114 0.059422 1.238998 0.947298 1.383735 0.368905
1.300911 0.300911 0.699089 1.699089 1.144124 0.659236 1.402309 0.000000 1.957104 0.774240 1.783459 0.937490 0.640341 1.278298 1.095338 0.851873 0.431902 0.795595 1.151616 1.540423 1.342887 1.358693 0.455012 1.213956 1.771214
0.656192 1.656192 1.343808 0.343808 0.812979 1.383660 0.640587 1.957104 0.000000 1.182863 0.259437 1.019613 1.316762 0.764598 0.861765 1.105230 1.610995 1.161508 0.891281 0.502473 0.700010 0.598410 1.587885 0.743148 0.271682
0.526671 0.473329 1.473329 1.526671 0.369884 1.433476 1.823450 0.774240 1.182863 0.000000 1.442300 0.163250 0.133899 1.947462 0.321098 0.077633 1.206142 0.021355 1.925856 1.685337 1.882873 0.584453 1.229252 0.439716 1.454546
0.915629 1.915629 1.084371 0.084371 1.072416 1.124223 0.381150 1.783459 0.259437 1.442300 0.000000 1.279050 1.576199 0.505161 1.121202 1.364667 1.351558 1.420945 0.631844 0.243036 0.440573 0.857847 1.328448 1.002585 0.012245
0.363421 0.636579 1.636579 1.363421 0.206634 1.596726 1.660201 0.937490 1.019613 0.163250 1.279050 0.000000 0.297149 1.784212 0.157848 0.085617 1.369392 0.141895 1.910894 1.522087 1.719623 0.421203 1.392502 0.276466 1.291296
0.660570 0.339430 1.339430 1.660570 0.503783 1.299577 1.957350 0.640341 1.316762 0.133899 1.576199 0.297149 0.000000 1.918639 0.454997 0.211532 1.072243 0.155254 1.791957 1.819236 1.983228 0.718352 1.095353 0.573615 1.588445
1.420791 1.579209 0.579209 0.420791 1.577578 0.619062 0.124011 1.278298 0.764598 1.947462 0.505161 1.784212 1.918639 0.000000 1.626364 1.869828 0.846396 1.926107 0.126682 0.262125 0.064589 1.363009 0.823287 1.507746 0.492916
0.205573 0.794427 1.794427 1.205573 0.048786 1.754574 1.502353 1.095338 0.861765 0.321098 1.121202 0.157848 0.454997 1.626364 0.000000 0.243465 1.527240 0.299743 1.753046 1.364239 1.561775 0.263355 1.550350 0.118618 1.133448
0.449038 0.550962 1.550962 1.449038 0.292251 1.511109 1.745817 0.851873 1.105230 0.077633 1.364667 0.085617 0.211532 1.869828 0.243465 0.000000 1.283775 0.056278 1.996511 1.607704 1.805240 0.506820 1.306885 0.362083 1.376912
1.732813 0.732813 0.267187 1.267187 1.576026 0.227334 0.970407 0.431902 1.610995 1.206142 1.351558 1.369392 1.072243 0.846396 1.527240 1.283775 0.000000 1.227497 0.719714 1.108521 0.910985 1.790595 0.023110 1.645858 1.339312
0.505316 0.494684 1.494684 1.505316 0.348529 1.454831 1.802096 0.795595 1.161508 0.021355 1.420945 0.141895 0.155254 1.926107 0.299743 0.056278 1.227497 0.000000 1.947211 1.663982 1.861518 0.563098 1.250607 0.418361 1.433191
1.547473 1.452527 0.452527 0.547473 1.704260 0.492380 0.250694 1.151616 0.891281 1.925856 0.631844 1.910894 1.791957 0.126682 1.753046 1.996511 0.719714 1.947211 0.000000 0.388807 0.191271 1.489691 0.696604 1.634428 0.619598
1.158666 1.841334 0.841334 0.158666 1.315453 0.881187 0.138114 1.540423 0.502473 1.685337 0.243036 1.522087 1.819236 0.262125 1.364239 1.607704 1.108521 1.663982 0.388807 0.000000 0.197536 1.100884 1.085411 1.245621 0.230791
1.356202 1.643798 0.643798 0.356202 1.512989 0.683651 0.059422 1.342887 0.700010 1.882873 0.440573 1.719623 1.983228 0.064589 1.561775 1.805240 0.910985 1.861518 0.191271 0.197536 0.000000 1.298420 0.887875 1.443157 0.428327
0.057782 1.057782 1.942218 0.942218 0.214569 1.982071 1.238998 1.358693 0.598410 0.584453 0.857847 0.421203 0.718352 1.363009 0.263355 0.506820 1.790595 0.563098 1.489691 1.100884 1.298420 0.000000 1.813705 0.144737 0.870093
1.755923 0.755923 0.244077 1.244077 1.599136 0.204225 0.947298 0.455012 1.587885 1.229252 1.328448 1.392502 1.095353 0.823287 1.550350 1.306885 0.023110 1.250607 0.696604 1.085411 0.887875 1.813705 0.000000 1.668967 1.316203
0.086955 0.913045 1.913045 1.086955 0.069832 1.873192 1.383735 1.213956 0.743148 0.439716 1.002585 0.276466 0.573615 1.507746 0.118618 0.362083 1.645858 0.418361 1.634428 1.245621 1.443157 0.144737 1.668967 0.000000 1.014830
0.927875 1.927875 1.072125 0.072125 1.084662 1.111978 0.368905 1.771214 0.271682 1.454546 0.012245 1.291296 1.588445 0.492916 1.133448 1.376912 1.339312 1.433191 0.619598 0.230791 0.428327 0.870093 1.316203 1.014830 0.000000
