20
0.000000 1.000000 2.000000 1.000000 0.812146 1.490847 1.704265 0.826904 1.831484 1.884170 0.303621 0.039408 0.502204 0.266237 0.595425 1.875250 0.477220 1.925142 0.894976 1.317389
1.000000 0.000000 1.000000 2.000000 0.187854 1.509153 1.295735 1.826904 1.168516 0.884170 0.696379 0.960592 1.502204 0.733763 1.595425 0.875250 0.522780 1.074858 1.894976 0.317389
2.000000 1.000000 0.000000 1.000000 1.187854 0.509153 0.295735 1.173096 0.168516 0.115830 1.696379 1.960592 1.497796 1.733763 1.404575 0.124750 1.522780 0.074858 1.105024 0.682611
1.000000 2.000000 1.000000 0.000000 1.812146 0.490847 0.704265 0.173096 0.831484 1.115830 1.303621 1.039408 0.497796 1.266237 0.404575 1.124750 1.477220 0.925142 0.105024 1.682611
0.812146 0.187854 1.187854 1.812146 0.000000 1.697007 1.483588 1.639050 1.356370 1.072024 0.508526 0.772738 1.314350 0.545910 1.407572 1.063103 0.334927 1.262712 1.707122 0.505243
1.490847 1.509153 0.509153 0.490847 1.697007 0.000000 0.213419 0.663943 0.340637 0.624983 1.794468 1.530255 0.988643 1.757083 0.895421 0.633904 1.968066 0.434295 0.595871 1.191764
1.704265 1.295735 0.295735 0.704265 1.483588 0.213419 0.000000 0.877362 0.127218 0.411564 1.992114 1.743674 1.202062 1.970502 1.108840 0.420485 1.818515 0.220877 0.809290 0.978345
0.826904 1.826904 1.173096 0.173096 1.639050 0.663943 0.877362 0.000000 1.004580 1.288926 1.130525 0.866312 0.324700 1.093140 0.231478 1.297847 1.304123 1.098238 0.068072 1.855707
1.831484 1.168516 0.168516 0.831484 1.356370 0.340637 0.127218 1.004580 0.000000 0.284346 1.864896 1.870892 1.329280 1.902280 1.236058 0.293267 1.691297 0.093658 0.936508 0.851127
1.884170 0.884170 0.115830 1.115830 1.072024 0.624983 0.411564 1.288926 0.284346 0.000000 1.580549 1.844762 1.613626 1.617933 1.520405 0.008920 1.406950 0.190688 1.220854 0.566781
0.303621 0.696379 1.696379 1.303621 0.508526 1.794468 1.992114 1.130525 1.864896 1.580549 0.000000 0.264213 0.805825 0.037384 0.899046 1.571629 0.173599 1.771237 1.198597 1.013768
0.039408 0.960592 1.960592 1.039408 0.772738 1.530255 1.743674 0.866312 1.870892 1.844762 0.264213 0.000000 0.541612 0.226828 0.634834 1.835841 0.437811 1.964550 0.934384 1.277981
0.502204 1.502204 1.497796 0.497796 1.314350 0.988643 1.202062 0.324700 1.329280 1.613626 0.805825 0.541612 0.000000 0.768441 0.093221 1.622546 0.979424 1.422938 0.392772 1.819593
0.266237 0.733763 1.733763 1.266237 0.545910 1.757083 1.970502 1.093140 1.902280 1.617933 0.037384 0.226828 0.768441 0.000000 0.861662 1.609013 0.210983 1.808621 1.161212 1.051152
0.595425 1.595425 1.404575 0.404575 1.407572 0.895421 1.108840 0.231478 1.236058 1.520405 0.899046 0.634834 0.093221 0.861662 0.000000 1.529325 1.072645 1.329717 0.299550 1.912814
1.875250 0.875250 0.124750 1.124750 1.063103 0.633904 0.420485 1.297847 0.293267 0.008920 1.571629 1.835841 1.622546 1.609013 1.529325 0.000000 1.398030 0.199608 1.229775 0.557861
0.477220 0.522780 1.522780 1.477220 0.334927 1.968066 1.818515 1.304123 1.691297 1.406950 0.173599 0.437811 0.979424 0.210983 1.072645 1.398030 0.000000 1.597638 1.372195 0.840169
1.925142 1.074858 0.074858 0.925142 1.262712 0.434295 0.220877 1.098238 0.093658 0.190688 1.771237 1.964550 1.422938 1.808621 1.329717 0.199608 1.597638 0.000000 1.030166 0.757469
0.894976 1.894976 1.105024 0.105024 1.707122 0.595871 0.809290 0.068072 0.936508 1.220854 1.198597 0.934384 0.392772 1.161212 0.299550 1.229775 1.372195 1.030166 0.000000 1.787635
1.317389 0.317389 0.682611 1.682611 0.505243 1.191764 0.978345 1.855707 0.851127 0.566781 1.013768 1.277981 1.819593 1.051152 1.912814 0.557861 0.840169 0.757469 1.787635 0.000000
