10
0.000000 1.000000 2.000000 1.000000 0.006509 0.762785 1.230391 0.335185 1.929759 1.149467
1.000000 0.000000 1.000000 2.000000 0.993491 1.762785 0.230391 1.335185 1.070241 0.149467
2.000000 1.000000 0.000000 1.000000 1.993491 1.237215 0.769609 1.664815 0.070241 0.850533
1.000000 2.000000 1.000000 0.000000 1.006509 0.237215 1.769609 0.664815 0.929759 1.850533
0.006509 0.993491 1.993491 1.006509 0.000000 0.769294 1.223882 0.341694 1.936268 1.142958
0.762785 1.762785 1.237215 0.237215 0.769294 0.000000 1.993176 0.427600 1.166974 1.912252
1.230391 0.230391 0.769609 1.769609 1.223882 1.993176 0.000000 1.565576 0.839850 0.080924
0.335185 1.335185 1.664815 0.664815 0.341694 0.427600 1.565576 0.000000 1.594574 1.484652
1.929759 1.070241 0.070241 0.929759 1.936268 1.166974 0.839850 1.594574 0.000000 0.920774
1.149467 0.149467 0.850533 1.850533 1.142958 1.912252 0.080924 1.484652 0.920774 0.000000
