35
0.000000 1.000000 2.000000 1.000000 1.183002 1.093582 0.279273 0.687996 1.022382 0.680627 1.573761 1.884660 0.194636 1.484827 0.275049 1.880242 1.726684 1.034563 1.366296 1.322419 1.197904 0.097183 1.426226 1.700375 1.792225 0.168020 1.095312 1.010226 1.418139 0.999804 0.422224 1.454926 0.396417 1.324029 0.579609
1.000000 0.000000 1.000000 2.000000 0.183002 0.093582 1.279273 1.687996 0.022382 0.319373 1.426239 1.115340 1.194636 0.484827 1.275049 1.119758 0.726684 1.965437 1.633704 0.322419 1.802096 1.097183 0.426226 1.299625 1.207775 1.168020 0.095312 0.010226 0.418139 1.999804 1.422224 1.545074 1.396417 0.324029 1.579609
2.000000 1.000000 0.000000 1.000000 0.816998 0.906418 1.720727 1.312004 0.977618 1.319373 0.426239 0.115340 1.805364 0.515173 1.724951 0.119758 0.273316 0.965437 0.633704 0.677581 0.802096 1.902817 0.573774 0.299625 0.207775 1.831980 0.904688 0.989774 0.581861 1.000196 1.577776 0.545074 1.603583 0.675971 1.420391
1.000000 2.000000 1.000000 0.000000 1.816998 1.906418 0.720727 0.312004 1.977618 1.680627 0.573761 0.884660 0.805364 1.515173 0.724951 0.880242 1.273316 0.034563 0.366296 1.677581 0.197904 0.902817 1.573774 0.700375 0.792225 0.831980 1.904688 1.989774 1.581861 0.000196 0.577776 0.454926 0.603583 1.675971 0.420391
1.183002 0.183002 0.816998 1.816998 0.000000 0.089419 1.462275 1.870998 0.160619 0.502374 1.243237 0.932339 1.377638 0.301825 1.458051 0.936757 0.543683 1.782435 1.450702 0.139417 1.619094 1.280185 0.243224 1.116623 1.024773 1.351021 0.087689 0.172775 0.235138 1.817195 1.605225 1.362072 1.579419 0.141028 1.762610
1.093582 0.093582 0.906418 1.906418 0.089419 0.000000 1.372856 1.781578 0.071200 0.412955 1.332657 1.021758 1.288219 0.391244 1.368632 1.026176 0.633102 1.871854 1.540121 0.228837 1.708514 1.190765 0.332644 1.206042 1.114193 1.261602 0.001730 0.083356 0.324557 1.906614 1.515806 1.451491 1.489999 0.230447 1.673191
0.279273 1.279273 1.720727 0.720727 1.462275 1.372856 0.000000 0.408723 1.301655 0.959901 1.294488 1.605387 0.084637 1.764100 0.004224 1.600969 1.994043 0.755290 1.087023 1.601692 0.918631 0.182090 1.705499 1.421102 1.512952 0.111254 1.374586 1.289499 1.697413 0.720530 0.142951 1.175653 0.117144 1.603302 0.300336
0.687996 1.687996 1.312004 0.312004 1.870998 1.781578 0.408723 0.000000 1.710378 1.368623 0.885765 1.196664 0.493360 1.827177 0.412947 1.192246 1.585320 0.346567 0.678301 1.989585 0.509908 0.590813 1.885778 1.012379 1.104229 0.519976 1.783308 1.698222 1.893865 0.311808 0.265772 0.766930 0.291579 1.987975 0.108387
1.022382 0.022382 0.977618 1.977618 0.160619 0.071200 1.301655 1.710378 0.000000 0.341755 1.403857 1.092958 1.217019 0.462444 1.297432 1.097376 0.704302 1.943054 1.611321 0.300037 1.779714 1.119565 0.403844 1.277243 1.185393 1.190402 0.072930 0.012156 0.395757 1.977814 1.444606 1.522691 1.418799 0.301647 1.601991
0.680627 0.319373 1.319373 1.680627 0.502374 0.412955 0.959901 1.368623 0.341755 0.000000 1.745612 1.434713 0.875264 0.804199 0.955677 1.439131 1.046057 1.715191 1.953076 0.641792 1.878531 0.777810 0.745599 1.618997 1.527148 0.848647 0.414685 0.329599 0.737512 1.680431 1.102851 1.864446 1.077044 0.643402 1.260236
1.573761 1.426239 0.426239 0.573761 1.243237 1.332657 1.294488 0.885765 1.403857 1.745612 0.000000 0.310899 1.379125 0.941412 1.298712 0.306481 0.699555 0.539198 0.207465 1.103820 0.375857 1.476578 1.000013 0.126614 0.218464 1.405741 1.330927 1.416013 1.008100 0.573957 1.151537 0.118835 1.177344 1.102210 0.994152
1.884660 1.115340 0.115340 0.884660 0.932339 1.021758 1.605387 1.196664 1.092958 1.434713 0.310899 0.000000 1.690023 0.630514 1.609610 0.004418 0.388656 0.850096 0.518363 0.792921 0.686756 1.787477 0.689114 0.184285 0.092435 1.716640 1.020028 1.105114 0.697201 0.884856 1.462436 0.429733 1.488243 0.791311 1.305051
0.194636 1.194636 1.805364 0.805364 1.377638 1.288219 0.084637 0.493360 1.217019 0.875264 1.379125 1.690023 0.000000 1.679463 0.080413 1.685606 1.921321 0.839927 1.171660 1.517055 1.003268 0.097453 1.620862 1.505739 1.597589 0.026617 1.289949 1.204863 1.612776 0.805167 0.227587 1.260290 0.201781 1.518666 0.384973
1.484827 0.484827 0.515173 1.515173 0.301825 0.391244 1.764100 1.827177 0.462444 0.804199 0.941412 0.630514 1.679463 0.000000 1.759876 0.634932 0.241858 1.480610 1.148877 0.162407 1.317269 1.582010 0.058600 0.814798 0.722948 1.652846 0.389514 0.474600 0.066687 1.515370 1.907050 1.060247 1.881244 0.160797 1.935565
0.275049 1.275049 1.724951 0.724951 1.458051 1.368632 0.004224 0.412947 1.297432 0.955677 1.298712 1.609610 0.080413 1.759876 0.000000 1.605193 1.998266 0.759514 1.091247 1.597468 0.922855 0.177866 1.701275 1.425326 1.517176 0.107030 1.370362 1.285276 1.693189 0.724754 0.147174 1.179877 0.121368 1.599079 0.304560
1.880242 1.119758 0.119758 0.880242 0.936757 1.026176 1.600969 1.192246 1.097376 1.439131 0.306481 0.004418 1.685606 0.634932 1.605193 0.000000 0.393074 0.845679 0.513945 0.797339 0.682338 1.783059 0.693532 0.179867 0.088017 1.712222 1.024446 1.109532 0.701619 0.880438 1.458018 0.425316 1.483825 0.795729 1.300633
1.726684 0.726684 0.273316 1.273316 0.543683 0.633102 1.994043 1.585320 0.704302 1.046057 0.699555 0.388656 1.921321 0.241858 1.998266 0.393074 0.000000 1.238752 0.907019 0.404265 1.075412 1.823867 0.300458 0.572941 0.481091 1.894704 0.631372 0.716458 0.308545 1.273512 1.851092 0.818389 1.876899 0.402655 1.693707
1.034563 1.965437 0.965437 0.034563 1.782435 1.871854 0.755290 0.346567 1.943054 1.715191 0.539198 0.850096 0.839927 1.480610 0.759514 0.845679 1.238752 0.000000 0.331733 1.643018 0.163341 0.937380 1.539211 0.665812 0.757662 0.866544 1.870124 1.955210 1.547297 0.034760 0.612340 0.420363 0.638146 1.641407 0.454954
1.366296 1.633704 0.633704 0.366296 1.450702 1.540121 1.087023 0.678301 1.611321 1.953076 0.207465 0.518363 1.171660 1.148877 1.091247 0.513945 0.907019 0.331733 0.000000 1.311284 0.168392 1.269113 1.207477 0.334079 0.425928 1.198277 1.538391 1.623477 1.215564 0.366493 0.944073 0.088630 0.969880 1.309674 0.786688
1.322419 0.322419 0.677581 1.677581 0.139417 0.228837 1.601692 1.989585 0.300037 0.641792 1.103820 0.792921 1.517055 0.162407 1.597468 0.797339 0.404265 1.643018 1.311284 0.000000 1.479677 1.419602 0.103807 0.977206 0.885356 1.490439 0.227107 0.312193 0.095720 1.677777 1.744643 1.222655 1.718836 0.001610 1.902028
1.197904 1.802096 0.802096 0.197904 1.619094 1.708514 0.918631 0.509908 1.779714 1.878531 0.375857 0.686756 1.003268 1.317269 0.922855 0.682338 1.075412 0.163341 0.168392 1.479677 0.000000 1.100721 1.375870 0.502471 0.594321 1.029885 1.706784 1.791870 1.383957 0.198101 0.775680 0.257022 0.801487 1.478067 0.618295
0.097183 1.097183 1.902817 0.902817 1.280185 1.190765 0.182090 0.590813 1.119565 0.777810 1.476578 1.787477 0.097453 1.582010 0.177866 1.783059 1.823867 0.937380 1.269113 1.419602 1.100721 0.000000 1.523409 1.603192 1.695042 0.070836 1.192495 1.107409 1.515322 0.902620 0.325041 1.357743 0.299234 1.421212 0.482426
1.426226 0.426226 0.573774 1.573774 0.243224 0.332644 1.705499 1.885778 0.403844 0.745599 1.000013 0.689114 1.620862 0.058600 1.701275 0.693532 0.300458 1.539211 1.207477 0.103807 1.375870 1.523409 0.000000 0.873399 0.781549 1.594246 0.330914 0.416000 0.008087 1.573970 1.848450 1.118848 1.822643 0.102197 1.994165
1.700375 1.299625 0.299625 0.700375 1.116623 1.206042 1.421102 1.012379 1.277243 1.618997 0.126614 0.184285 1.505739 0.814798 1.425326 0.179867 0.572941 0.665812 0.334079 0.977206 0.502471 1.603192 0.873399 0.000000 0.091850 1.532356 1.204312 1.289399 0.881486 0.700572 1.278151 0.245449 1.303958 0.975596 1.120766
1.792225 1.207775 0.207775 0.792225 1.024773 1.114193 1.512952 1.104229 1.185393 1.527148 0.218464 0.092435 1.597589 0.722948 1.517176 0.088017 0.481091 0.757662 0.425928 0.885356 0.594321 1.695042 0.781549 0.091850 0.000000 1.624205 1.112463 1.197549 0.789636 0.792421 1.370001 0.337299 1.395808 0.883746 1.212616
0.168020 1.168020 1.831980 0.831980 1.351021 1.261602 0.111254 0.519976 1.190402 0.848647 1.405741 1.716640 0.026617 1.652846 0.107030 1.712222 1.894704 0.866544 1.198277 1.490439 1.029885 0.070836 1.594246 1.532356 1.624205 0.000000 1.263332 1.178246 1.586159 0.831784 0.254204 1.286907 0.228397 1.492049 0.411589
1.095312 0.095312 0.904688 1.904688 0.087689 0.001730 1.374586 1.783308 0.072930 0.414685 1.330927 1.020028 1.289949 0.389514 1.370362 1.024446 0.631372 1.870124 1.538391 0.227107 1.706784 1.192495 0.330914 1.204312 1.112463 1.263332 0.000000 0.085086 0.322827 1.904884 1.517536 1.449761 1.491729 0.228717 1.674921
1.010226 0.010226 0.989774 1.989774 0.172775 0.083356 1.289499 1.698222 0.012156 0.329599 1.416013 1.105114 1.204863 0.474600 1.285276 1.109532 0.716458 1.955210 1.623477 0.312193 1.791870 1.107409 0.416000 1.289399 1.197549 1.178246 0.085086 0.000000 0.407913 1.989970 1.432450 1.534847 1.406643 0.313803 1.589835
1.418139 0.418139 0.581861 1.581861 0.235138 0.324557 1.697413 1.893865 0.395757 0.737512 1.008100 0.697201 1.612776 0.066687 1.693189 0.701619 0.308545 1.547297 1.215564 0.095720 1.383957 1.515322 0.008087 0.881486 0.789636 1.586159 0.322827 0.407913 0.000000 1.582057 1.840363 1.126934 1.814556 0.094110 1.997748
0.999804 1.999804 1.000196 0.000196 1.817195 1.906614 0.720530 0.311808 1.977814 1.680431 0.573957 0.884856 0.805167 1.515370 0.724754 0.880438 1.273512 0.034760 0.366493 1.677777 0.198101 0.902620 1.573970 0.700572 0.792421 0.831784 1.904884 1.989970 1.582057 0.000000 0.577580 0.455123 0.603387 1.676167 0.420195
0.422224 1.422224 1.577776 0.577776 1.605225 1.515806 0.142951 0.265772 1.444606 1.102851 1.151537 1.462436 0.227587 1.907050 0.147174 1.458018 1.851092 0.612340 0.944073 1.744643 0.775680 0.325041 1.848450 1.278151 1.370001 0.254204 1.517536 1.432450 1.840363 0.577580 0.000000 1.032703 0.025807 1.746253 0.157385
1.454926 1.545074 0.545074 0.454926 1.362072 1.451491 1.175653 0.766930 1.522691 1.864446 0.118835 0.429733 1.260290 1.060247 1.179877 0.425316 0.818389 0.420363 0.088630 1.222655 0.257022 1.357743 1.118848 0.245449 0.337299 1.286907 1.449761 1.534847 1.126934 0.455123 1.032703 0.000000 1.058509 1.221044 0.875317
0.396417 1.396417 1.603583 0.603583 1.579419 1.489999 0.117144 0.291579 1.418799 1.077044 1.177344 1.488243 0.201781 1.881244 0.121368 1.483825 1.876899 0.638146 0.969880 1.718836 0.801487 0.299234 1.822643 1.303958 1.395808 0.228397 1.491729 1.406643 1.814556 0.603387 0.025807 1.058509 0.000000 1.720446 0.183192
1.324029 0.324029 0.675971 1.675971 0.141028 0.230447 1.603302 1.987975 0.301647 0.643402 1.102210 0.791311 1.518666 0.160797 1.599079 0.795729 0.402655 1.641407 1.309674 0.001610 1.478067 1.421212 0.102197 0.975596 0.883746 1.492049 0.228717 0.313803 0.094110 1.676167 1.746253 1.221044 1.720446 0.000000 1.903638
0.579609 1.579609 1.420391 0.420391 1.762610 1.673191 0.300336 0.108387 1.601991 1.260236 0.994152 1.305051 0.384973 1.935565 0.304560 1.300633 1.693707 0.454954 0.786688 1.902028 0.618295 0.482426 1.994165 1.120766 1.212616 0.411589 1.674921 1.589835 1.997748 0.420195 0.157385 0.875317 0.183192 1.903638 0.000000
