10
0.000000 1.000000 2.000000 1.000000 0.842788 0.295865 1.642889 1.577865 1.086827 0.020447
1.000000 0.000000 1.000000 2.000000 1.842788 1.295865 1.357111 1.422135 1.913173 1.020447
2.000000 1.000000 0.000000 1.000000 1.157212 1.704135 0.357111 0.422135 0.913173 1.979553
1.000000 2.000000 1.000000 0.000000 0.157212 0.704135 0.642889 0.577865 0.086827 0.979553
0.842788 1.842788 1.157212 0.157212 0.000000 0.546924 0.800101 0.735076 0.244038 0.822341
0.295865 1.295865 1.704135 0.704135 0.546924 0.000000 1.347025 1.282000 0.790962 0.275417
1.642889 1.357111 0.357111 0.642889 0.800101 1.347025 0.000000 0.065024 0.556062 1.622442
1.577865 1.422135 0.422135 0.577865 0.735076 1.282000 0.065024 0.000000 0.491038 1.557418
1.086827 1.913173 0.913173 0.086827 0.244038 0.790962 0.556062 0.491038 0.000000 1.066380
0.020447 1.020447 1.979553 0.979553 0.822341 0.275417 1.622442 1.557418 1.066380 0.000000
