20
0.000000 1.000000 2.000000 1.000000 1.044070 1.326580 1.829305 0.770376 0.027932 0.522375 1.618987 0.880554 1.893978 0.695033 1.609278 0.451040 0.088246 1.681388 1.204097 0.386079
1.000000 0.000000 1.000000 2.000000 1.955930 0.326580 0.829305 1.770376 1.027932 0.477625 1.381013 1.880554 1.106022 1.695033 1.390722 1.451040 0.911754 0.681388 0.204097 1.386079
2.000000 1.000000 0.000000 1.000000 0.955930 0.673420 0.170695 1.229624 1.972068 1.477625 0.381013 1.119446 0.106022 1.304967 0.390722 1.548960 1.911754 0.318612 0.795903 1.613921
1.000000 2.000000 1.000000 0.000000 0.044070 1.673420 1.170695 0.229624 0.972068 1.522375 0.618987 0.119446 0.893978 0.304967 0.609278 0.548960 1.088246 1.318612 1.795903 0.613921
1.044070 1.955930 0.955930 0.044070 0.000000 1.629351 1.126625 0.273694 1.016138 1.566445 0.574918 0.163516 0.849908 0.349037 0.565209 0.593030 1.132316 1.274542 1.751833 0.657991
1.326580 0.326580 0.673420 1.673420 1.629351 0.000000 0.502725 1.903044 1.354512 0.804204 1.054433 1.792867 0.779442 1.978388 1.064142 1.777619 1.238333 0.354808 0.122482 1.712658
1.829305 0.829305 0.170695 1.170695 1.126625 0.502725 0.000000 1.400319 1.857237 1.306930 0.551708 1.290141 0.276717 1.475662 0.561417 1.719655 1.741059 0.147917 0.625208 1.784616
0.770376 1.770376 1.229624 0.229624 0.273694 1.903044 1.400319 0.000000 0.742444 1.292751 0.848611 0.110178 1.123602 0.075343 0.838902 0.319336 0.858623 1.548236 1.974473 0.384297
0.027932 1.027932 1.972068 0.972068 1.016138 1.354512 1.857237 0.742444 0.000000 0.550307 1.591055 0.852621 1.866046 0.667100 1.581346 0.423108 0.116179 1.709320 1.232029 0.358147
0.522375 0.477625 1.477625 1.522375 1.566445 0.804204 1.306930 1.292751 0.550307 0.000000 1.858637 1.402929 1.583647 1.217408 1.868346 0.973415 0.434129 1.159013 0.681722 0.908454
1.618987 1.381013 0.381013 0.618987 0.574918 1.054433 0.551708 0.848611 1.591055 1.858637 0.000000 0.738434 0.274991 0.923955 0.009709 1.167948 1.707234 0.699625 1.176916 1.232909
0.880554 1.880554 1.119446 0.119446 0.163516 1.792867 1.290141 0.110178 0.852621 1.402929 0.738434 0.000000 1.013425 0.185521 0.728725 0.429514 0.968800 1.438059 1.915349 0.494475
1.893978 1.106022 0.106022 0.893978 0.849908 0.779442 0.276717 1.123602 1.866046 1.583647 0.274991 1.013425 0.000000 1.198946 0.284700 1.442938 1.982225 0.424634 0.901925 1.507899
0.695033 1.695033 1.304967 0.304967 0.349037 1.978388 1.475662 0.075343 0.667100 1.217408 0.923955 0.185521 1.198946 0.000000 0.914246 0.243993 0.783279 1.623580 1.899130 0.308954
1.609278 1.390722 0.390722 0.609278 0.565209 1.064142 0.561417 0.838902 1.581346 1.868346 0.009709 0.728725 0.284700 0.914246 0.000000 1.158239 1.697525 0.709334 1.186624 1.223200
0.451040 1.451040 1.548960 0.548960 0.593030 1.777619 1.719655 0.319336 0.423108 0.973415 1.167948 0.429514 1.442938 0.243993 1.158239 0.000000 0.539286 1.867572 1.655137 0.064961
0.088246 0.911754 1.911754 1.088246 1.132316 1.238333 1.741059 0.858623 0.116179 0.434129 1.707234 0.968800 1.982225 0.783279 1.697525 0.539286 0.000000 1.593141 1.115851 0.474325
1.681388 0.681388 0.318612 1.318612 1.274542 0.354808 0.147917 1.548236 1.709320 1.159013 0.699625 1.438059 0.424634 1.623580 0.709334 1.867572 1.593141 0.000000 0.477291 1.932533
1.204097 0.204097 0.795903 1.795903 1.751833 0.122482 0.625208 1.974473 1.232029 0.681722 1.176916 1.915349 0.901925 1.899130 1.186624 1.655137 1.115851 0.477291 0.000000 1.590176
0.386079 1.386079 1.613921 0.613921 0.657991 1.712658 1.784616 0.384297 0.358147 0.908454 1.232909 0.494475 1.507899 0.308954 1.223200 0.064961 0.474325 1.932533 1.590176 0.000000
