20
0.000000 1.000000 2.000000 1.000000 0.909595 1.857499 1.863008 0.842525 0.455307 1.210555 0.784964 1.066924 1.690296 0.711133 1.434767 1.877330 1.777640 0.636169 0.840961 1.975212
1.000000 0.000000 1.000000 2.000000 1.909595 0.857499 1.136992 1.842525 0.544693 0.210555 1.784964 0.066924 0.690296 1.711133 1.565233 1.122670 1.222360 0.363831 0.159039 0.975212
2.000000 1.000000 0.000000 1.000000 1.090405 0.142501 0.136992 1.157475 1.544693 0.789445 1.215036 0.933076 0.309704 1.288867 0.565233 0.122670 0.222360 1.363831 1.159039 0.024788
1.000000 2.000000 1.000000 0.000000 0.090405 1.142501 0.863008 0.157475 1.455307 1.789445 0.215036 1.933076 1.309704 0.288867 0.434767 0.877330 0.777640 1.636169 1.840961 1.024788
0.909595 1.909595 1.090405 0.090405 0.000000 1.232906 0.953413 0.067070 1.364902 1.879850 0.124631 1.976519 1.400109 0.198462 0.525172 0.967735 0.868045 1.545764 1.750556 1.115193
1.857499 0.857499 0.142501 1.142501 1.232906 0.000000 0.279493 1.299977 1.402192 0.646944 1.357537 0.790575 0.167203 1.431368 0.707734 0.265171 0.364861 1.221330 1.016538 0.117713
1.863008 1.136992 0.136992 0.863008 0.953413 0.279493 0.000000 1.020483 1.681685 0.926437 1.078044 1.070068 0.446696 1.151874 0.428241 0.014322 0.085368 1.500823 1.296031 0.161780
0.842525 1.842525 1.157475 0.157475 0.067070 1.299977 1.020483 0.000000 1.297832 1.946921 0.057560 1.909448 1.467179 0.131391 0.592243 1.034805 0.935115 1.478693 1.683486 1.182264
0.455307 0.544693 1.544693 1.455307 1.364902 1.402192 1.681685 1.297832 0.000000 0.755247 1.240271 0.611617 1.234989 1.166441 1.890074 1.667363 1.767053 0.180861 0.385654 1.519905
1.210555 0.210555 0.789445 1.789445 1.879850 0.646944 0.926437 1.946921 0.755247 0.000000 1.995519 0.143631 0.479742 1.921688 1.354678 0.912116 1.011805 0.574386 0.369594 0.764657
0.784964 1.784964 1.215036 0.215036 0.124631 1.357537 1.078044 0.057560 1.240271 1.995519 0.000000 1.851888 1.524740 0.073831 0.649803 1.092366 0.992676 1.421133 1.625925 1.239824
1.066924 0.066924 0.933076 1.933076 1.976519 0.790575 1.070068 1.909448 0.611617 0.143631 1.851888 0.000000 0.623372 1.778057 1.498309 1.055747 1.155436 0.430755 0.225963 0.908288
1.690296 0.690296 0.309704 1.309704 1.400109 0.167203 0.446696 1.467179 1.234989 0.479742 1.524740 0.623372 0.000000 1.598570 0.874937 0.432374 0.532064 1.054128 0.849335 0.284915
0.711133 1.711133 1.288867 0.288867 0.198462 1.431368 1.151874 0.131391 1.166441 1.921688 0.073831 1.778057 1.598570 0.000000 0.723634 1.166196 1.066507 1.347302 1.552095 1.313655
1.434767 1.565233 0.565233 0.434767 0.525172 0.707734 0.428241 0.592243 1.890074 1.354678 0.649803 1.498309 0.874937 0.723634 0.000000 0.442563 0.342873 1.929064 1.724272 0.590021
1.877330 1.122670 0.122670 0.877330 0.967735 0.265171 0.014322 1.034805 1.667363 0.912116 1.092366 1.055747 0.432374 1.166196 0.442563 0.000000 0.099690 1.486502 1.281709 0.147459
1.777640 1.222360 0.222360 0.777640 0.868045 0.364861 0.085368 0.935115 1.767053 1.011805 0.992676 1.155436 0.532064 1.066507 0.342873 0.099690 0.000000 1.586191 1.381399 0.247148
0.636169 0.363831 1.363831 1.636169 1.545764 1.221330 1.500823 1.478693 0.180861 0.574386 1.421133 0.430755 1.054128 1.347302 1.929064 1.486502 1.586191 0.000000 0.204792 1.339043
0.840961 0.159039 1.159039 1.840961 1.750556 1.016538 1.296031 1.683486 0.385654 0.369594 1.625925 0.225963 0.849335 1.552095 1.724272 1.281709 1.381399 0.204792 0.000000 1.134251
1.975212 0.975212 0.024788 1.024788 1.115193 0.117713 0.161780 1.182264 1.519905 0.764657 1.239824 0.908288 0.284915 1.313655 0.590021 0.147459 0.247148 1.339043 1.134251 0.000000
