50
0.000000 1.000000 2.000000 1.000000 1.410202 1.866785 1.595359 1.815863 0.417063 0.530804 0.819097 0.441300 0.126380 1.644709 0.078874 1.468325 1.657294 0.358127 0.496304 1.839003 1.930731 1.198006 0.763149 0.652642 0.105379 0.091585 1.849622 1.124619 1.316979 0.852160 1.967372 0.569621 0.094095 1.554210 1.633674 1.720754 0.875500 1.973280 1.375701 1.213462 1.878114 1.545773 0.568560 0.739050 0.825829 0.676782 0.428798 1.916930 1.700106 1.349645
1.000000 0.000000 1.000000 2.000000 1.589798 0.866785 1.404641 1.184137 1.417063 0.469196 1.819097 0.558700 0.873620 0.644709 0.921126 1.531675 1.342706 0.641873 1.496304 1.160997 1.069269 1.801994 1.763149 0.347358 0.894621 0.908415 1.150378 1.875381 0.316979 0.147840 0.967372 0.430379 1.094095 1.445790 0.633674 1.279246 0.124500 0.973280 0.375701 1.786538 0.878114 0.545773 1.568560 0.260950 0.174171 1.676782 1.428798 1.083070 0.700106 1.650355
2.000000 1.000000 0.000000 1.000000 0.589798 0.133215 0.404641 0.184137 1.582937 1.469196 1.180903 1.558700 1.873620 0.355291 1.921126 0.531675 0.342706 1.641873 1.503696 0.160997 0.069269 0.801994 1.236851 1.347358 1.894621 1.908415 0.150378 0.875381 0.683021 1.147840 0.032628 1.430379 1.905905 0.445790 0.366326 0.279246 1.124500 0.026720 0.624299 0.786538 0.121886 0.454227 1.431440 1.260950 1.174171 1.323218 1.571202 0.083070 0.299894 0.650355
1.000000 2.000000 1.000000 0.000000 0.410202 1.133215 0.595359 0.815863 0.582937 1.530804 0.180903 1.441300 1.126380 1.355291 1.078874 0.468325 0.657294 1.358127 0.503696 0.839003 0.930731 0.198006 0.236851 1.652642 1.105379 1.091585 0.849622 0.124619 1.683021 1.852160 1.032628 1.569621 0.905905 0.554210 1.366326 0.720754 1.875500 1.026720 1.624299 0.213462 1.121886 1.454227 0.431440 1.739050 1.825829 0.323218 0.571202 0.916930 1.299894 0.349645
1.410202 1.589798 0.589798 0.410202 0.000000 0.723013 0.185157 0.405661 0.993139 1.941006 0.591105 1.851502 1.536582 0.945089 1.489076 0.058123 0.247092 1.768329 0.913898 0.428801 0.520529 0.212196 0.647053 1.937156 1.515581 1.501787 0.439420 0.285583 1.272819 1.737638 0.622426 1.979823 1.316107 0.144008 0.956124 0.310552 1.714298 0.616518 1.214097 0.196740 0.711684 1.044025 0.841642 1.850747 1.763969 0.733421 0.981404 0.506728 0.889692 0.060557
1.866785 0.866785 0.133215 1.133215 0.723013 0.000000 0.537856 0.317352 1.716152 1.335981 1.314118 1.425485 1.740405 0.222076 1.787911 0.664890 0.475921 1.508658 1.636911 0.294212 0.202484 0.935209 1.370066 1.214143 1.761406 1.775200 0.283593 1.008596 0.549806 1.014625 0.100587 1.297164 1.960880 0.579005 0.233111 0.412461 0.991285 0.106495 0.491084 0.919753 0.011329 0.321012 1.564655 1.127735 1.040956 1.456433 1.704417 0.216285 0.166679 0.783569
1.595359 1.404641 0.404641 0.595359 0.185157 0.537856 0.000000 0.220503 1.178297 1.873836 0.776262 1.963340 1.721740 0.759932 1.674234 0.127034 0.061935 1.953486 1.099055 0.243643 0.335371 0.397354 0.832210 1.751999 1.700739 1.686944 0.254263 0.470740 1.087661 1.552481 0.437269 1.835020 1.501264 0.041150 0.770966 0.125395 1.529140 0.431361 1.028939 0.381898 0.526526 0.858868 1.026799 1.665590 1.578811 0.918578 1.166561 0.321571 0.704534 0.245714
1.815863 1.184137 0.184137 0.815863 0.405661 0.317352 0.220503 0.000000 1.398800 1.653333 0.996765 1.742837 1.942243 0.539429 1.894737 0.347538 0.158569 1.826010 1.319558 0.023140 0.114868 0.617857 1.052714 1.531495 1.921242 1.907448 0.033759 0.691244 0.867158 1.331977 0.216766 1.614517 1.721768 0.261653 0.550463 0.095109 1.308637 0.210857 0.808436 0.602401 0.306023 0.638365 1.247302 1.445087 1.358308 1.139081 1.387064 0.101067 0.484031 0.466217
0.417063 1.417063 1.582937 0.582937 0.993139 1.716152 1.178297 1.398800 0.000000 0.947867 0.402035 0.858363 0.543443 1.938229 0.495937 1.051262 1.240232 0.775189 0.079242 1.421940 1.513668 0.780943 0.346087 1.069704 0.522442 0.508647 1.432559 0.707557 1.734042 1.269223 1.615566 0.986683 0.322967 1.137147 1.949263 1.303692 1.292563 1.609658 1.792764 0.796399 1.704823 1.962835 0.151498 1.156113 1.242892 0.259719 0.011736 1.499867 1.882831 0.932583
0.530804 0.469196 1.469196 1.530804 1.941006 1.335981 1.873836 1.653333 0.947867 0.000000 1.349902 0.089504 0.404424 1.113904 0.451930 1.999129 1.811902 0.172678 1.027109 1.630193 1.538465 1.728810 1.293954 0.121838 0.425425 0.439220 1.619574 1.655423 0.786175 0.321356 1.436567 0.038816 0.624899 1.914986 1.102870 1.748442 0.344696 1.442476 0.844897 1.744266 1.347310 1.014968 1.099365 0.208246 0.295025 1.207586 0.959603 1.552266 1.169302 1.880450
0.819097 1.819097 1.180903 0.180903 0.591105 1.314118 0.776262 0.996765 0.402035 1.349902 0.000000 1.260398 0.945478 1.536194 0.897972 0.649228 0.838197 1.177224 0.322793 1.019906 1.111633 0.378908 0.055948 1.471739 0.924477 0.910682 1.030525 0.305522 1.863923 1.671257 1.213531 1.388718 0.725002 0.735112 1.547228 0.901657 1.694598 1.207623 1.805201 0.394364 1.302788 1.635130 0.250537 1.558148 1.644927 0.142316 0.390299 1.097833 1.480796 0.530548
0.441300 0.558700 1.558700 1.441300 1.851502 1.425485 1.963340 1.742837 0.858363 0.089504 1.260398 0.000000 0.314920 1.203408 0.362426 1.909625 1.901406 0.083174 0.937605 1.719697 1.627969 1.639306 1.204450 0.211342 0.335921 0.349716 1.709078 1.565920 0.875679 0.410860 1.526071 0.128320 0.535396 1.995510 1.192374 1.837945 0.434200 1.531979 0.934401 1.654762 1.436814 1.104472 1.009861 0.297750 0.384529 1.118082 0.870099 1.641770 1.258806 1.790946
0.126380 0.873620 1.873620 1.126380 1.536582 1.740405 1.721740 1.942243 0.543443 0.404424 0.945478 0.314920 0.000000 1.518328 0.047506 1.594705 1.783675 0.231746 0.622685 1.965383 1.942889 1.324386 0.889530 0.526261 0.021001 0.034796 1.976003 1.251000 1.190599 0.725780 1.840991 0.443240 0.220476 1.680590 1.507294 1.847135 0.749120 1.846899 1.249321 1.339842 1.751734 1.419392 0.694941 0.612670 0.699449 0.803162 0.555179 1.956690 1.573726 1.476026
1.644709 0.644709 0.355291 1.355291 0.945089 0.222076 0.759932 0.539429 1.938229 1.113904 1.536194 1.203408 1.518328 0.000000 1.565834 0.886966 0.697997 1.286582 1.858987 0.516289 0.424561 1.157286 1.592142 0.992067 1.539329 1.553124 0.505669 1.230672 0.327729 0.792549 0.322663 1.075088 1.738804 0.801082 0.011034 0.634537 0.769208 0.328571 0.269007 1.141830 0.233406 0.098936 1.786731 0.905658 0.818879 1.678510 1.926493 0.438361 0.055398 1.005646
0.078874 0.921126 1.921126 1.078874 1.489076 1.787911 1.674234 1.894737 0.495937 0.451930 0.897972 0.362426 0.047506 1.565834 0.000000 1.547199 1.736168 0.279253 0.575179 1.917877 1.990395 1.276880 0.842023 0.573768 0.026505 0.012711 1.928496 1.203493 1.238105 0.773286 1.888497 0.490746 0.172969 1.633084 1.554800 1.799628 0.796626 1.894406 1.296827 1.292336 1.799240 1.466898 0.647435 0.660176 0.746955 0.755656 0.507673 1.995804 1.621232 1.428520
1.468325 1.531675 0.531675 0.468325 0.058123 0.664890 0.127034 0.347538 1.051262 1.999129 0.649228 1.909625 1.594705 0.886966 1.547199 0.000000 0.188969 1.826452 0.972021 0.370678 0.462406 0.270319 0.705176 1.879033 1.573704 1.559910 0.381297 0.343706 1.214696 1.679515 0.564303 1.962054 1.374230 0.085885 0.898001 0.252429 1.656175 0.558395 1.155974 0.254863 0.653561 0.985902 0.899765 1.792625 1.705846 0.791543 1.039527 0.448605 0.831569 0.118679
1.657294 1.342706 0.342706 0.657294 0.247092 0.475921 0.061935 0.158569 1.240232 1.811902 0.838197 1.901406 1.783675 0.697997 1.736168 0.188969 0.000000 1.984579 1.160990 0.181709 0.273436 0.459288 0.894145 1.690064 1.762674 1.748879 0.192328 0.532675 1.025727 1.490546 0.375334 1.773085 1.563199 0.103084 0.709032 0.063460 1.467206 0.369426 0.967004 0.443833 0.464592 0.796933 1.088734 1.603655 1.516877 0.980513 1.228496 0.259636 0.642599 0.307649
0.358127 0.641873 1.641873 1.358127 1.768329 1.508658 1.953486 1.826010 0.775189 0.172678 1.177224 0.083174 0.231746 1.286582 0.279253 1.826452 1.984579 0.000000 0.854431 1.802870 1.711143 1.556132 1.121276 0.294515 0.252747 0.266542 1.792251 1.482746 0.958853 0.494033 1.609245 0.211494 0.452222 1.912337 1.275548 1.921119 0.517374 1.615153 1.017575 1.571588 1.519988 1.187646 0.926687 0.380924 0.467702 1.034908 0.786925 1.724943 1.341980 1.707772
0.496304 1.496304 1.503696 0.503696 0.913898 1.636911 1.099055 1.319558 0.079242 1.027109 0.322793 0.937605 0.622685 1.858987 0.575179 0.972021 1.160990 0.854431 0.000000 1.342698 1.434426 0.701701 0.266845 1.148946 0.601684 0.587889 1.353318 0.628315 1.813284 1.348464 1.536324 1.065925 0.402209 1.057905 1.870021 1.224450 1.371805 1.530416 1.872006 0.717157 1.625581 1.957923 0.072256 1.235355 1.322134 0.180477 0.067506 1.420626 1.803589 0.853341
1.839003 1.160997 0.160997 0.839003 0.428801 0.294212 0.243643 0.023140 1.421940 1.630193 1.019906 1.719697 1.965383 0.516289 1.917877 0.370678 0.181709 1.802870 1.342698 0.000000 0.091728 0.640997 1.075854 1.508355 1.944382 1.930588 0.010619 0.714384 0.844018 1.308837 0.193626 1.591377 1.744908 0.284793 0.527323 0.118249 1.285497 0.187717 0.785296 0.625541 0.282883 0.615225 1.270443 1.421947 1.335168 1.162221 1.410205 0.077927 0.460891 0.489357
1.930731 1.069269 0.069269 0.930731 0.520529 0.202484 0.335371 0.114868 1.513668 1.538465 1.111633 1.627969 1.942889 0.424561 1.990395 0.462406 0.273436 1.711143 1.434426 0.091728 0.000000 0.732725 1.167581 1.416628 1.963890 1.977685 0.081108 0.806111 0.752290 1.217109 0.101898 1.499649 1.836635 0.376521 0.435595 0.209976 1.193769 0.095990 0.693568 0.717269 0.191155 0.523497 1.362170 1.330219 1.243440 1.253949 1.501932 0.013801 0.369163 0.581085
1.198006 1.801994 0.801994 0.198006 0.212196 0.935209 0.397354 0.617857 0.780943 1.728810 0.378908 1.639306 1.324386 1.157286 1.276880 0.270319 0.459288 1.556132 0.701701 0.640997 0.732725 0.000000 0.434856 1.850648 1.303385 1.289590 0.651616 0.073386 1.485015 1.949834 0.834623 1.767626 1.103910 0.356204 1.168320 0.522749 1.926494 0.828715 1.426293 0.015456 0.923880 1.256222 0.629445 1.937056 1.976165 0.521224 0.769207 0.718924 1.101888 0.151640
0.763149 1.763149 1.236851 0.236851 0.647053 1.370066 0.832210 1.052714 0.346087 1.293954 0.055948 1.204450 0.889530 1.592142 0.842023 0.705176 0.894145 1.121276 0.266845 1.075854 1.167581 0.434856 0.000000 1.415791 0.868529 0.854734 1.086473 0.361470 1.919871 1.615309 1.269479 1.332770 0.669054 0.791061 1.603176 0.957605 1.638649 1.263571 1.861149 0.450312 1.358737 1.691078 0.194589 1.502200 1.588978 0.086368 0.334351 1.153781 1.536744 0.586496
0.652642 0.347358 1.347358 1.652642 1.937156 1.214143 1.751999 1.531495 1.069704 0.121838 1.471739 0.211342 0.526261 0.992067 0.573768 1.879033 1.690064 0.294515 1.148946 1.508355 1.416628 1.850648 1.415791 0.000000 0.547262 0.561057 1.497736 1.777261 0.664337 0.199518 1.314730 0.083021 0.746737 1.793148 0.981032 1.626604 0.222858 1.320638 0.723060 1.866103 1.225472 0.893131 1.221202 0.086409 0.173187 1.329423 1.081440 1.430428 1.047465 1.997713
0.105379 0.894621 1.894621 1.105379 1.515581 1.761406 1.700739 1.921242 0.522442 0.425425 0.924477 0.335921 0.021001 1.539329 0.026505 1.573704 1.762674 0.252747 0.601684 1.944382 1.963890 1.303385 0.868529 0.547262 0.000000 0.013795 1.955001 1.229999 1.211600 0.746781 1.861992 0.464241 0.199475 1.659589 1.528295 1.826134 0.770121 1.867900 1.270322 1.318841 1.772735 1.440393 0.673940 0.633671 0.720450 0.782161 0.534178 1.977691 1.594727 1.455025
0.091585 0.908415 1.908415 1.091585 1.501787 1.775200 1.686944 1.907448 0.508647 0.439220 0.910682 0.349716 0.034796 1.553124 0.012711 1.559910 1.748879 0.266542 0.587889 1.930588 1.977685 1.289590 0.854734 0.561057 0.013795 0.000000 1.941207 1.216204 1.225395 0.760575 1.875787 0.478036 0.185680 1.645795 1.542090 1.812339 0.783915 1.881695 1.284117 1.305046 1.786529 1.454188 0.660145 0.647466 0.734244 0.768366 0.520383 1.991485 1.608522 1.441230
1.849622 1.150378 0.150378 0.849622 0.439420 0.283593 0.254263 0.033759 1.432559 1.619574 1.030525 1.709078 1.976003 0.505669 1.928496 0.381297 0.192328 1.792251 1.353318 0.010619 0.081108 0.651616 1.086473 1.497736 1.955001 1.941207 0.000000 0.725003 0.833399 1.298218 0.183006 1.580757 1.755527 0.295412 0.516704 0.128868 1.274878 0.177098 0.774676 0.636160 0.272264 0.604605 1.281062 1.411327 1.324549 1.172841 1.420824 0.067308 0.450272 0.499977
1.124619 1.875381 0.875381 0.124619 0.285583 1.008596 0.470740 0.691244 0.707557 1.655423 0.305522 1.565920 1.251000 1.230672 1.203493 0.343706 0.532675 1.482746 0.628315 0.714384 0.806111 0.073386 0.361470 1.777261 1.229999 1.216204 0.725003 0.000000 1.558402 1.976779 0.908009 1.694240 1.030524 0.429591 1.241706 0.596135 1.999881 0.902101 1.499679 0.088842 0.997267 1.329608 0.556059 1.863670 1.950448 0.447838 0.695821 0.792311 1.175274 0.225026
1.316979 0.316979 0.683021 1.683021 1.272819 0.549806 1.087661 0.867158 1.734042 0.786175 1.863923 0.875679 1.190599 0.327729 1.238105 1.214696 1.025727 0.958853 1.813284 0.844018 0.752290 1.485015 1.919871 0.664337 1.211600 1.225395 0.833399 1.558402 0.000000 0.464819 0.650392 0.747359 1.411074 1.128811 0.316695 0.962267 0.441479 0.656300 0.058722 1.469559 0.561135 0.228793 1.885540 0.577929 0.491150 1.993761 1.745778 0.766091 0.383127 1.333375
0.852160 0.147840 1.147840 1.852160 1.737638 1.014625 1.552481 1.331977 1.269223 0.321356 1.671257 0.410860 0.725780 0.792549 0.773286 1.679515 1.490546 0.494033 1.348464 1.308837 1.217109 1.949834 1.615309 0.199518 0.746781 0.760575 1.298218 1.976779 0.464819 0.000000 1.115212 0.282539 0.946255 1.593630 0.781514 1.427086 0.023340 1.121120 0.523541 1.934378 1.025954 0.693613 1.420720 0.113110 0.026331 1.528941 1.280958 1.230910 0.847946 1.798195
1.967372 0.967372 0.032628 1.032628 0.622426 0.100587 0.437269 0.216766 1.615566 1.436567 1.213531 1.526071 1.840991 0.322663 1.888497 0.564303 0.375334 1.609245 1.536324 0.193626 0.101898 0.834623 1.269479 1.314730 1.861992 1.875787 0.183006 0.908009 0.650392 1.115212 0.000000 1.397751 1.938533 0.478419 0.333697 0.311874 1.091871 0.005908 0.591670 0.819167 0.089257 0.421599 1.464068 1.228321 1.141542 1.355847 1.603830 0.115698 0.267265 0.682983
0.569621 0.430379 1.430379 1.569621 1.979823 1.297164 1.835020 1.614517 0.986683 0.038816 1.388718 0.128320 0.443240 1.075088 0.490746 1.962054 1.773085 0.211494 1.065925 1.591377 1.499649 1.767626 1.332770 0.083021 0.464241 0.478036 1.580757 1.694240 0.747359 0.282539 1.397751 0.000000 0.663716 1.876170 1.064054 1.709625 0.305880 1.403659 0.806081 1.783082 1.308494 0.976152 1.138181 0.169430 0.256209 1.246402 0.998419 1.513449 1.130486 1.919266
0.094095 1.094095 1.905905 0.905905 1.316107 1.960880 1.501264 1.721768 0.322967 0.624899 0.725002 0.535396 0.220476 1.738804 0.172969 1.374230 1.563199 0.452222 0.402209 1.744908 1.836635 1.103910 0.669054 0.746737 0.199475 0.185680 1.755527 1.030524 1.411074 0.946255 1.938533 0.663716 0.000000 1.460115 1.727769 1.626659 0.969595 1.932625 1.469797 1.119366 1.972209 1.639868 0.474465 0.833146 0.919924 0.582686 0.334703 1.822835 1.794202 1.255550
1.554210 1.445790 0.445790 0.554210 0.144008 0.579005 0.041150 0.261653 1.137147 1.914986 0.735112 1.995510 1.680590 0.801082 1.633084 0.085885 0.103084 1.912337 1.057905 0.284793 0.376521 0.356204 0.791061 1.793148 1.659589 1.645795 0.295412 0.429591 1.128811 1.593630 0.478419 1.876170 1.460115 0.000000 0.812116 0.166544 1.570290 0.472510 1.070089 0.340748 0.567676 0.900018 0.985649 1.706740 1.619961 0.877428 1.125411 0.362720 0.745684 0.204564
1.633674 0.633674 0.366326 1.366326 0.956124 0.233111 0.770966 0.550463 1.949263 1.102870 1.547228 1.192374 1.507294 0.011034 1.554800 0.898001 0.709032 1.275548 1.870021 0.527323 0.435595 1.168320 1.603176 0.981032 1.528295 1.542090 0.516704 1.241706 0.316695 0.781514 0.333697 1.064054 1.727769 0.812116 0.000000 0.645572 0.758174 0.339605 0.257973 1.152864 0.244440 0.087902 1.797765 0.894624 0.807845 1.689544 1.937527 0.449396 0.066432 1.016680
1.720754 1.279246 0.279246 0.720754 0.310552 0.412461 0.125395 0.095109 1.303692 1.748442 0.901657 1.837945 1.847135 0.634537 1.799628 0.252429 0.063460 1.921119 1.224450 0.118249 0.209976 0.522749 0.957605 1.626604 1.826134 1.812339 0.128868 0.596135 0.962267 1.427086 0.311874 1.709625 1.626659 0.166544 0.645572 0.000000 1.403746 0.305966 0.903544 0.507293 0.401132 0.733473 1.152194 1.540195 1.453417 1.043973 1.291956 0.196176 0.579139 0.371109
0.875500 0.124500 1.124500 1.875500 1.714298 0.991285 1.529140 1.308637 1.292563 0.344696 1.694598 0.434200 0.749120 0.769208 0.796626 1.656175 1.467206 0.517374 1.371805 1.285497 1.193769 1.926494 1.638649 0.222858 0.770121 0.783915 1.274878 1.999881 0.441479 0.023340 1.091871 0.305880 0.969595 1.570290 0.758174 1.403746 0.000000 1.097780 0.500201 1.911038 1.002614 0.670272 1.444061 0.136450 0.049671 1.552282 1.304299 1.207570 0.824606 1.774854
1.973280 0.973280 0.026720 1.026720 0.616518 0.106495 0.431361 0.210857 1.609658 1.442476 1.207623 1.531979 1.846899 0.328571 1.894406 0.558395 0.369426 1.615153 1.530416 0.187717 0.095990 0.828715 1.263571 1.320638 1.867900 1.881695 0.177098 0.902101 0.656300 1.121120 0.005908 1.403659 1.932625 0.472510 0.339605 0.305966 1.097780 0.000000 0.597578 0.813259 0.095166 0.427507 1.458160 1.234229 1.147451 1.349939 1.597922 0.109790 0.273173 0.677075
1.375701 0.375701 0.624299 1.624299 1.214097 0.491084 1.028939 0.808436 1.792764 0.844897 1.805201 0.934401 1.249321 0.269007 1.296827 1.155974 0.967004 1.017575 1.872006 0.785296 0.693568 1.426293 1.861149 0.723060 1.270322 1.284117 0.774676 1.499679 0.058722 0.523541 0.591670 0.806081 1.469797 1.070089 0.257973 0.903544 0.500201 0.597578 0.000000 1.410837 0.502413 0.170071 1.944262 0.636651 0.549872 1.947517 1.804500 0.707369 0.324405 1.274653
1.213462 1.786538 0.786538 0.213462 0.196740 0.919753 0.381898 0.602401 0.796399 1.744266 0.394364 1.654762 1.339842 1.141830 1.292336 0.254863 0.443833 1.571588 0.717157 0.625541 0.717269 0.015456 0.450312 1.866103 1.318841 1.305046 0.636160 0.088842 1.469559 1.934378 0.819167 1.783082 1.119366 0.340748 1.152864 0.507293 1.911038 0.813259 1.410837 0.000000 0.908424 1.240766 0.644901 1.952512 1.960709 0.536680 0.784663 0.703468 1.086432 0.136184
1.878114 0.878114 0.121886 1.121886 0.711684 0.011329 0.526526 0.306023 1.704823 1.347310 1.302788 1.436814 1.751734 0.233406 1.799240 0.653561 0.464592 1.519988 1.625581 0.282883 0.191155 0.923880 1.358737 1.225472 1.772735 1.786529 0.272264 0.997267 0.561135 1.025954 0.089257 1.308494 1.972209 0.567676 0.244440 0.401132 1.002614 0.095166 0.502413 0.908424 0.000000 0.332342 1.553325 1.139064 1.052285 1.445104 1.693087 0.204956 0.178008 0.772240
1.545773 0.545773 0.454227 1.454227 1.044025 0.321012 0.858868 0.638365 1.962835 1.014968 1.635130 1.104472 1.419392 0.098936 1.466898 0.985902 0.796933 1.187646 1.957923 0.615225 0.523497 1.256222 1.691078 0.893131 1.440393 1.454188 0.604605 1.329608 0.228793 0.693613 0.421599 0.976152 1.639868 0.900018 0.087902 0.733473 0.670272 0.427507 0.170071 1.240766 0.332342 0.000000 1.885667 0.806722 0.719943 1.777446 1.974571 0.537297 0.154334 1.104582
0.568560 1.568560 1.431440 0.431440 0.841642 1.564655 1.026799 1.247302 0.151498 1.099365 0.250537 1.009861 0.694941 1.786731 0.647435 0.899765 1.088734 0.926687 0.072256 1.270443 1.362170 0.629445 0.194589 1.221202 0.673940 0.660145 1.281062 0.556059 1.885540 1.420720 1.464068 1.138181 0.474465 0.985649 1.797765 1.152194 1.444061 1.458160 1.944262 0.644901 1.553325 1.885667 0.000000 1.307611 1.394390 0.108221 0.139762 1.348370 1.731333 0.781085
0.739050 0.260950 1.260950 1.739050 1.850747 1.127735 1.665590 1.445087 1.156113 0.208246 1.558148 0.297750 0.612670 0.905658 0.660176 1.792625 1.603655 0.380924 1.235355 1.421947 1.330219 1.937056 1.502200 0.086409 0.633671 0.647466 1.411327 1.863670 0.577929 0.113110 1.228321 0.169430 0.833146 1.706740 0.894624 1.540195 0.136450 1.234229 0.636651 1.952512 1.139064 0.806722 1.307611 0.000000 0.086779 1.415832 1.167849 1.344020 0.961056 1.911304
0.825829 0.174171 1.174171 1.825829 1.763969 1.040956 1.578811 1.358308 1.242892 0.295025 1.644927 0.384529 0.699449 0.818879 0.746955 1.705846 1.516877 0.467702 1.322134 1.335168 1.243440 1.976165 1.588978 0.173187 0.720450 0.734244 1.324549 1.950448 0.491150 0.026331 1.141542 0.256209 0.919924 1.619961 0.807845 1.453417 0.049671 1.147451 0.549872 1.960709 1.052285 0.719943 1.394390 0.086779 0.000000 1.502611 1.254628 1.257241 0.874277 1.824525
0.676782 1.676782 1.323218 0.323218 0.733421 1.456433 0.918578 1.139081 0.259719 1.207586 0.142316 1.118082 0.803162 1.678510 0.755656 0.791543 0.980513 1.034908 0.180477 1.162221 1.253949 0.521224 0.086368 1.329423 0.782161 0.768366 1.172841 0.447838 1.993761 1.528941 1.355847 1.246402 0.582686 0.877428 1.689544 1.043973 1.552282 1.349939 1.947517 0.536680 1.445104 1.777446 0.108221 1.415832 1.502611 0.000000 0.247983 1.240148 1.623112 0.672864
0.428798 1.428798 1.571202 0.571202 0.981404 1.704417 1.166561 1.387064 0.011736 0.959603 0.390299 0.870099 0.555179 1.926493 0.507673 1.039527 1.228496 0.786925 0.067506 1.410205 1.501932 0.769207 0.334351 1.081440 0.534178 0.520383 1.420824 0.695821 1.745778 1.280958 1.603830 0.998419 0.334703 1.125411 1.937527 1.291956 1.304299 1.597922 1.804500 0.784663 1.693087 1.974571 0.139762 1.167849 1.254628 0.247983 0.000000 1.488132 1.871095 0.920847
1.916930 1.083070 0.083070 0.916930 0.506728 0.216285 0.321571 0.101067 1.499867 1.552266 1.097833 1.641770 1.956690 0.438361 1.995804 0.448605 0.259636 1.724943 1.420626 0.077927 0.013801 0.718924 1.153781 1.430428 1.977691 1.991485 0.067308 0.792311 0.766091 1.230910 0.115698 1.513449 1.822835 0.362720 0.449396 0.196176 1.207570 0.109790 0.707369 0.703468 0.204956 0.537297 1.348370 1.344020 1.257241 1.240148 1.488132 0.000000 0.382964 0.567284
1.700106 0.700106 0.299894 1.299894 0.889692 0.166679 0.704534 0.484031 1.882831 1.169302 1.480796 1.258806 1.573726 0.055398 1.621232 0.831569 0.642599 1.341980 1.803589 0.460891 0.369163 1.101888 1.536744 1.047465 1.594727 1.608522 0.450272 1.175274 0.383127 0.847946 0.267265 1.130486 1.794202 0.745684 0.066432 0.579139 0.824606 0.273173 0.324405 1.086432 0.178008 0.154334 1.731333 0.961056 0.874277 1.623112 1.871095 0.382964 0.000000 0.950248
1.349645 1.650355 0.650355 0.349645 0.060557 0.783569 0.245714 0.466217 0.932583 1.880450 0.530548 1.790946 1.476026 1.005646 1.428520 0.118679 0.307649 1.707772 0.853341 0.489357 0.581085 0.151640 0.586496 1.997713 1.455025 1.441230 0.499977 0.225026 1.333375 1.798195 0.682983 1.919266 1.255550 0.204564 1.016680 0.371109 1.774854 0.677075 1.274653 0.136184 0.772240 1.104582 0.781085 1.911304 1.824525 0.672864 0.920847 0.567284 0.950248 0.000000
