25
0.000000 1.000000 2.000000 1.000000 1.835485 1.690821 1.831283 0.898165 0.877028 1.529053 1.855549 1.438000 0.665850 0.355434 1.741914 0.943339 1.280184 0.571163 0.301373 0.121294 0.901490 1.197141 0.212911 1.626388 1.706118
1.000000 0.000000 1.000000 2.000000 1.164515 0.690821 1.168717 1.898165 1.877028 0.529053 0.855549 0.438000 1.665850 1.355434 1.258086 0.056661 1.719816 0.428837 1.301373 0.878706 1.901490 0.197141 0.787089 0.626388 1.293882
2.000000 1.000000 0.000000 1.000000 0.164515 0.309179 0.168717 1.101835 1.122972 0.470947 0.144451 0.562000 1.334150 1.644566 0.258086 1.056661 0.719816 1.428837 1.698627 1.878706 1.098510 0.802859 1.787089 0.373612 0.293882
1.000000 2.000000 1.000000 0.000000 0.835485 1.309179 0.831283 0.101835 0.122972 1.470947 1.144451 1.562000 0.334150 0.644566 0.741914 1.943339 0.280184 1.571163 0.698627 1.121294 0.098510 1.802859 1.212911 1.373612 0.706118
1.835485 1.164515 0.164515 0.835485 0.000000 0.473694 0.004202 0.937320 0.958457 0.635462 0.308967 0.726515 1.169635 1.480051 0.093570 1.221176 0.555301 1.593353 1.534111 1.956779 0.933995 0.967374 1.951605 0.538128 0.129367
1.690821 0.690821 0.309179 1.309179 0.473694 0.000000 0.477896 1.411014 1.432151 0.161768 0.164728 0.252821 1.643329 1.953745 0.567265 0.747482 1.028995 1.119658 1.992194 1.569526 1.407689 0.493680 1.477910 0.064433 0.603062
1.831283 1.168717 0.168717 0.831283 0.004202 0.477896 0.000000 0.933118 0.954255 0.639664 0.313168 0.730717 1.165433 1.475849 0.089369 1.225378 0.551099 1.597554 1.529910 1.952577 0.929793 0.971576 1.955806 0.542329 0.125165
0.898165 1.898165 1.101835 0.101835 0.937320 1.411014 0.933118 0.000000 0.021137 1.572782 1.246286 1.663835 0.232315 0.542731 0.843749 1.841504 0.382019 1.469328 0.596792 1.019459 0.003325 1.904694 1.111076 1.475447 0.807953
0.877028 1.877028 1.122972 0.122972 0.958457 1.432151 0.954255 0.021137 0.000000 1.593919 1.267424 1.684972 0.211178 0.521593 0.864887 1.820367 0.403156 1.448190 0.575654 0.998322 0.024463 1.925832 1.089938 1.496585 0.829090
1.529053 0.529053 0.470947 1.470947 0.635462 0.161768 0.639664 1.572782 1.593919 0.000000 0.326496 0.091053 1.805097 1.884487 0.729032 0.585714 1.190763 0.957890 1.830426 1.407759 1.569457 0.331912 1.316142 0.097334 0.764829
1.855549 0.855549 0.144451 1.144451 0.308967 0.164728 0.313168 1.246286 1.267424 0.326496 0.000000 0.417548 1.478602 1.789017 0.402537 0.912210 0.864268 1.284386 1.843078 1.734254 1.242961 0.658408 1.642638 0.229161 0.438334
1.438000 0.438000 0.562000 1.562000 0.726515 0.252821 0.730717 1.663835 1.684972 0.091053 0.417548 0.000000 1.896150 1.793434 0.820085 0.494661 1.281816 0.866838 1.739373 1.316706 1.660510 0.240859 1.225089 0.188387 0.855882
0.665850 1.665850 1.334150 0.334150 1.169635 1.643329 1.165433 0.232315 0.211178 1.805097 1.478602 1.896150 0.000000 0.310416 1.076065 1.609189 0.614334 1.237012 0.364477 0.787144 0.235640 1.862991 0.878760 1.707763 1.040268
0.355434 1.355434 1.644566 0.644566 1.480051 1.953745 1.475849 0.542731 0.521593 1.884487 1.789017 1.793434 0.310416 0.000000 1.386480 1.298773 0.924749 0.926597 0.054061 0.476729 0.546056 1.552575 0.568345 1.981822 1.350683
1.741914 1.258086 0.258086 0.741914 0.093570 0.567265 0.089369 0.843749 0.864887 0.729032 0.402537 0.820085 1.076065 1.386480 0.000000 1.314746 0.461731 1.686923 1.440541 1.863209 0.840424 1.060945 1.954825 0.631698 0.035797
0.943339 0.056661 1.056661 1.943339 1.221176 0.747482 1.225378 1.841504 1.820367 0.585714 0.912210 0.494661 1.609189 1.298773 1.314746 0.000000 1.776477 0.372176 1.244712 0.822045 1.844829 0.253802 0.730428 0.683048 1.350543
1.280184 1.719816 0.719816 0.280184 0.555301 1.028995 0.551099 0.382019 0.403156 1.190763 0.864268 1.281816 0.614334 0.924749 0.461731 1.776477 0.000000 1.851346 0.978810 1.401478 0.378693 1.522676 1.493094 1.093429 0.425934
0.571163 0.428837 1.428837 1.571163 1.593353 1.119658 1.597554 1.469328 1.448190 0.957890 1.284386 0.866838 1.237012 0.926597 1.686923 0.372176 1.851346 0.000000 0.872536 0.449868 1.472653 0.625978 0.358252 1.055225 1.722720
0.301373 1.301373 1.698627 0.698627 1.534111 1.992194 1.529910 0.596792 0.575654 1.830426 1.843078 1.739373 0.364477 0.054061 1.440541 1.244712 0.978810 0.872536 0.000000 0.422668 0.600117 1.498514 0.514284 1.927761 1.404744
0.121294 0.878706 1.878706 1.121294 1.956779 1.569526 1.952577 1.019459 0.998322 1.407759 1.734254 1.316706 0.787144 0.476729 1.863209 0.822045 1.401478 0.449868 0.422668 0.000000 1.022785 1.075846 0.091616 1.505093 1.827412
0.901490 1.901490 1.098510 0.098510 0.933995 1.407689 0.929793 0.003325 0.024463 1.569457 1.242961 1.660510 0.235640 0.546056 0.840424 1.844829 0.378693 1.472653 0.600117 1.022785 0.000000 1.901369 1.114401 1.472122 0.804627
1.197141 0.197141 0.802859 1.802859 0.967374 0.493680 0.971576 1.904694 1.925832 0.331912 0.658408 0.240859 1.862991 1.552575 1.060945 0.253802 1.522676 0.625978 1.498514 1.075846 1.901369 0.000000 0.984230 0.429247 1.096742
0.212911 0.787089 1.787089 1.212911 1.951605 1.477910 1.955806 1.111076 1.089938 1.316142 1.642638 1.225089 0.878760 0.568345 1.954825 0.730428 1.493094 0.358252 0.514284 0.091616 1.114401 0.984230 0.000000 1.413477 1.919028
1.626388 0.626388 0.373612 1.373612 0.538128 0.064433 0.542329 1.475447 1.496585 0.097334 0.229161 0.188387 1.707763 1.981822 0.631698 0.683048 1.093429 1.055225 1.927761 1.505093 1.472122 0.429247 1.413477 0.000000 0.667495
1.706118 1.293882 0.293882 0.706118 0.129367 0.603062 0.125165 0.807953 0.829090 0.764829 0.438334 0.855882 1.040268 1.350683 0.035797 1.350543 0.425934 1.722720 1.404744 1.827412 0.804627 1.096742 1.919028 0.667495 0.000000
