20
0.000000 1.000000 2.000000 1.000000 1.475368 0.815184 0.114481 1.242368 1.541830 1.576623 1.572285 1.478740 1.296167 1.187520 1.494068 1.302836 0.914491 1.393964 1.738265 1.252639
1.000000 0.000000 1.000000 2.000000 1.524632 1.815184 0.885519 0.242368 0.541830 0.576623 1.427715 0.478740 0.296167 1.812480 1.505932 0.302836 1.914491 0.393964 0.738265 1.747361
2.000000 1.000000 0.000000 1.000000 0.524632 1.184816 1.885519 0.757632 0.458170 0.423377 0.427715 0.521260 0.703833 0.812480 0.505932 0.697164 1.085509 0.606036 0.261735 0.747361
1.000000 2.000000 1.000000 0.000000 0.475368 0.184816 1.114481 1.757632 1.458170 1.423377 0.572285 1.521260 1.703833 0.187520 0.494068 1.697164 0.085509 1.606036 1.261735 0.252639
1.475368 1.524632 0.524632 0.475368 0.000000 0.660184 1.589849 1.282264 0.982802 0.948009 0.096917 1.045892 1.228465 0.287848 0.018700 1.221796 0.560877 1.130668 0.786367 0.222729
0.815184 1.815184 1.184816 0.184816 0.660184 0.000000 0.929665 1.942448 1.642986 1.608193 0.757101 1.706076 1.888649 0.372336 0.678884 1.881980 0.099307 1.790852 1.446551 0.437455
0.114481 0.885519 1.885519 1.114481 1.589849 0.929665 0.000000 1.127887 1.427348 1.462142 1.686766 1.364259 1.181686 1.302002 1.608550 1.188355 1.028973 1.279483 1.623783 1.367121
1.242368 0.242368 0.757632 1.757632 1.282264 1.942448 1.127887 0.000000 0.299462 0.334255 1.185347 0.236372 0.053799 1.570112 1.263564 0.060468 1.843141 0.151596 0.495897 1.504993
1.541830 0.541830 0.458170 1.458170 0.982802 1.642986 1.427348 0.299462 0.000000 0.034793 0.885886 0.063090 0.245662 1.270650 0.964102 0.238994 1.543679 0.147866 0.196435 1.205531
1.576623 0.576623 0.423377 1.423377 0.948009 1.608193 1.462142 0.334255 0.034793 0.000000 0.851092 0.097883 0.280455 1.235857 0.929309 0.273787 1.508886 0.182659 0.161642 1.170738
1.572285 1.427715 0.427715 0.572285 0.096917 0.757101 1.686766 1.185347 0.885886 0.851092 0.000000 0.948975 1.131548 0.384765 0.078217 1.124879 0.657794 1.033751 0.689450 0.319646
1.478740 0.478740 0.521260 1.521260 1.045892 1.706076 1.364259 0.236372 0.063090 0.097883 0.948975 0.000000 0.182573 1.333740 1.027192 0.175904 1.606769 0.084776 0.259525 1.268621
1.296167 0.296167 0.703833 1.703833 1.228465 1.888649 1.181686 0.053799 0.245662 0.280455 1.131548 0.182573 0.000000 1.516312 1.209764 0.006669 1.789341 0.097797 0.442097 1.451193
1.187520 1.812480 0.812480 0.187520 0.287848 0.372336 1.302002 1.570112 1.270650 1.235857 0.384765 1.333740 1.516312 0.000000 0.306548 1.509644 0.273029 1.418516 1.074215 0.065119
1.494068 1.505932 0.505932 0.494068 0.018700 0.678884 1.608550 1.263564 0.964102 0.929309 0.078217 1.027192 1.209764 0.306548 0.000000 1.203096 0.579577 1.111968 0.767667 0.241429
1.302836 0.302836 0.697164 1.697164 1.221796 1.881980 1.188355 0.060468 0.238994 0.273787 1.124879 0.175904 0.006669 1.509644 1.203096 0.000000 1.782673 0.091128 0.435429 1.444525
0.914491 1.914491 1.085509 0.085509 0.560877 0.099307 1.028973 1.843141 1.543679 1.508886 0.657794 1.606769 1.789341 0.273029 0.579577 1.782673 0.000000 1.691545 1.347244 0.338148
1.393964 0.393964 0.606036 1.606036 1.130668 1.790852 1.279483 0.151596 0.147866 0.182659 1.033751 0.084776 0.097797 1.418516 1.111968 0.091128 1.691545 0.000000 0.344301 1.353397
1.738265 0.738265 0.261735 1.261735 0.786367 1.446551 1.623783 0.495897 0.196435 0.161642 0.689450 0.259525 0.442097 1.074215 0.767667 0.435429 1.347244 0.344301 0.000000 1.009096
1.252639 1.747361 0.747361 0.252639 0.222729 0.437455 1.367121 1.504993 1.205531 1.170738 0.319646 1.268621 1.451193 0.065119 0.241429 1.444525 0.338148 1.353397 1.009096 0.000000
