50
0.000000 1.000000 2.000000 1.000000 1.331684 1.734794 1.458777 1.771130 0.440560 1.430357 0.059780 0.314635 1.759844 1.903459 1.498791 1.732801 1.717561 1.484860 1.843807 1.091155 1.096764 1.979330 0.161879 0.478413 0.080720 0.542358 1.038490 1.874753 1.493263 1.961002 0.201455 1.057449 1.065845 1.595138 0.268149 1.917197 0.847062 1.007738 0.440315 0.990561 1.633889 0.634695 1.923198 0.525279 0.378153 0.617516 1.146208 1.007022 1.245779 1.630046
1.000000 0.000000 1.000000 2.000000 0.331684 1.265206 1.541223 1.228870 1.440560 0.430357 0.940220 0.685365 0.759844 0.903459 0.498791 1.267199 1.282439 0.484860 0.843807 1.908845 0.096764 1.020670 0.838121 1.478413 1.080720 0.457642 0.038490 1.125247 1.506737 1.038998 1.201455 1.942551 1.934155 0.595138 1.268149 1.082803 1.847062 0.007738 1.440315 0.009439 1.366111 1.634695 1.076802 0.474721 1.378153 1.617516 0.146208 1.992978 0.245779 1.369954
2.000000 1.000000 0.000000 1.000000 0.668316 0.265206 0.541223 0.228870 1.559440 0.569643 1.940220 1.685365 0.240156 0.096541 0.501209 0.267199 0.282439 0.515140 0.156193 0.908845 0.903236 0.020670 1.838121 1.521587 1.919280 1.457642 0.961510 0.125247 0.506737 0.038998 1.798545 0.942551 0.934155 0.404862 1.731851 0.082803 1.152938 0.992262 1.559685 1.009439 0.366111 1.365305 0.076802 1.474721 1.621847 1.382484 0.853792 0.992978 0.754221 0.369954
1.000000 2.000000 1.000000 0.000000 1.668316 0.734794 0.458777 0.771130 0.559440 1.569643 1.059780 1.314635 1.240156 1.096541 1.501209 0.732801 0.717561 1.515140 1.156193 0.091155 1.903236 0.979330 1.161879 0.521587 0.919280 1.542358 1.961510 0.874753 0.493263 0.961002 0.798545 0.057449 0.065845 1.404862 0.731851 0.917197 0.152938 1.992262 0.559685 1.990561 0.633889 0.365305 0.923198 1.525279 0.621847 0.382484 1.853792 0.007022 1.754221 0.630046
1.331684 0.331684 0.668316 1.668316 0.000000 0.933522 1.209539 0.897186 1.772245 0.098672 1.271904 1.017050 0.428160 0.571774 0.167107 0.935515 0.950755 0.153176 0.512122 1.577161 0.234920 0.688985 1.169805 1.810097 1.412404 0.789326 0.293194 0.793563 1.175053 0.707313 1.533139 1.610867 1.602470 0.263453 1.599833 0.751119 1.821254 0.323947 1.771999 0.341123 1.034427 1.966379 0.745118 0.806406 1.709838 1.949200 0.185476 1.661294 0.085906 1.038269
1.734794 1.265206 0.265206 0.734794 0.933522 0.000000 0.276017 0.036336 1.294234 0.834849 1.794574 1.950571 0.505362 0.361747 0.766415 0.001993 0.017233 0.780346 0.421399 0.643639 1.168442 0.244536 1.896673 1.256381 1.654074 1.722848 1.226716 0.139959 0.241531 0.226208 1.533339 0.677345 0.668949 0.670068 1.466645 0.182403 0.887732 1.257468 1.294479 1.274645 0.100905 1.100099 0.188404 1.739927 1.356641 1.117278 1.118998 0.727772 1.019427 0.104748
1.458777 1.541223 0.541223 0.458777 1.209539 0.276017 0.000000 0.312353 1.018217 1.110866 1.518557 1.773411 0.781379 0.637765 1.042432 0.274024 0.258784 1.056363 0.697416 0.367622 1.444459 0.520553 1.620656 0.980364 1.378057 1.998865 1.502733 0.415976 0.034486 0.502226 1.257322 0.401328 0.392932 0.946085 1.190628 0.458420 0.611715 1.533486 1.018462 1.550662 0.175112 0.824082 0.464421 1.984055 1.080623 0.841261 1.395015 0.451755 1.295445 0.171269
1.771130 1.228870 0.228870 0.771130 0.897186 0.036336 0.312353 0.000000 1.330570 0.798513 1.830910 1.914235 0.469026 0.325411 0.730079 0.038329 0.053569 0.744010 0.385063 0.679975 1.132106 0.208200 1.933009 1.292717 1.690410 1.686512 1.190380 0.103622 0.277867 0.189872 1.569676 0.713681 0.705285 0.633732 1.502982 0.146067 0.924068 1.221132 1.330815 1.238309 0.137241 1.136435 0.152068 1.703591 1.392977 1.153614 1.082662 0.764108 0.983091 0.141084
0.440560 1.440560 1.559440 0.559440 1.772245 1.294234 1.018217 1.330570 0.000000 1.870917 0.500340 0.755195 1.799596 1.655981 1.939352 1.292241 1.277001 1.925420 1.715633 0.650594 1.537324 1.538770 0.602439 0.037853 0.359841 0.982918 1.479051 1.434192 1.052703 1.520442 0.239106 0.616889 0.625285 1.964302 0.172412 1.476637 0.406502 1.448298 0.000245 1.431121 1.193328 0.194135 1.482637 0.965839 0.062407 0.176955 1.586768 0.566462 1.686339 1.189486
1.430357 0.430357 0.569643 1.569643 0.098672 0.834849 1.110866 0.798513 1.870917 0.000000 1.370577 1.115722 0.329487 0.473102 0.068435 0.836842 0.852082 0.054503 0.413450 1.478489 0.333593 0.590313 1.268478 1.908770 1.511076 0.887999 0.391866 0.694891 1.076380 0.608641 1.631811 1.512194 1.503798 0.164781 1.698505 0.652446 1.722581 0.422619 1.870672 0.439796 0.935755 1.934948 0.646446 0.905078 1.808510 1.952128 0.284149 1.562621 0.184578 0.939597
0.059780 0.940220 1.940220 1.059780 1.271904 1.794574 1.518557 1.830910 0.500340 1.370577 0.000000 0.254855 1.700064 1.843679 1.439011 1.792581 1.777341 1.425080 1.784027 1.150935 1.036984 1.960890 0.102099 0.538193 0.140500 0.482578 0.978710 1.934533 1.553043 1.979218 0.261235 1.117229 1.125625 1.535358 0.327929 1.976977 0.906842 0.947957 0.500095 0.930781 1.693669 0.694475 1.982978 0.465499 0.437933 0.677296 1.086428 1.066802 1.185998 1.689826
0.314635 0.685365 1.685365 1.314635 1.017050 1.950571 1.773411 1.914235 0.755195 1.115722 0.254855 0.000000 1.445209 1.588824 1.184157 1.952564 1.967804 1.170225 1.529172 1.405789 0.782130 1.706035 0.152756 0.793048 0.395354 0.227723 0.723856 1.810613 1.807898 1.724363 0.516089 1.372084 1.380480 1.280503 0.582783 1.768168 1.161697 0.693103 0.754950 0.675926 1.948523 0.949330 1.762168 0.210644 0.692788 0.932150 0.831573 1.321657 0.931144 1.944681
1.759844 0.759844 0.240156 1.240156 0.428160 0.505362 0.781379 0.469026 1.799596 0.329487 1.700064 1.445209 0.000000 0.143615 0.261052 0.507355 0.522595 0.274984 0.083963 1.149001 0.663080 0.260826 1.597965 1.761743 1.840564 1.217486 0.721354 0.365404 0.746893 0.279154 1.961298 1.182707 1.174311 0.164706 1.972008 0.322959 1.393094 0.752106 1.799841 0.769283 0.606268 1.605461 0.316958 1.234565 1.862003 1.622640 0.613636 1.233134 0.514065 0.610110
1.903459 0.903459 0.096541 1.096541 0.571774 0.361747 0.637765 0.325411 1.655981 0.473102 1.843679 1.588824 0.143615 0.000000 0.404667 0.363740 0.378981 0.418599 0.059652 1.005387 0.806694 0.117211 1.741579 1.618128 1.984178 1.361101 0.864968 0.221789 0.603278 0.135539 1.895087 1.039092 1.030696 0.308321 1.828393 0.179345 1.249480 0.895721 1.656226 0.912898 0.462653 1.461846 0.173344 1.378180 1.718388 1.479026 0.757251 1.089519 0.657680 0.466495
1.498791 0.498791 0.501209 1.501209 0.167107 0.766415 1.042432 0.730079 1.939352 0.068435 1.439011 1.184157 0.261052 0.404667 0.000000 0.768408 0.783648 0.013931 0.345015 1.410054 0.402027 0.521878 1.336912 1.977204 1.579511 0.956434 0.460301 0.626456 1.007946 0.540206 1.700246 1.443759 1.435363 0.096346 1.766940 0.584012 1.654147 0.491054 1.939107 0.508230 0.867320 1.866514 0.578011 0.973513 1.876945 1.883693 0.352583 1.494187 0.253013 0.871162
1.732801 1.267199 0.267199 0.732801 0.935515 0.001993 0.274024 0.038329 1.292241 0.836842 1.792581 1.952564 0.507355 0.363740 0.768408 0.000000 0.015240 0.782339 0.423392 0.641646 1.170435 0.246529 1.894680 1.254388 1.652081 1.724841 1.228709 0.141951 0.239538 0.228201 1.531347 0.675352 0.666956 0.672061 1.464653 0.184396 0.885739 1.259461 1.292486 1.276638 0.098912 1.098106 0.190397 1.741920 1.354648 1.115285 1.120991 0.725779 1.021420 0.102755
1.717561 1.282439 0.282439 0.717561 0.950755 0.017233 0.258784 0.053569 1.277001 0.852082 1.777341 1.967804 0.522595 0.378981 0.783648 0.015240 0.000000 0.797579 0.438632 0.626406 1.185675 0.261769 1.879440 1.239148 1.636841 1.740081 1.243949 0.157192 0.224298 0.243441 1.516106 0.660112 0.651716 0.687301 1.449412 0.199636 0.870499 1.274702 1.277246 1.291878 0.083672 1.082866 0.205637 1.757160 1.339408 1.100045 1.136231 0.710539 1.036661 0.087515
1.484860 0.484860 0.515140 1.515140 0.153176 0.780346 1.056363 0.744010 1.925420 0.054503 1.425080 1.170225 0.274984 0.418599 0.013931 0.782339 0.797579 0.000000 0.358947 1.423985 0.388096 0.535810 1.322981 1.963273 1.565580 0.942502 0.446370 0.640387 1.021877 0.554138 1.686315 1.457691 1.449295 0.110278 1.753009 0.597943 1.668078 0.477122 1.925175 0.494299 0.881251 1.880445 0.591942 0.959581 1.863013 1.897624 0.338652 1.508118 0.239082 0.885094
1.843807 0.843807 0.156193 1.156193 0.512122 0.421399 0.697416 0.385063 1.715633 0.413450 1.784027 1.529172 0.083963 0.059652 0.345015 0.423392 0.438632 0.358947 0.000000 1.065039 0.747043 0.176863 1.681928 1.677780 1.924526 1.301449 0.805316 0.281441 0.662930 0.195191 1.954739 1.098744 1.090348 0.248669 1.888045 0.238996 1.309131 0.836069 1.715878 0.853246 0.522305 1.521498 0.232996 1.318528 1.778040 1.538678 0.697599 1.149171 0.598028 0.526147
1.091155 1.908845 0.908845 0.091155 1.577161 0.643639 0.367622 0.679975 0.650594 1.478489 1.150935 1.405789 1.149001 1.005387 1.410054 0.641646 0.626406 1.423985 1.065039 0.000000 1.812081 0.888176 1.253034 0.612742 1.010435 1.633513 1.870355 0.783598 0.402108 0.869848 0.889700 0.033705 0.025309 1.313708 0.823006 0.826042 0.244093 1.901108 0.650840 1.918284 0.542734 0.456460 0.832043 1.616433 0.713001 0.473639 1.762637 0.084133 1.663067 0.538892
1.096764 0.096764 0.903236 1.903236 0.234920 1.168442 1.444459 1.132106 1.537324 0.333593 1.036984 0.782130 0.663080 0.806694 0.402027 1.170435 1.185675 0.388096 0.747043 1.812081 0.000000 0.923906 0.934885 1.575177 1.177484 0.554406 0.058274 1.028483 1.409973 0.942233 1.298219 1.845787 1.837391 0.498374 1.364913 0.986039 1.943826 0.089027 1.537079 0.106203 1.269347 1.731459 0.980038 0.571485 1.474918 1.714280 0.049444 1.896214 0.149014 1.273190
1.979330 1.020670 0.020670 0.979330 0.688985 0.244536 0.520553 0.208200 1.538770 0.590313 1.960890 1.706035 0.260826 0.117211 0.521878 0.246529 0.261769 0.535810 0.176863 0.888176 0.923906 0.000000 1.858791 1.500917 1.898610 1.478312 0.982179 0.104578 0.486067 0.018328 1.777876 0.921881 0.913485 0.425532 1.711182 0.062133 1.132268 1.012932 1.539015 1.030109 0.345442 1.344635 0.056132 1.495391 1.601177 1.361815 0.874462 0.972308 0.774891 0.349284
0.161879 0.838121 1.838121 1.161879 1.169805 1.896673 1.620656 1.933009 0.602439 1.268478 0.102099 0.152756 1.597965 1.741579 1.336912 1.894680 1.879440 1.322981 1.681928 1.253034 0.934885 1.858791 0.000000 0.640292 0.242599 0.380479 0.876611 1.963368 1.655142 1.877119 0.363334 1.219328 1.227724 1.433259 0.430028 1.920924 1.008941 0.845858 0.602194 0.828682 1.795768 0.796574 1.914923 0.363400 0.540033 0.779395 0.984329 1.168901 1.083899 1.791925
0.478413 1.478413 1.521587 0.521587 1.810097 1.256381 0.980364 1.292717 0.037853 1.908770 0.538193 0.793048 1.761743 1.618128 1.977204 1.254388 1.239148 1.963273 1.677780 0.612742 1.575177 1.500917 0.640292 0.000000 0.397693 1.020771 1.516903 1.396340 1.014850 1.482589 0.276958 0.579036 0.587432 1.926449 0.210264 1.438784 0.368649 1.486151 0.038098 1.468974 1.155476 0.156282 1.444785 1.003692 0.100260 0.139103 1.624621 0.528609 1.724192 1.151633
0.080720 1.080720 1.919280 0.919280 1.412404 1.654074 1.378057 1.690410 0.359841 1.511076 0.140500 0.395354 1.840564 1.984178 1.579511 1.652081 1.636841 1.565580 1.924526 1.010435 1.177484 1.898610 0.242599 0.397693 0.000000 0.623078 1.119210 1.794033 1.412543 1.880283 0.120735 0.976729 0.985125 1.675857 0.187429 1.836477 0.766342 1.088457 0.359595 1.071281 1.553169 0.553975 1.842478 0.605998 0.297434 0.536796 1.226928 0.926302 1.326498 1.549327
0.542358 0.457642 1.457642 1.542358 0.789326 1.722848 1.998865 1.686512 0.982918 0.887999 0.482578 0.227723 1.217486 1.361101 0.956434 1.724841 1.740081 0.942502 1.301449 1.633513 0.554406 1.478312 0.380479 1.020771 0.623078 0.000000 0.496132 1.582890 1.964379 1.496640 0.743812 1.599807 1.608203 1.052780 0.810506 1.540445 1.389420 0.465380 0.982673 0.448203 1.823753 1.177053 1.534444 0.017079 0.920511 1.159874 0.603850 1.549380 0.703421 1.827596
1.038490 0.038490 0.961510 1.961510 0.293194 1.226716 1.502733 1.190380 1.479051 0.391866 0.978710 0.723856 0.721354 0.864968 0.460301 1.228709 1.243949 0.446370 0.805316 1.870355 0.058274 0.982179 0.876611 1.516903 1.119210 0.496132 0.000000 1.086757 1.468247 1.000507 1.239945 1.904060 1.895664 0.556647 1.306639 1.044313 1.885552 0.030753 1.478806 0.047929 1.327621 1.673185 1.038312 0.513212 1.416644 1.656006 0.107718 1.954488 0.207288 1.331463
1.874753 1.125247 0.125247 0.874753 0.793563 0.139959 0.415976 0.103622 1.434192 0.694891 1.934533 1.810613 0.365404 0.221789 0.626456 0.141951 0.157192 0.640387 0.281441 0.783598 1.028483 0.104578 1.963368 1.396340 1.794033 1.582890 1.086757 0.000000 0.381489 0.086250 1.673298 0.817303 0.808907 0.530110 1.606604 0.042444 1.027691 1.117510 1.434437 1.134687 0.240864 1.240058 0.048445 1.599969 1.496599 1.257237 0.979039 0.867731 0.879469 0.244706
1.493263 1.506737 0.506737 0.493263 1.175053 0.241531 0.034486 0.277867 1.052703 1.076380 1.553043 1.807898 0.746893 0.603278 1.007946 0.239538 0.224298 1.021877 0.662930 0.402108 1.409973 0.486067 1.655142 1.014850 1.412543 1.964379 1.468247 0.381489 0.000000 0.467739 1.291809 0.435814 0.427418 0.911599 1.225115 0.423934 0.646201 1.498999 1.052948 1.516176 0.140626 0.858568 0.429935 1.981458 1.115110 0.875747 1.360529 0.486241 1.260958 0.136783
1.961002 1.038998 0.038998 0.961002 0.707313 0.226208 0.502226 0.189872 1.520442 0.608641 1.979218 1.724363 0.279154 0.135539 0.540206 0.228201 0.243441 0.554138 0.195191 0.869848 0.942233 0.018328 1.877119 1.482589 1.880283 1.496640 1.000507 0.086250 0.467739 0.000000 1.759548 0.903553 0.895157 0.443860 1.692854 0.043805 1.113940 1.031260 1.520687 1.048437 0.327114 1.326307 0.037805 1.513719 1.582849 1.343487 0.892790 0.953980 0.793219 0.330956
0.201455 1.201455 1.798545 0.798545 1.533139 1.533339 1.257322 1.569676 0.239106 1.631811 0.261235 0.516089 1.961298 1.895087 1.700246 1.531347 1.516106 1.686315 1.954739 0.889700 1.298219 1.777876 0.363334 0.276958 0.120735 0.743812 1.239945 1.673298 1.291809 1.759548 0.000000 0.855995 0.864391 1.796592 0.066694 1.715742 0.645607 1.209192 0.238861 1.192015 1.432434 0.433240 1.721743 0.726733 0.176699 0.416061 1.347663 0.805567 1.447233 1.428592
1.057449 1.942551 0.942551 0.057449 1.610867 0.677345 0.401328 0.713681 0.616889 1.512194 1.117229 1.372084 1.182707 1.039092 1.443759 0.675352 0.660112 1.457691 1.098744 0.033705 1.845787 0.921881 1.219328 0.579036 0.976729 1.599807 1.904060 0.817303 0.435814 0.903553 0.855995 0.000000 0.008396 1.347413 0.789301 0.859748 0.210387 1.934813 0.617134 1.951990 0.576439 0.422754 0.865749 1.582728 0.679296 0.439934 1.796343 0.050427 1.696772 0.572597
1.065845 1.934155 0.934155 0.065845 1.602470 0.668949 0.392932 0.705285 0.625285 1.503798 1.125625 1.380480 1.174311 1.030696 1.435363 0.666956 0.651716 1.449295 1.090348 0.025309 1.837391 0.913485 1.227724 0.587432 0.985125 1.608203 1.895664 0.808907 0.427418 0.895157 0.864391 0.008396 0.000000 1.339017 0.797697 0.851352 0.218783 1.926417 0.625530 1.943594 0.568043 0.431150 0.857353 1.591124 0.687692 0.448330 1.787947 0.058823 1.688376 0.564201
1.595138 0.595138 0.404862 1.404862 0.263453 0.670068 0.946085 0.633732 1.964302 0.164781 1.535358 1.280503 0.164706 0.308321 0.096346 0.672061 0.687301 0.110278 0.248669 1.313708 0.498374 0.425532 1.433259 1.926449 1.675857 1.052780 0.556647 0.530110 0.911599 0.443860 1.796592 1.347413 1.339017 0.000000 1.863286 0.487665 1.557800 0.587400 1.964547 0.604577 0.770974 1.770167 0.481665 1.069859 1.973291 1.787347 0.448930 1.397840 0.349359 0.774816
0.268149 1.268149 1.731851 0.731851 1.599833 1.466645 1.190628 1.502982 0.172412 1.698505 0.327929 0.582783 1.972008 1.828393 1.766940 1.464653 1.449412 1.753009 1.888045 0.823006 1.364913 1.711182 0.430028 0.210264 0.187429 0.810506 1.306639 1.606604 1.225115 1.692854 0.066694 0.789301 0.797697 1.863286 0.000000 1.649048 0.578913 1.275886 0.172167 1.258709 1.365740 0.366546 1.655049 0.793427 0.110005 0.349367 1.414357 0.738873 1.513927 1.361898
1.917197 1.082803 0.082803 0.917197 0.751119 0.182403 0.458420 0.146067 1.476637 0.652446 1.976977 1.768168 0.322959 0.179345 0.584012 0.184396 0.199636 0.597943 0.238996 0.826042 0.986039 0.062133 1.920924 1.438784 1.836477 1.540445 1.044313 0.042444 0.423934 0.043805 1.715742 0.859748 0.851352 0.487665 1.649048 0.000000 1.070135 1.075066 1.476882 1.092242 0.283308 1.282502 0.006001 1.557524 1.539044 1.299681 0.936595 0.910175 0.837025 0.287151
0.847062 1.847062 1.152938 0.152938 1.821254 0.887732 0.611715 0.924068 0.406502 1.722581 0.906842 1.161697 1.393094 1.249480 1.654147 0.885739 0.870499 1.668078 1.309131 0.244093 1.943826 1.132268 1.008941 0.368649 0.766342 1.389420 1.885552 1.027691 0.646201 1.113940 0.645607 0.210387 0.218783 1.557800 0.578913 1.070135 0.000000 1.854799 0.406747 1.837623 0.786827 0.212367 1.076136 1.372341 0.468908 0.229546 1.993270 0.159960 1.907160 0.782984
1.007738 0.007738 0.992262 1.992262 0.323947 1.257468 1.533486 1.221132 1.448298 0.422619 0.947957 0.693103 0.752106 0.895721 0.491054 1.259461 1.274702 0.477122 0.836069 1.901108 0.089027 1.012932 0.845858 1.486151 1.088457 0.465380 0.030753 1.117510 1.498999 1.031260 1.209192 1.934813 1.926417 0.587400 1.275886 1.075066 1.854799 0.000000 1.448053 0.017177 1.358374 1.642433 1.069065 0.482459 1.385891 1.625253 0.138471 1.985240 0.238041 1.362216
0.440315 1.440315 1.559685 0.559685 1.771999 1.294479 1.018462 1.330815 0.000245 1.870672 0.500095 0.754950 1.799841 1.656226 1.939107 1.292486 1.277246 1.925175 1.715878 0.650840 1.537079 1.539015 0.602194 0.038098 0.359595 0.982673 1.478806 1.434437 1.052948 1.520687 0.238861 0.617134 0.625530 1.964547 0.172167 1.476882 0.406747 1.448053 0.000000 1.430876 1.193573 0.194380 1.482883 0.965594 0.062162 0.177201 1.586523 0.566707 1.686094 1.189731
0.990561 0.009439 1.009439 1.990561 0.341123 1.274645 1.550662 1.238309 1.431121 0.439796 0.930781 0.675926 0.769283 0.912898 0.508230 1.276638 1.291878 0.494299 0.853246 1.918284 0.106203 1.030109 0.828682 1.468974 1.071281 0.448203 0.047929 1.134687 1.516176 1.048437 1.192015 1.951990 1.943594 0.604577 1.258709 1.092242 1.837623 0.017177 1.430876 0.000000 1.375550 1.625256 1.086241 0.465282 1.368714 1.608077 0.155647 1.997583 0.255218 1.379393
1.633889 1.366111 0.366111 0.633889 1.034427 0.100905 0.175112 0.137241 1.193328 0.935755 1.693669 1.948523 0.606268 0.462653 0.867320 0.098912 0.083672 0.881251 0.522305 0.542734 1.269347 0.345442 1.795768 1.155476 1.553169 1.823753 1.327621 0.240864 0.140626 0.327114 1.432434 0.576439 0.568043 0.770974 1.365740 0.283308 0.786827 1.358374 1.193573 1.375550 0.000000 0.999194 0.289309 1.840833 1.255735 1.016373 1.219903 0.626867 1.120333 0.003842
0.634695 1.634695 1.365305 0.365305 1.966379 1.100099 0.824082 1.136435 0.194135 1.934948 0.694475 0.949330 1.605461 1.461846 1.866514 1.098106 1.082866 1.880445 1.521498 0.456460 1.731459 1.344635 0.796574 0.156282 0.553975 1.177053 1.673185 1.240058 0.858568 1.326307 0.433240 0.422754 0.431150 1.770167 0.366546 1.282502 0.212367 1.642433 0.194380 1.625256 0.999194 0.000000 1.288503 1.159974 0.256542 0.017179 1.780903 0.372327 1.880474 0.995351
1.923198 1.076802 0.076802 0.923198 0.745118 0.188404 0.464421 0.152068 1.482637 0.646446 1.982978 1.762168 0.316958 0.173344 0.578011 0.190397 0.205637 0.591942 0.232996 0.832043 0.980038 0.056132 1.914923 1.444785 1.842478 1.534444 1.038312 0.048445 0.429935 0.037805 1.721743 0.865749 0.857353 0.481665 1.655049 0.006001 1.076136 1.069065 1.482883 1.086241 0.289309 1.288503 0.000000 1.551524 1.545044 1.305682 0.930594 0.916176 0.831024 0.293151
0.525279 0.474721 1.474721 1.525279 0.806406 1.739927 1.984055 1.703591 0.965839 0.905078 0.465499 0.210644 1.234565 1.378180 0.973513 1.741920 1.757160 0.959581 1.318528 1.616433 0.571485 1.495391 0.363400 1.003692 0.605998 0.017079 0.513212 1.599969 1.981458 1.513719 0.726733 1.582728 1.591124 1.069859 0.793427 1.557524 1.372341 0.482459 0.965594 0.465282 1.840833 1.159974 1.551524 0.000000 0.903432 1.142794 0.620929 1.532301 0.720500 1.844675
0.378153 1.378153 1.621847 0.621847 1.709838 1.356641 1.080623 1.392977 0.062407 1.808510 0.437933 0.692788 1.862003 1.718388 1.876945 1.354648 1.339408 1.863013 1.778040 0.713001 1.474918 1.601177 0.540033 0.100260 0.297434 0.920511 1.416644 1.496599 1.115110 1.582849 0.176699 0.679296 0.687692 1.973291 0.110005 1.539044 0.468908 1.385891 0.062162 1.368714 1.255735 0.256542 1.545044 0.903432 0.000000 0.239362 1.524361 0.628869 1.623932 1.251893
0.617516 1.617516 1.382484 0.382484 1.949200 1.117278 0.841261 1.153614 0.176955 1.952128 0.677296 0.932150 1.622640 1.479026 1.883693 1.115285 1.100045 1.897624 1.538678 0.473639 1.714280 1.361815 0.779395 0.139103 0.536796 1.159874 1.656006 1.257237 0.875747 1.343487 0.416061 0.439934 0.448330 1.787347 0.349367 1.299681 0.229546 1.625253 0.177201 1.608077 1.016373 0.017179 1.305682 1.142794 0.239362 0.000000 1.763724 0.389506 1.863294 1.012531
1.146208 0.146208 0.853792 1.853792 0.185476 1.118998 1.395015 1.082662 1.586768 0.284149 1.086428 0.831573 0.613636 0.757251 0.352583 1.120991 1.136231 0.338652 0.697599 1.762637 0.049444 0.874462 0.984329 1.624621 1.226928 0.603850 0.107718 0.979039 1.360529 0.892790 1.347663 1.796343 1.787947 0.448930 1.414357 0.936595 1.993270 0.138471 1.586523 0.155647 1.219903 1.780903 0.930594 0.620929 1.524361 1.763724 0.000000 1.846770 0.099570 1.223746
1.007022 1.992978 0.992978 0.007022 1.661294 0.727772 0.451755 0.764108 0.566462 1.562621 1.066802 1.321657 1.233134 1.089519 1.494187 0.725779 0.710539 1.508118 1.149171 0.084133 1.896214 0.972308 1.168901 0.528609 0.926302 1.549380 1.954488 0.867731 0.486241 0.953980 0.805567 0.050427 0.058823 1.397840 0.738873 0.910175 0.159960 1.985240 0.566707 1.997583 0.626867 0.372327 0.916176 1.532301 0.628869 0.389506 1.846770 0.000000 1.747199 0.623024
1.245779 0.245779 0.754221 1.754221 0.085906 1.019427 1.295445 0.983091 1.686339 0.184578 1.185998 0.931144 0.514065 0.657680 0.253013 1.021420 1.036661 0.239082 0.598028 1.663067 0.149014 0.774891 1.083899 1.724192 1.326498 0.703421 0.207288 0.879469 1.260958 0.793219 1.447233 1.696772 1.688376 0.349359 1.513927 0.837025 1.907160 0.238041 1.686094 0.255218 1.120333 1.880474 0.831024 0.720500 1.623932 1.863294 0.099570 1.747199 0.000000 1.124175
1.630046 1.369954 0.369954 0.630046 1.038269 0.104748 0.171269 0.141084 1.189486 0.939597 1.689826 1.944681 0.610110 0.466495 0.871162 0.102755 0.087515 0.885094 0.526147 0.538892 1.273190 0.349284 1.791925 1.151633 1.549327 1.827596 1.331463 0.244706 0.136783 0.330956 1.428592 0.572597 0.564201 0.774816 1.361898 0.287151 0.782984 1.362216 1.189731 1.379393 0.003842 0.995351 0.293151 1.844675 1.251893 1.012531 1.223746 0.623024 1.124175 0.000000
