10
0.000000 1.000000 2.000000 1.000000 1.853323 0.227262 0.686839 0.820773 1.984639 1.063920
1.000000 0.000000 1.000000 2.000000 0.853323 1.227262 1.686839 1.820773 0.984639 0.063920
2.000000 1.000000 0.000000 1.000000 0.146677 1.772738 1.313161 1.179227 0.015361 0.936080
1.000000 2.000000 1.000000 0.000000 1.146677 0.772738 0.313161 0.179227 1.015361 1.936080
1.853323 0.853323 0.146677 1.146677 0.000000 1.919414 1.459837 1.325903 0.131316 0.789403
0.227262 1.227262 1.772738 0.772738 1.919414 0.000000 0.459577 0.593511 1.788098 1.291183
0.686839 1.686839 1.313161 0.313161 1.459837 0.459577 0.000000 0.133934 1.328521 1.750760
0.820773 1.820773 1.179227 0.179227 1.325903 0.593511 0.133934 0.000000 1.194587 1.884694
1.984639 0.984639 0.015361 1.015361 0.131316 1.788098 1.328521 1.194587 0.000000 0.920719
1.063920 0.063920 0.936080 1.936080 0.789403 1.291183 1.750760 1.884694 0.920719 0.000000
