45
0.000000 1.000000 2.000000 1.000000 0.003334 0.348356 0.957938 0.939138 0.830022 1.343177 0.473014 0.152592 1.406628 0.841978 1.610196 0.993773 0.792894 0.890118 0.941459 1.593172 1.548819 0.932096 0.870416 0.427921 1.388315 1.890881 0.018614 1.249855 0.843223 0.758929 1.948459 1.998719 0.444613 0.443213 1.267685 1.715431 1.700969 1.396846 0.059232 1.599231 0.183945 1.141173 0.582378 0.592083 0.139380
1.000000 0.000000 1.000000 2.000000 0.996666 0.651644 0.042062 1.939138 0.169978 0.343177 0.526986 0.847408 0.406628 0.158022 0.610196 1.993773 0.207106 1.890118 1.941459 1.406828 0.548819 0.067904 1.870416 1.427921 1.611685 0.890881 0.981386 0.249855 1.843223 1.758929 0.948459 0.998719 1.444613 0.556787 1.732315 1.284569 1.299031 1.603154 1.059232 0.599231 0.816055 0.141173 1.582378 1.592083 0.860620
2.000000 1.000000 0.000000 1.000000 1.996666 1.651644 1.042062 1.060862 1.169978 0.656823 1.526986 1.847408 0.593372 1.158022 0.389804 1.006227 1.207106 1.109882 1.058541 0.406828 0.451181 1.067904 1.129584 1.572079 0.611685 0.109119 1.981386 0.750145 1.156777 1.241071 0.051541 0.001281 1.555387 1.556787 0.732315 0.284569 0.299031 0.603154 1.940768 0.400769 1.816055 0.858827 1.417622 1.407917 1.860620
1.000000 2.000000 1.000000 0.000000 1.003334 1.348356 1.957938 0.060862 1.830022 1.656823 1.473014 1.152592 1.593372 1.841978 1.389804 0.006227 1.792894 0.109882 0.058541 0.593172 1.451181 1.932096 0.129584 0.572079 0.388315 1.109119 1.018614 1.750145 0.156777 0.241071 1.051541 1.001281 0.555387 1.443213 0.267685 0.715431 0.700969 0.396846 0.940768 1.400769 1.183945 1.858827 0.417622 0.407917 1.139380
0.003334 0.996666 1.996666 1.003334 0.000000 0.345022 0.954604 0.942472 0.826688 1.339843 0.469680 0.149258 1.403294 0.838644 1.606862 0.997107 0.789559 0.893453 0.944794 1.596507 1.545485 0.928762 0.873751 0.431255 1.391650 1.887547 0.015280 1.246521 0.846557 0.762263 1.945124 1.995385 0.447947 0.439878 1.271020 1.718765 1.704303 1.400180 0.062567 1.595897 0.180611 1.137839 0.585712 0.595418 0.136046
0.348356 0.651644 1.651644 1.348356 0.345022 0.000000 0.609582 1.287493 0.481666 0.994822 0.124658 0.195764 1.058272 0.493622 1.261840 1.342129 0.444538 1.238474 1.289815 1.941528 1.200463 0.583741 1.218772 0.776277 1.736671 1.542525 0.329742 0.901500 1.191579 1.107285 1.600103 1.650363 0.792969 0.094857 1.616041 1.936214 1.950675 1.745202 0.407588 1.250875 0.164411 0.792817 0.930734 0.940439 0.208976
0.957938 0.042062 1.042062 1.957938 0.954604 0.609582 0.000000 1.897076 0.127916 0.385239 0.484924 0.805346 0.448690 0.115960 0.652258 1.951711 0.165044 1.848056 1.899397 1.448890 0.590881 0.025842 1.828354 1.385859 1.653747 0.932943 0.939324 0.291917 1.801161 1.716867 0.990521 1.040781 1.402551 0.514725 1.774377 1.326631 1.341093 1.645216 1.017170 0.641293 0.773993 0.183235 1.540316 1.550022 0.818558
0.939138 1.939138 1.060862 0.060862 0.942472 1.287493 1.897076 0.000000 1.769159 1.717685 1.412152 1.091730 1.654234 1.781116 1.450666 0.054635 1.732031 0.049019 0.002322 0.654035 1.512043 1.871234 0.068721 0.511217 0.449178 1.169981 0.957751 1.811007 0.095915 0.180208 1.112404 1.062143 0.494525 1.382350 0.328548 0.776293 0.761832 0.457708 0.879905 1.461631 1.123082 1.919689 0.356760 0.347054 1.078518
0.830022 0.169978 1.169978 1.830022 0.826688 0.481666 0.127916 1.769159 0.000000 0.513156 0.357008 0.677430 0.576606 0.011957 0.780175 1.823795 0.037128 1.720140 1.771481 1.576806 0.718797 0.102075 1.700438 1.257943 1.781663 1.060859 0.811408 0.419834 1.673245 1.588951 1.118437 1.168697 1.274635 0.386809 1.902293 1.454548 1.469009 1.773132 0.889254 0.769209 0.646077 0.311151 1.412400 1.422105 0.690642
1.343177 0.343177 0.656823 1.656823 1.339843 0.994822 0.385239 1.717685 0.513156 0.000000 0.870163 1.190585 0.063451 0.501199 0.267019 1.663050 0.550284 1.766704 1.715363 1.063650 0.205642 0.411081 1.786406 1.771098 1.268507 0.547704 1.324564 0.093322 1.813600 1.897893 0.605281 0.655542 1.787790 0.899965 1.389137 0.941392 0.955853 1.259977 1.402410 0.256054 1.159233 0.202004 1.925555 1.935261 1.203797
0.473014 0.526986 1.526986 1.473014 0.469680 0.124658 0.484924 1.412152 0.357008 0.870163 0.000000 0.320422 0.933614 0.368964 1.137182 1.466787 0.319880 1.363132 1.414473 1.933814 1.075805 0.459082 1.343430 0.900935 1.861330 1.417867 0.454400 0.776841 1.316237 1.231943 1.475445 1.525705 0.917627 0.029801 1.740699 1.811555 1.826017 1.869860 0.532246 1.126217 0.289069 0.668159 1.055392 1.065098 0.333634
0.152592 0.847408 1.847408 1.152592 0.149258 0.195764 0.805346 1.091730 0.677430 1.190585 0.320422 0.000000 1.254036 0.689386 1.457604 1.146365 0.640302 1.042710 1.094051 1.745764 1.396227 0.779504 1.023008 0.580513 1.540908 1.738289 0.133978 1.097263 0.995815 0.911521 1.795867 1.846127 0.597205 0.290621 1.420277 1.868023 1.853561 1.549438 0.211824 1.446639 0.031353 0.988581 0.734970 0.744676 0.013212
1.406628 0.406628 0.593372 1.593372 1.403294 1.058272 0.448690 1.654234 0.576606 0.063451 0.933614 1.254036 0.000000 0.564650 0.203568 1.599599 0.613734 1.703254 1.651913 1.000199 0.142191 0.474532 1.722956 1.834549 1.205056 0.484253 1.388014 0.156773 1.750149 1.834443 0.541831 0.592091 1.851241 0.963415 1.325687 0.877941 0.892403 1.196526 1.465860 0.192603 1.222683 0.265455 1.989006 1.998712 1.267248
0.841978 0.158022 1.158022 1.841978 0.838644 0.493622 0.115960 1.781116 0.011957 0.501199 0.368964 0.689386 0.564650 0.000000 0.768218 1.835751 0.049085 1.732097 1.783438 1.564849 0.706841 0.090118 1.712395 1.269899 1.769706 1.048903 0.823364 0.407877 1.685201 1.600908 1.106480 1.156741 1.286591 0.398766 1.890336 1.442591 1.457053 1.761176 0.901211 0.757253 0.658033 0.299195 1.424356 1.434062 0.702598
1.610196 0.610196 0.389804 1.389804 1.606862 1.261840 0.652258 1.450666 0.780175 0.267019 1.137182 1.457604 0.203568 0.768218 0.000000 1.396031 0.817303 1.499685 1.448344 0.796631 0.061377 0.678100 1.519387 1.961883 1.001488 0.280685 1.591582 0.360341 1.546581 1.630874 0.338262 0.388523 1.945191 1.166984 1.122118 0.674373 0.688835 0.992958 1.669429 0.010965 1.426251 0.469023 1.807426 1.797720 1.470816
0.993773 1.993773 1.006227 0.006227 0.997107 1.342129 1.951711 0.054635 1.823795 1.663050 1.466787 1.146365 1.599599 1.835751 1.396031 0.000000 1.786667 0.103654 0.052314 0.599400 1.457408 1.925869 0.123356 0.565852 0.394543 1.115346 1.012387 1.756372 0.150550 0.234844 1.057768 1.007508 0.549160 1.436985 0.273913 0.721658 0.707196 0.403073 0.934540 1.406996 1.177718 1.865054 0.411395 0.401689 1.133153
0.792894 0.207106 1.207106 1.792894 0.789559 0.444538 0.165044 1.732031 0.037128 0.550284 0.319880 0.640302 0.613734 0.049085 0.817303 1.786667 0.000000 1.683012 1.734353 1.613934 0.755926 0.139203 1.663310 1.220814 1.818791 1.097987 0.774280 0.456962 1.636117 1.551823 1.155565 1.205825 1.237507 0.349681 1.939421 1.491676 1.506137 1.810261 0.852126 0.806337 0.608949 0.348279 1.375271 1.384977 0.653514
0.890118 1.890118 1.109882 0.109882 0.893453 1.238474 1.848056 0.049019 1.720140 1.766704 1.363132 1.042710 1.703254 1.732097 1.499685 0.103654 1.683012 0.000000 0.051341 0.703054 1.561062 1.822215 0.019702 0.462198 0.498197 1.219001 0.908732 1.860026 0.046895 0.131189 1.161423 1.111163 0.445505 1.333331 0.377567 0.825312 0.810851 0.506727 0.830886 1.510651 1.074063 1.968708 0.307741 0.298035 1.029498
0.941459 1.941459 1.058541 0.058541 0.944794 1.289815 1.899397 0.002322 1.771481 1.715363 1.414473 1.094051 1.651913 1.783438 1.448344 0.052314 1.734353 0.051341 0.000000 0.651713 1.509722 1.873556 0.071043 0.513538 0.446856 1.167660 0.960073 1.808685 0.098236 0.182530 1.110082 1.059822 0.496846 1.384672 0.326226 0.773971 0.759510 0.455387 0.882227 1.459310 1.125404 1.917368 0.359081 0.349376 1.080839
1.593172 1.406828 0.406828 0.593172 1.596507 1.941528 1.448890 0.654035 1.576806 1.063650 1.933814 1.745764 1.000199 1.564849 0.796631 0.599400 1.613934 0.703054 0.651713 0.000000 0.858008 1.474731 0.722756 1.165252 0.204857 0.515947 1.611786 1.156972 0.749949 0.834243 0.458369 0.408109 1.148559 1.963615 0.325487 0.122258 0.107797 0.196327 1.533940 0.807597 1.777117 1.265654 1.010795 1.001089 1.732552
1.548819 0.548819 0.451181 1.451181 1.545485 1.200463 0.590881 1.512043 0.718797 0.205642 1.075805 1.396227 0.142191 0.706841 0.061377 1.457408 0.755926 1.561062 1.509722 0.858008 0.000000 0.616723 1.580764 1.976740 1.062865 0.342062 1.530205 0.298964 1.607958 1.692252 0.399639 0.449900 1.993432 1.105607 1.183495 0.735750 0.750212 1.054335 1.608052 0.050412 1.364874 0.407646 1.868803 1.859097 1.409439
0.932096 0.067904 1.067904 1.932096 0.928762 0.583741 0.025842 1.871234 0.102075 0.411081 0.459082 0.779504 0.474532 0.090118 0.678100 1.925869 0.139203 1.822215 1.873556 1.474731 0.616723 0.000000 1.802513 1.360017 1.679588 0.958785 0.913482 0.317759 1.775319 1.691026 1.016362 1.066623 1.376709 0.488884 1.800218 1.352473 1.366934 1.671058 0.991329 0.667135 0.748152 0.209077 1.514474 1.524180 0.792716
0.870416 1.870416 1.129584 0.129584 0.873751 1.218772 1.828354 0.068721 1.700438 1.786406 1.343430 1.023008 1.722956 1.712395 1.519387 0.123356 1.663310 0.019702 0.071043 0.722756 1.580764 1.802513 0.000000 0.442496 0.517899 1.238703 0.889030 1.879728 0.027193 0.111487 1.181125 1.130865 0.425803 1.313629 0.397269 0.845014 0.830553 0.526429 0.811184 1.530353 1.054361 1.988410 0.288039 0.278333 1.009796
0.427921 1.427921 1.572079 0.572079 0.431255 0.776277 1.385859 0.511217 1.257943 1.771098 0.900935 0.580513 1.834549 1.269899 1.961883 0.565852 1.220814 0.462198 0.513538 1.165252 1.976740 1.360017 0.442496 0.000000 0.960395 1.681198 0.446535 1.677776 0.415302 0.331008 1.623621 1.573360 0.016692 0.871133 0.839765 1.287510 1.273048 0.968925 0.368688 1.972848 0.611866 1.569094 0.154457 0.164163 0.567301
1.388315 1.611685 0.611685 0.388315 1.391650 1.736671 1.653747 0.449178 1.781663 1.268507 1.861330 1.540908 1.205056 1.769706 1.001488 0.394543 1.818791 0.498197 0.446856 0.204857 1.062865 1.679588 0.517899 0.960395 0.000000 0.720804 1.406929 1.361829 0.545092 0.629386 0.663226 0.612966 0.943702 1.831528 0.120630 0.327115 0.312654 0.008530 1.329083 1.012454 1.572260 1.470511 0.805938 0.796232 1.527695
1.890881 0.890881 0.109119 1.109119 1.887547 1.542525 0.932943 1.169981 1.060859 0.547704 1.417867 1.738289 0.484253 1.048903 0.280685 1.115346 1.097987 1.219001 1.167660 0.515947 0.342062 0.958785 1.238703 1.681198 0.720804 0.000000 1.872267 0.641026 1.265896 1.350190 0.057578 0.107838 1.664506 1.447668 0.841434 0.393688 0.408150 0.712273 1.950113 0.291650 1.706936 0.749708 1.526741 1.517036 1.751501
0.018614 0.981386 1.981386 1.018614 0.015280 0.329742 0.939324 0.957751 0.811408 1.324564 0.454400 0.133978 1.388014 0.823364 1.591582 1.012387 0.774280 0.908732 0.960073 1.611786 1.530205 0.913482 0.889030 0.446535 1.406929 1.872267 0.000000 1.231242 0.861837 0.777543 1.929845 1.980105 0.463227 0.424599 1.286299 1.734044 1.719583 1.415460 0.077846 1.580617 0.165331 1.122559 0.600992 0.610697 0.120766
1.249855 0.249855 0.750145 1.750145 1.246521 0.901500 0.291917 1.811007 0.419834 0.093322 0.776841 1.097263 0.156773 0.407877 0.360341 1.756372 0.456962 1.860026 1.808685 1.156972 0.298964 0.317759 1.879728 1.677776 1.361829 0.641026 1.231242 0.000000 1.906922 1.991215 0.698603 0.748864 1.694468 0.806643 1.482459 1.034714 1.049175 1.353299 1.309088 0.349376 1.065911 0.108682 1.832233 1.841939 1.110476
0.843223 1.843223 1.156777 0.156777 0.846557 1.191579 1.801161 0.095915 1.673245 1.813600 1.316237 0.995815 1.750149 1.685201 1.546581 0.150550 1.636117 0.046895 0.098236 0.749949 1.607958 1.775319 0.027193 0.415302 0.545092 1.265896 0.861837 1.906922 0.000000 0.084294 1.208318 1.158058 0.398610 1.286436 0.424462 0.872208 0.857746 0.553623 0.783991 1.557546 1.027168 1.984396 0.260845 0.251139 0.982603
0.758929 1.758929 1.241071 0.241071 0.762263 1.107285 1.716867 0.180208 1.588951 1.897893 1.231943 0.911521 1.834443 1.600908 1.630874 0.234844 1.551823 0.131189 0.182530 0.834243 1.692252 1.691026 0.111487 0.331008 0.629386 1.350190 0.777543 1.991215 0.084294 0.000000 1.292612 1.242352 0.314316 1.202142 0.508756 0.956501 0.942040 0.637917 0.699697 1.641840 0.942874 1.900102 0.176551 0.166846 0.898309
1.948459 0.948459 0.051541 1.051541 1.945124 1.600103 0.990521 1.112404 1.118437 0.605281 1.475445 1.795867 0.541831 1.106480 0.338262 1.057768 1.155565 1.161423 1.110082 0.458369 0.399639 1.016362 1.181125 1.623621 0.663226 0.057578 1.929845 0.698603 1.208318 1.292612 0.000000 0.050260 1.606928 1.505246 0.783856 0.336111 0.350572 0.654696 1.992309 0.349228 1.764514 0.807286 1.469164 1.459458 1.809079
1.998719 0.998719 0.001281 1.001281 1.995385 1.650363 1.040781 1.062143 1.168697 0.655542 1.525705 1.846127 0.592091 1.156741 0.388523 1.007508 1.205825 1.111163 1.059822 0.408109 0.449900 1.066623 1.130865 1.573360 0.612966 0.107838 1.980105 0.748864 1.158058 1.242352 0.050260 0.000000 1.556668 1.555506 0.733596 0.285850 0.300312 0.604435 1.942049 0.399488 1.814774 0.857546 1.418903 1.409198 1.859339
0.444613 1.444613 1.555387 0.555387 0.447947 0.792969 1.402551 0.494525 1.274635 1.787790 0.917627 0.597205 1.851241 1.286591 1.945191 0.549160 1.237507 0.445505 0.496846 1.148559 1.993432 1.376709 0.425803 0.016692 0.943702 1.664506 0.463227 1.694468 0.398610 0.314316 1.606928 1.556668 0.000000 0.887826 0.823072 1.270818 1.256356 0.952233 0.385381 1.956156 0.628558 1.585786 0.137765 0.147470 0.583993
0.443213 0.556787 1.556787 1.443213 0.439878 0.094857 0.514725 1.382350 0.386809 0.899965 0.029801 0.290621 0.963415 0.398766 1.166984 1.436985 0.349681 1.333331 1.384672 1.963615 1.105607 0.488884 1.313629 0.871133 1.831528 1.447668 0.424599 0.806643 1.286436 1.202142 1.505246 1.555506 0.887826 0.000000 1.710898 1.841357 1.855818 1.840058 0.502445 1.156018 0.259268 0.697961 1.025590 1.035296 0.303833
1.267685 1.732315 0.732315 0.267685 1.271020 1.616041 1.774377 0.328548 1.902293 1.389137 1.740699 1.420277 1.325687 1.890336 1.122118 0.273913 1.939421 0.377567 0.326226 0.325487 1.183495 1.800218 0.397269 0.839765 0.120630 0.841434 1.286299 1.482459 0.424462 0.508756 0.783856 0.733596 0.823072 1.710898 0.000000 0.447745 0.433284 0.129160 1.208453 1.133084 1.451630 1.591141 0.685308 0.675602 1.407065
1.715431 1.284569 0.284569 0.715431 1.718765 1.936214 1.326631 0.776293 1.454548 0.941392 1.811555 1.868023 0.877941 1.442591 0.674373 0.721658 1.491676 0.825312 0.773971 0.122258 0.735750 1.352473 0.845014 1.287510 0.327115 0.393688 1.734044 1.034714 0.872208 0.956501 0.336111 0.285850 1.270818 1.841357 0.447745 0.000000 0.014461 0.318585 1.656198 0.685338 1.899375 1.143396 1.133053 1.123347 1.854811
1.700969 1.299031 0.299031 0.700969 1.704303 1.950675 1.341093 0.761832 1.469009 0.955853 1.826017 1.853561 0.892403 1.457053 0.688835 0.707196 1.506137 0.810851 0.759510 0.107797 0.750212 1.366934 0.830553 1.273048 0.312654 0.408150 1.719583 1.049175 0.857746 0.942040 0.350572 0.300312 1.256356 1.855818 0.433284 0.014461 0.000000 0.304123 1.641737 0.699800 1.884914 1.157858 1.118591 1.108886 1.840349
1.396846 1.603154 0.603154 0.396846 1.400180 1.745202 1.645216 0.457708 1.773132 1.259977 1.869860 1.549438 1.196526 1.761176 0.992958 0.403073 1.810261 0.506727 0.455387 0.196327 1.054335 1.671058 0.526429 0.968925 0.008530 0.712273 1.415460 1.353299 0.553623 0.637917 0.654696 0.604435 0.952233 1.840058 0.129160 0.318585 0.304123 0.000000 1.337613 1.003923 1.580791 1.461981 0.814468 0.804762 1.536226
0.059232 1.059232 1.940768 0.940768 0.062567 0.407588 1.017170 0.879905 0.889254 1.402410 0.532246 0.211824 1.465860 0.901211 1.669429 0.934540 0.852126 0.830886 0.882227 1.533940 1.608052 0.991329 0.811184 0.368688 1.329083 1.950113 0.077846 1.309088 0.783991 0.699697 1.992309 1.942049 0.385381 0.502445 1.208453 1.656198 1.641737 1.337613 0.000000 1.658463 0.243177 1.200406 0.523145 0.532851 0.198612
1.599231 0.599231 0.400769 1.400769 1.595897 1.250875 0.641293 1.461631 0.769209 0.256054 1.126217 1.446639 0.192603 0.757253 0.010965 1.406996 0.806337 1.510651 1.459310 0.807597 0.050412 0.667135 1.530353 1.972848 1.012454 0.291650 1.580617 0.349376 1.557546 1.641840 0.349228 0.399488 1.956156 1.156018 1.133084 0.685338 0.699800 1.003923 1.658463 0.000000 1.415286 0.458058 1.818391 1.808685 1.459851
0.183945 0.816055 1.816055 1.183945 0.180611 0.164411 0.773993 1.123082 0.646077 1.159233 0.289069 0.031353 1.222683 0.658033 1.426251 1.177718 0.608949 1.074063 1.125404 1.777117 1.364874 0.748152 1.054361 0.611866 1.572260 1.706936 0.165331 1.065911 1.027168 0.942874 1.764514 1.814774 0.628558 0.259268 1.451630 1.899375 1.884914 1.580791 0.243177 1.415286 0.000000 0.957228 0.766323 0.776028 0.044565
1.141173 0.141173 0.858827 1.858827 1.137839 0.792817 0.183235 1.919689 0.311151 0.202004 0.668159 0.988581 0.265455 0.299195 0.469023 1.865054 0.348279 1.968708 1.917368 1.265654 0.407646 0.209077 1.988410 1.569094 1.470511 0.749708 1.122559 0.108682 1.984396 1.900102 0.807286 0.857546 1.585786 0.697961 1.591141 1.143396 1.157858 1.461981 1.200406 0.458058 0.957228 0.000000 1.723551 1.733257 1.001793
0.582378 1.582378 1.417622 0.417622 0.585712 0.930734 1.540316 0.356760 1.412400 1.925555 1.055392 0.734970 1.989006 1.424356 1.807426 0.411395 1.375271 0.307741 0.359081 1.010795 1.868803 1.514474 0.288039 0.154457 0.805938 1.526741 0.600992 1.832233 0.260845 0.176551 1.469164 1.418903 0.137765 1.025590 0.685308 1.133053 1.118591 0.814468 0.523145 1.818391 0.766323 1.723551 0.000000 0.009706 0.721758
0.592083 1.592083 1.407917 0.407917 0.595418 0.940439 1.550022 0.347054 1.422105 1.935261 1.065098 0.744676 1.998712 1.434062 1.797720 0.401689 1.384977 0.298035 0.349376 1.001089 1.859097 1.524180 0.278333 0.164163 0.796232 1.517036 0.610697 1.841939 0.251139 0.166846 1.459458 1.409198 0.147470 1.035296 0.675602 1.123347 1.108886 0.804762 0.532851 1.808685 0.776028 1.733257 0.009706 0.000000 0.731463
0.139380 0.860620 1.860620 1.139380 0.136046 0.208976 0.818558 1.078518 0.690642 1.203797 0.333634 0.013212 1.267248 0.702598 1.470816 1.133153 0.653514 1.029498 1.080839 1.732552 1.409439 0.792716 1.009796 0.567301 1.527695 1.751501 0.120766 1.110476 0.982603 0.898309 1.809079 1.859339 0.583993 0.303833 1.407065 1.854811 1.840349 1.536226 0.198612 1.459851 0.044565 1.001793 0.721758 0.731463 0.000000
