30
0.000000 1.000000 2.000000 1.000000 0.531927 0.929959 1.419949 1.769694 0.633066 0.890630 0.019763 0.784880 0.506445 0.434696 1.083378 0.269941 1.084570 1.163868 1.460577 1.965507 0.092196 1.057874 1.963479 0.151894 1.076419 0.576711 1.110605 1.985347 1.210589 1.412604
1.000000 0.000000 1.000000 2.000000 1.531927 1.929959 1.580051 0.769694 0.366934 1.890630 1.019763 1.784880 0.493555 0.565304 0.083378 0.730059 0.084570 1.836132 1.539423 0.965507 1.092196 1.942126 0.963479 0.848106 0.076419 0.423289 1.889395 1.014653 0.210589 0.412604
2.000000 1.000000 0.000000 1.000000 1.468073 1.070041 0.580051 0.230306 1.366934 1.109370 1.980237 1.215120 1.493555 1.565304 0.916622 1.730059 0.915430 0.836132 0.539423 0.034493 1.907804 0.942126 0.036521 1.848106 0.923581 1.423289 0.889395 0.014653 0.789411 0.587396
1.000000 2.000000 1.000000 0.000000 0.468073 0.070041 0.419949 1.230306 1.633066 0.109370 0.980237 0.215120 1.506445 1.434696 1.916622 1.269941 1.915430 0.163868 0.460577 1.034493 0.907804 0.057874 1.036521 1.151894 1.923581 1.576711 0.110605 0.985347 1.789411 1.587396
0.531927 1.531927 1.468073 0.468073 0.000000 0.398032 0.888022 1.698379 1.164993 0.358703 0.512164 0.252953 1.038372 0.966624 1.615305 0.801868 1.616498 0.631941 0.928650 1.502565 0.439732 0.525947 1.504593 0.683822 1.608346 1.108638 0.578678 1.453420 1.742517 1.944531
0.929959 1.929959 1.070041 0.070041 0.398032 0.000000 0.489990 1.300347 1.563025 0.039329 0.910196 0.145079 1.436404 1.364656 1.986663 1.199900 1.985470 0.233909 0.530618 1.104533 0.837764 0.127915 1.106561 1.081854 1.993622 1.506670 0.180646 1.055388 1.859451 1.657437
1.419949 1.580051 0.580051 0.419949 0.888022 0.489990 0.000000 0.810357 1.946985 0.529319 1.400186 0.635069 1.926394 1.854646 1.496673 1.689890 1.495481 0.256081 0.040628 0.614543 1.327753 0.362075 0.616572 1.571844 1.503632 1.996660 0.309344 0.565398 1.369461 1.167447
1.769694 0.769694 0.230306 1.230306 1.698379 1.300347 0.810357 0.000000 1.136628 1.339676 1.789457 1.445426 1.263249 1.334997 0.686316 1.499752 0.685123 1.066438 0.769729 0.195814 1.861889 1.172432 0.193786 1.617799 0.693275 1.192983 1.119701 0.244959 0.559104 0.357090
0.633066 0.366934 1.366934 1.633066 1.164993 1.563025 1.946985 1.136628 0.000000 1.523696 0.652830 1.417946 0.126621 0.198370 0.450312 0.363125 0.451504 1.796935 1.906356 1.332441 0.725262 1.690940 1.330413 0.481172 0.443353 0.056355 1.743671 1.381587 0.577523 0.779538
0.890630 1.890630 1.109370 0.109370 0.358703 0.039329 0.529319 1.339676 1.523696 0.000000 0.870867 0.105750 1.397075 1.325327 1.974008 1.160572 1.975201 0.273238 0.569947 1.143862 0.798435 0.167244 1.145890 1.042525 1.967049 1.467341 0.219975 1.094717 1.898780 1.696766
0.019763 1.019763 1.980237 0.980237 0.512164 0.910196 1.400186 1.789457 0.652830 0.870867 0.000000 0.765116 0.526208 0.454460 1.103141 0.289705 1.104334 1.144105 1.440814 1.985271 0.072432 1.038110 1.983243 0.171658 1.096182 0.596474 1.090842 1.965584 1.230353 1.432367
0.784880 1.784880 1.215120 0.215120 0.252953 0.145079 0.635069 1.445426 1.417946 0.105750 0.765116 0.000000 1.291325 1.219576 1.868258 1.054821 1.869450 0.378989 0.675698 1.249613 0.692684 0.272994 1.251641 0.936774 1.861299 1.361591 0.325725 1.200467 1.995469 1.802516
0.506445 0.493555 1.493555 1.506445 1.038372 1.436404 1.926394 1.263249 0.126621 1.397075 0.526208 1.291325 0.000000 0.071748 0.576933 0.236503 0.578126 1.670313 1.967022 1.459063 0.598640 1.564319 1.457035 0.354550 0.569974 0.070266 1.617050 1.508208 0.704145 0.906159
0.434696 0.565304 1.565304 1.434696 0.966624 1.364656 1.854646 1.334997 0.198370 1.325327 0.454460 1.219576 0.071748 0.000000 0.648681 0.164755 0.649874 1.598565 1.895274 1.530811 0.526892 1.492570 1.528783 0.282802 0.641722 0.142014 1.545301 1.579956 0.775893 0.977907
1.083378 0.083378 0.916622 1.916622 1.615305 1.986663 1.496673 0.686316 0.450312 1.974008 1.103141 1.868258 0.576933 0.648681 0.000000 0.813437 0.001193 1.752754 1.456045 0.882130 1.175573 1.858748 0.880102 0.931483 0.006959 0.506667 1.806017 0.931275 0.127212 0.329226
0.269941 0.730059 1.730059 1.269941 0.801868 1.199900 1.689890 1.499752 0.363125 1.160572 0.289705 1.054821 0.236503 0.164755 0.813437 0.000000 0.814629 1.433810 1.730519 1.695566 0.362137 1.327815 1.693538 0.118047 0.806477 0.306770 1.380546 1.744712 0.940648 1.142662
1.084570 0.084570 0.915430 1.915430 1.616498 1.985470 1.495481 0.685123 0.451504 1.975201 1.104334 1.869450 0.578126 0.649874 0.001193 0.814629 0.000000 1.751561 1.454852 0.880937 1.176766 1.857556 0.878909 0.932676 0.008152 0.507859 1.804825 0.930082 0.126019 0.328033
1.163868 1.836132 0.836132 0.163868 0.631941 0.233909 0.256081 1.066438 1.796935 0.273238 1.144105 0.378989 1.670313 1.598565 1.752754 1.433810 1.751561 0.000000 0.296709 0.870624 1.071673 0.105994 0.872652 1.315763 1.759713 1.740579 0.053263 0.821479 1.625542 1.423528
1.460577 1.539423 0.539423 0.460577 0.928650 0.530618 0.040628 0.769729 1.906356 0.569947 1.440814 0.675698 1.967022 1.895274 1.456045 1.730519 1.454852 0.296709 0.000000 0.573915 1.368382 0.402704 0.575943 1.612472 1.463004 1.962712 0.349972 0.524770 1.328833 1.126819
1.965507 0.965507 0.034493 1.034493 1.502565 1.104533 0.614543 0.195814 1.332441 1.143862 1.985271 1.249613 1.459063 1.530811 0.882130 1.695566 0.880937 0.870624 0.573915 0.000000 1.942297 0.976619 0.002028 1.813613 0.889089 1.388797 0.923888 0.049145 0.754918 0.552904
0.092196 1.092196 1.907804 0.907804 0.439732 0.837764 1.327753 1.861889 0.725262 0.798435 0.072432 0.692684 0.598640 0.526892 1.175573 0.362137 1.176766 1.071673 1.368382 1.942297 0.000000 0.965678 1.944325 0.244090 1.168614 0.668907 1.018409 1.893152 1.302785 1.504799
1.057874 1.942126 0.942126 0.057874 0.525947 0.127915 0.362075 1.172432 1.690940 0.167244 1.038110 0.272994 1.564319 1.492570 1.858748 1.327815 1.857556 0.105994 0.402704 0.976619 0.965678 0.000000 0.978647 1.209768 1.865707 1.634585 0.052731 0.927473 1.731537 1.529522
1.963479 0.963479 0.036521 1.036521 1.504593 1.106561 0.616572 0.193786 1.330413 1.145890 1.983243 1.251641 1.457035 1.528783 0.880102 1.693538 0.878909 0.872652 0.575943 0.002028 1.944325 0.978647 0.000000 1.811585 0.887061 1.386768 0.925916 0.051173 0.752890 0.550876
0.151894 0.848106 1.848106 1.151894 0.683822 1.081854 1.571844 1.617799 0.481172 1.042525 0.171658 0.936774 0.354550 0.282802 0.931483 0.118047 0.932676 1.315763 1.612472 1.813613 0.244090 1.209768 1.811585 0.000000 0.924524 0.424816 1.262499 1.862758 1.058695 1.260709
1.076419 0.076419 0.923581 1.923581 1.608346 1.993622 1.503632 0.693275 0.443353 1.967049 1.096182 1.861299 0.569974 0.641722 0.006959 0.806477 0.008152 1.759713 1.463004 0.889089 1.168614 1.865707 0.887061 0.924524 0.000000 0.499708 1.812976 0.938234 0.134171 0.336185
0.576711 0.423289 1.423289 1.576711 1.108638 1.506670 1.996660 1.192983 0.056355 1.467341 0.596474 1.361591 0.070266 0.142014 0.506667 0.306770 0.507859 1.740579 1.962712 1.388797 0.668907 1.634585 1.386768 0.424816 0.499708 0.000000 1.687316 1.437942 0.633879 0.835893
1.110605 1.889395 0.889395 0.110605 0.578678 0.180646 0.309344 1.119701 1.743671 0.219975 1.090842 0.325725 1.617050 1.545301 1.806017 1.380546 1.804825 0.053263 0.349972 0.923888 1.018409 0.052731 0.925916 1.262499 1.812976 1.687316 0.000000 0.874742 1.678805 1.476791
1.985347 1.014653 0.014653 0.985347 1.453420 1.055388 0.565398 0.244959 1.381587 1.094717 1.965584 1.200467 1.508208 1.579956 0.931275 1.744712 0.930082 0.821479 0.524770 0.049145 1.893152 0.927473 0.051173 1.862758 0.938234 1.437942 0.874742 0.000000 0.804063 0.602049
1.210589 0.210589 0.789411 1.789411 1.742517 1.859451 1.369461 0.559104 0.577523 1.898780 1.230353 1.995469 0.704145 0.775893 0.127212 0.940648 0.126019 1.625542 1.328833 0.754918 1.302785 1.731537 0.752890 1.058695 0.134171 0.633879 1.678805 0.804063 0.000000 0.202014
1.412604 0.412604 0.587396 1.587396 1.944531 1.657437 1.167447 0.357090 0.779538 1.696766 1.432367 1.802516 0.906159 0.977907 0.329226 1.142662 0.328033 1.423528 1.126819 0.552904 1.504799 1.529522 0.550876 1.260709 0.336185 0.835893 1.476791 0.602049 0.202014 0.000000
