35
0.000000 1.000000 2.000000 1.000000 0.059190 0.488996 1.019322 1.591146 0.917241 0.481189 1.602487 0.694166 0.271426 1.838213 0.341611 0.845318 1.949273 1.017991 1.591424 0.525928 0.110680 1.532797 0.627353 1.523128 1.785062 0.637337 1.727971 1.164088 0.341550 1.803775 0.524157 1.227876 1.246256 1.523083 0.359153
1.000000 0.000000 1.000000 2.000000 1.059190 0.511004 0.019322 1.408854 0.082759 1.481189 1.397513 0.305834 1.271426 1.161787 1.341611 0.154682 0.949273 0.017991 0.591424 1.525928 1.110680 1.467203 0.372647 0.523128 1.214938 1.637337 1.272029 0.164088 1.341550 1.196225 1.524157 1.772124 1.753744 0.523083 1.359153
2.000000 1.000000 0.000000 1.000000 1.940810 1.511004 0.980678 0.408854 1.082759 1.518811 0.397513 1.305834 1.728574 0.161787 1.658389 1.154682 0.050727 0.982009 0.408576 1.474072 1.889320 0.467203 1.372647 0.476872 0.214938 1.362663 0.272029 0.835912 1.658450 0.196225 1.475843 0.772124 0.753744 0.476917 1.640847
1.000000 2.000000 1.000000 0.000000 0.940810 1.488996 1.980678 0.591146 1.917241 0.518811 0.602487 1.694166 0.728574 0.838213 0.658389 1.845318 1.050727 1.982009 1.408576 0.474072 0.889320 0.532797 1.627353 1.476872 0.785062 0.362663 0.727971 1.835912 0.658450 0.803775 0.475843 0.227876 0.246256 1.476917 0.640847
0.059190 1.059190 1.940810 0.940810 0.000000 0.548186 1.078513 1.531956 0.976431 0.421999 1.543297 0.753356 0.212236 1.779023 0.282421 0.904509 1.991537 1.077181 1.650614 0.466738 0.051490 1.473607 0.686543 1.582318 1.725872 0.578147 1.668781 1.223278 0.282360 1.744585 0.464967 1.168686 1.187066 1.582273 0.299963
0.488996 0.511004 1.511004 1.488996 0.548186 0.000000 0.530327 1.919858 0.428245 0.970185 1.908517 0.205170 0.760422 1.672791 0.830607 0.356323 1.460277 0.528995 1.102428 1.014924 0.599676 1.978207 0.138357 1.034132 1.725942 1.126333 1.783033 0.675092 0.830546 1.707229 1.013153 1.716872 1.735252 1.034087 0.848149
1.019322 0.019322 0.980678 1.980678 1.078513 0.530327 0.000000 1.389531 0.102081 1.500511 1.378191 0.325157 1.290748 1.142464 1.360933 0.174004 0.929951 0.001331 0.572102 1.545250 1.130002 1.447880 0.391969 0.503805 1.195616 1.656659 1.252706 0.144766 1.360872 1.176903 1.543479 1.752801 1.734421 0.503761 1.378476
1.591146 1.408854 0.408854 0.591146 1.531956 1.919858 1.389531 0.000000 1.491612 1.109958 0.011340 1.714688 1.319720 0.247067 1.249536 1.563535 0.459580 1.390863 0.817429 1.065219 1.480467 0.058349 1.781500 0.885726 0.193916 0.953810 0.136825 1.244765 1.249597 0.212628 1.066990 0.363270 0.344890 0.885770 1.231993
0.917241 0.082759 1.082759 1.917241 0.976431 0.428245 0.102081 1.491612 0.000000 1.398430 1.480272 0.223075 1.188667 1.244546 1.258852 0.071923 1.032032 0.100750 0.674183 1.443169 1.027921 1.549962 0.289888 0.605887 1.297697 1.554578 1.354788 0.246847 1.258791 1.278984 1.441398 1.854882 1.836502 0.605842 1.276395
0.481189 1.481189 1.518811 0.518811 0.421999 0.970185 1.500511 1.109958 1.398430 0.000000 1.121298 1.175355 0.209763 1.357024 0.139578 1.326507 1.569538 1.499180 1.927387 0.044739 0.370509 1.051608 1.108542 1.995683 1.303873 0.156148 1.246782 1.645277 0.139639 1.322586 0.042968 0.746687 0.765068 1.995728 0.122036
1.602487 1.397513 0.397513 0.602487 1.543297 1.908517 1.378191 0.011340 1.480272 1.121298 0.000000 1.703347 1.331061 0.235726 1.260876 1.552195 0.448240 1.379522 0.806089 1.076559 1.491807 0.069690 1.770160 0.874385 0.182575 0.965150 0.125484 1.233425 1.260937 0.201288 1.078330 0.374611 0.356230 0.874430 1.243334
0.694166 0.305834 1.305834 1.694166 0.753356 0.205170 0.325157 1.714688 0.223075 1.175355 1.703347 0.000000 0.965592 1.467621 1.035777 0.151153 1.255108 0.323825 0.897259 1.220094 0.804846 1.773037 0.066813 0.828962 1.520772 1.331503 1.577863 0.469922 1.035715 1.502059 1.218322 1.922042 1.940422 0.828918 1.053319
0.271426 1.271426 1.728574 0.728574 0.212236 0.760422 1.290748 1.319720 1.188667 0.209763 1.331061 0.965592 0.000000 1.566787 0.070185 1.116744 1.779301 1.289417 1.862850 0.254502 0.160746 1.261371 0.898779 1.794554 1.513636 0.365911 1.456545 1.435514 0.070124 1.532349 0.252731 0.956450 0.974830 1.794509 0.087727
1.838213 1.161787 0.161787 0.838213 1.779023 1.672791 1.142464 0.247067 1.244546 1.357024 0.235726 1.467621 1.566787 0.000000 1.496603 1.316468 0.212513 1.143796 0.570362 1.312285 1.727533 0.305416 1.534434 0.638659 0.053151 1.200876 0.110242 0.997699 1.496664 0.034438 1.314057 0.610337 0.591957 0.638703 1.479060
0.341611 1.341611 1.658389 0.658389 0.282421 0.830607 1.360933 1.249536 1.258852 0.139578 1.260876 1.035777 0.070185 1.496603 0.000000 1.186929 1.709116 1.359602 1.933035 0.184317 0.230931 1.191186 0.968964 1.864739 1.443451 0.295726 1.386360 1.505699 0.000061 1.462164 0.182546 0.886266 0.904646 1.864694 0.017543
0.845318 0.154682 1.154682 1.845318 0.904509 0.356323 0.174004 1.563535 0.071923 1.326507 1.552195 0.151153 1.116744 1.316468 1.186929 0.000000 1.103955 0.172673 0.746106 1.371246 0.955998 1.621884 0.217965 0.677809 1.369619 1.482655 1.426710 0.318770 1.186868 1.350907 1.369475 1.926805 1.908425 0.677765 1.204472
1.949273 0.949273 0.050727 1.050727 1.991537 1.460277 0.929951 0.459580 1.032032 1.569538 0.448240 1.255108 1.779301 0.212513 1.709116 1.103955 0.000000 0.931282 0.357849 1.524799 1.940047 0.517930 1.321920 0.426146 0.265665 1.413390 0.322756 0.785185 1.709177 0.246952 1.526570 0.822850 0.804470 0.426190 1.691573
1.017991 0.017991 0.982009 1.982009 1.077181 0.528995 0.001331 1.390863 0.100750 1.499180 1.379522 0.323825 1.289417 1.143796 1.359602 0.172673 0.931282 0.000000 0.573433 1.543919 1.128671 1.449212 0.390638 0.505137 1.196947 1.655328 1.254038 0.146097 1.359541 1.178234 1.542148 1.754133 1.735753 0.505092 1.377144
1.591424 0.591424 0.408576 1.408576 1.650614 1.102428 0.572102 0.817429 0.674183 1.927387 0.806089 0.897259 1.862850 0.570362 1.933035 0.746106 0.357849 0.573433 0.000000 1.882648 1.702104 0.875779 0.964071 0.068296 0.623514 1.771239 0.680605 0.427336 1.932974 0.604801 1.884419 1.180699 1.162319 0.068341 1.950578
0.525928 1.525928 1.474072 0.474072 0.466738 1.014924 1.545250 1.065219 1.443169 0.044739 1.076559 1.220094 0.254502 1.312285 0.184317 1.371246 1.524799 1.543919 1.882648 0.000000 0.415248 1.006869 1.153281 1.950944 1.259134 0.111409 1.202043 1.690016 0.184378 1.277847 0.001771 0.701948 0.720329 1.950989 0.166775
0.110680 1.110680 1.889320 0.889320 0.051490 0.599676 1.130002 1.480467 1.027921 0.370509 1.491807 0.804846 0.160746 1.727533 0.230931 0.955998 1.940047 1.128671 1.702104 0.415248 0.000000 1.422117 0.738033 1.633808 1.674382 0.526657 1.617291 1.274768 0.230870 1.693095 0.413477 1.117197 1.135577 1.633763 0.248474
1.532797 1.467203 0.467203 0.532797 1.473607 1.978207 1.447880 0.058349 1.549962 1.051608 0.069690 1.773037 1.261371 0.305416 1.191186 1.621884 0.517930 1.449212 0.875779 1.006869 1.422117 0.000000 1.839850 0.944075 0.252265 0.895460 0.195174 1.303115 1.191247 0.270978 1.008640 0.304921 0.286541 0.944120 1.173644
0.627353 0.372647 1.372647 1.627353 0.686543 0.138357 0.391969 1.781500 0.289888 1.108542 1.770160 0.066813 0.898779 1.534434 0.968964 0.217965 1.321920 0.390638 0.964071 1.153281 0.738033 1.839850 0.000000 0.895775 1.587585 1.264690 1.644676 0.536735 0.968903 1.568872 1.151510 1.855230 1.873610 0.895730 0.986507
1.523128 0.523128 0.476872 1.476872 1.582318 1.034132 0.503805 0.885726 0.605887 1.995683 0.874385 0.828962 1.794554 0.638659 1.864739 0.677809 0.426146 0.505137 0.068296 1.950944 1.633808 0.944075 0.895775 0.000000 0.691810 1.839535 0.748901 0.359040 1.864678 0.673097 1.952716 1.248996 1.230616 0.000045 1.882281
1.785062 1.214938 0.214938 0.785062 1.725872 1.725942 1.195616 0.193916 1.297697 1.303873 0.182575 1.520772 1.513636 0.053151 1.443451 1.369619 0.265665 1.196947 0.623514 1.259134 1.674382 0.252265 1.587585 0.691810 0.000000 1.147725 0.057091 1.050850 1.443512 0.018713 1.260905 0.557186 0.538806 0.691855 1.425909
0.637337 1.637337 1.362663 0.362663 0.578147 1.126333 1.656659 0.953810 1.554578 0.156148 0.965150 1.331503 0.365911 1.200876 0.295726 1.482655 1.413390 1.655328 1.771239 0.111409 0.526657 0.895460 1.264690 1.839535 1.147725 0.000000 1.090634 1.801425 0.295787 1.166438 0.113180 0.590540 0.608920 1.839580 0.278183
1.727971 1.272029 0.272029 0.727971 1.668781 1.783033 1.252706 0.136825 1.354788 1.246782 0.125484 1.577863 1.456545 0.110242 1.386360 1.426710 0.322756 1.254038 0.680605 1.202043 1.617291 0.195174 1.644676 0.748901 0.057091 1.090634 0.000000 1.107941 1.386421 0.075804 1.203814 0.500095 0.481715 0.748946 1.368818
1.164088 0.164088 0.835912 1.835912 1.223278 0.675092 0.144766 1.244765 0.246847 1.645277 1.233425 0.469922 1.435514 0.997699 1.505699 0.318770 0.785185 0.146097 0.427336 1.690016 1.274768 1.303115 0.536735 0.359040 1.050850 1.801425 1.107941 0.000000 1.505638 1.032137 1.688245 1.608036 1.589655 0.358995 1.523241
0.341550 1.341550 1.658450 0.658450 0.282360 0.830546 1.360872 1.249597 1.258791 0.139639 1.260937 1.035715 0.070124 1.496664 0.000061 1.186868 1.709177 1.359541 1.932974 0.184378 0.230870 1.191247 0.968903 1.864678 1.443512 0.295787 1.386421 1.505638 0.000000 1.462225 0.182607 0.886327 0.904707 1.864633 0.017604
1.803775 1.196225 0.196225 0.803775 1.744585 1.707229 1.176903 0.212628 1.278984 1.322586 0.201288 1.502059 1.532349 0.034438 1.462164 1.350907 0.246952 1.178234 0.604801 1.277847 1.693095 0.270978 1.568872 0.673097 0.018713 1.166438 0.075804 1.032137 1.462225 0.000000 1.279618 0.575899 0.557518 0.673142 1.444622
0.524157 1.524157 1.475843 0.475843 0.464967 1.013153 1.543479 1.066990 1.441398 0.042968 1.078330 1.218322 0.252731 1.314057 0.182546 1.369475 1.526570 1.542148 1.884419 0.001771 0.413477 1.008640 1.151510 1.952716 1.260905 0.113180 1.203814 1.688245 0.182607 1.279618 0.000000 0.703720 0.722100 1.952760 0.165003
1.227876 1.772124 0.772124 0.227876 1.168686 1.716872 1.752801 0.363270 1.854882 0.746687 0.374611 1.922042 0.956450 0.610337 0.886266 1.926805 0.822850 1.754133 1.180699 0.701948 1.117197 0.304921 1.855230 1.248996 0.557186 0.590540 0.500095 1.608036 0.886327 0.575899 0.703720 0.000000 0.018380 1.249040 0.868723
1.246256 1.753744 0.753744 0.246256 1.187066 1.735252 1.734421 0.344890 1.836502 0.765068 0.356230 1.940422 0.974830 0.591957 0.904646 1.908425 0.804470 1.735753 1.162319 0.720329 1.135577 0.286541 1.873610 1.230616 0.538806 0.608920 0.481715 1.589655 0.904707 0.557518 0.722100 0.018380 0.000000 1.230660 0.887103
1.523083 0.523083 0.476917 1.476917 1.582273 1.034087 0.503761 0.885770 0.605842 1.995728 0.874430 0.828918 1.794509 0.638703 1.864694 0.677765 0.426190 0.505092 0.068341 1.950989 1.633763 0.944120 0.895730 0.000045 0.691855 1.839580 0.748946 0.358995 1.864633 0.673142 1.952760 1.249040 1.230660 0.000000 1.882237
0.359153 1.359153 1.640847 0.640847 0.299963 0.848149 1.378476 1.231993 1.276395 0.122036 1.243334 1.053319 0.087727 1.479060 0.017543 1.204472 1.691573 1.377144 1.950578 0.166775 0.248474 1.173644 0.986507 1.882281 1.425909 0.278183 1.368818 1.523241 0.017604 1.444622 0.165003 0.868723 0.887103 1.882237 0.000000
