15
0.000000 1.000000 2.000000 1.000000 0.531975 1.854654 0.887574 1.975708 1.260475 0.712772 0.953914 1.200960 1.028641 0.287753 0.571151
1.000000 0.000000 1.000000 2.000000 1.531975 0.854654 0.112426 0.975708 1.739525 1.712772 0.046086 0.200960 1.971359 0.712247 1.571151
2.000000 1.000000 0.000000 1.000000 1.468025 0.145346 1.112426 0.024292 0.739525 1.287228 1.046086 0.799040 0.971359 1.712247 1.428849
1.000000 2.000000 1.000000 0.000000 0.468025 1.145346 1.887574 1.024292 0.260475 0.287228 1.953914 1.799040 0.028641 1.287753 0.428849
0.531975 1.531975 1.468025 0.468025 0.000000 1.613371 1.419549 1.492317 0.728499 0.180797 1.485889 1.732935 0.496666 0.819729 0.039175
1.854654 0.854654 0.145346 1.145346 1.613371 0.000000 0.967080 0.121054 0.884872 1.432574 0.900740 0.653694 1.116705 1.566900 1.574195
0.887574 0.112426 1.112426 1.887574 1.419549 0.967080 0.000000 1.088134 1.851952 1.600345 0.066340 0.313386 1.916214 0.599820 1.458724
1.975708 0.975708 0.024292 1.024292 1.492317 0.121054 1.088134 0.000000 0.763818 1.311521 1.021794 0.774748 0.995652 1.687954 1.453142
1.260475 1.739525 0.739525 0.260475 0.728499 0.884872 1.851952 0.763818 0.000000 0.547703 1.785612 1.538566 0.231834 1.548228 0.689324
0.712772 1.712772 1.287228 0.287228 0.180797 1.432574 1.600345 1.311521 0.547703 0.000000 1.666686 1.913731 0.315869 1.000525 0.141621
0.953914 0.046086 1.046086 1.953914 1.485889 0.900740 0.066340 1.021794 1.785612 1.666686 0.000000 0.247046 1.982555 0.666160 1.525065
1.200960 0.200960 0.799040 1.799040 1.732935 0.653694 0.313386 0.774748 1.538566 1.913731 0.247046 0.000000 1.770399 0.913206 1.772110
1.028641 1.971359 0.971359 0.028641 0.496666 1.116705 1.916214 0.995652 0.231834 0.315869 1.982555 1.770399 0.000000 1.316394 0.457490
0.287753 0.712247 1.712247 1.287753 0.819729 1.566900 0.599820 1.687954 1.548228 1.000525 0.666160 0.913206 1.316394 0.000000 0.858904
0.571151 1.571151 1.428849 0.428849 0.039175 1.574195 1.458724 1.453142 0.689324 0.141621 1.525065 1.772110 0.457490 0.858904 0.000000
