15
0.000000 1.000000 2.000000 1.000000 0.520755 1.033678 1.461967 1.196545 1.827588 1.756992 0.126786 1.059286 1.915446 0.639499 1.677586
1.000000 0.000000 1.000000 2.000000 0.479245 0.033678 0.461967 1.803455 1.172412 0.756992 0.873214 1.940714 0.915446 0.360501 0.677586
2.000000 1.000000 0.000000 1.000000 1.479245 0.966322 0.538033 0.803455 0.172412 0.243008 1.873214 0.940714 0.084554 1.360501 0.322414
1.000000 2.000000 1.000000 0.000000 1.520755 1.966322 1.538033 0.196545 0.827588 1.243008 1.126786 0.059286 1.084554 1.639499 1.322414
0.520755 0.479245 1.479245 1.520755 0.000000 0.512923 0.941212 1.717300 1.651657 1.236237 0.393969 1.580041 1.394691 0.118744 1.156831
1.033678 0.033678 0.966322 1.966322 0.512923 0.000000 0.428289 1.769776 1.138734 0.723314 0.906893 1.907035 0.881768 0.394179 0.643907
1.461967 0.461967 0.538033 1.538033 0.941212 0.428289 0.000000 1.341487 0.710445 0.295025 1.335182 1.478747 0.453479 0.822468 0.215618
1.196545 1.803455 0.803455 0.196545 1.717300 1.769776 1.341487 0.000000 0.631042 1.046462 1.323331 0.137259 0.888008 1.836045 1.125869
1.827588 1.172412 0.172412 0.827588 1.651657 1.138734 0.710445 0.631042 0.000000 0.415420 1.954373 0.768302 0.256966 1.532913 0.494827
1.756992 0.756992 0.243008 1.243008 1.236237 0.723314 0.295025 1.046462 0.415420 0.000000 1.630207 1.183722 0.158454 1.117493 0.079406
0.126786 0.873214 1.873214 1.126786 0.393969 0.906893 1.335182 1.323331 1.954373 1.630207 0.000000 1.186072 1.788661 0.512714 1.550800
1.059286 1.940714 0.940714 0.059286 1.580041 1.907035 1.478747 0.137259 0.768302 1.183722 1.186072 0.000000 1.025267 1.698786 1.263128
1.915446 0.915446 0.084554 1.084554 1.394691 0.881768 0.453479 0.888008 0.256966 0.158454 1.788661 1.025267 0.000000 1.275947 0.237861
0.639499 0.360501 1.360501 1.639499 0.118744 0.394179 0.822468 1.836045 1.532913 1.117493 0.512714 1.698786 1.275947 0.000000 1.038086
1.677586 0.677586 0.322414 1.322414 1.156831 0.643907 0.215618 1.125869 0.494827 0.079406 1.550800 1.263128 0.237861 1.038086 0.000000
