15
0.000000 1.000000 2.000000 1.000000 0.663003 0.650695 1.920646 0.287451 1.662031 1.118460 0.850011 0.900979 1.969002 1.362104 0.076929
1.000000 0.000000 1.000000 2.000000 0.336997 1.650695 0.920646 0.712549 1.337969 1.881540 1.850011 0.099021 0.969002 0.362104 0.923071
2.000000 1.000000 0.000000 1.000000 1.336997 1.349305 0.079354 1.712549 0.337969 0.881540 1.149989 1.099021 0.030998 0.637896 1.923071
1.000000 2.000000 1.000000 0.000000 1.663003 0.349305 1.079354 1.287451 0.662031 0.118460 0.149989 1.900979 1.030998 1.637896 1.076929
0.663003 0.336997 1.336997 1.663003 0.000000 1.313698 1.257643 0.375552 1.674966 1.781463 1.513014 0.237976 1.305999 0.699101 0.586074
0.650695 1.650695 1.349305 0.349305 1.313698 0.000000 1.428659 0.938146 1.011336 0.467765 0.199316 1.551674 1.380303 1.987201 0.727624
1.920646 0.920646 0.079354 1.079354 1.257643 1.428659 0.000000 1.633195 0.417323 0.960893 1.229343 1.019668 0.048355 0.558543 1.843717
0.287451 0.712549 1.712549 1.287451 0.375552 0.938146 1.633195 0.000000 1.949482 1.405912 1.137462 0.613527 1.681550 1.074652 0.210522
1.662031 1.337969 0.337969 0.662031 1.674966 1.011336 0.417323 1.949482 0.000000 0.543571 0.812020 1.436990 0.368967 0.975865 1.738960
1.118460 1.881540 0.881540 0.118460 1.781463 0.467765 0.960893 1.405912 0.543571 0.000000 0.268449 1.980561 0.912538 1.519436 1.195389
0.850011 1.850011 1.149989 0.149989 1.513014 0.199316 1.229343 1.137462 0.812020 0.268449 0.000000 1.750989 1.180987 1.787886 0.926940
0.900979 0.099021 1.099021 1.900979 0.237976 1.551674 1.019668 0.613527 1.436990 1.980561 1.750989 0.000000 1.068023 0.461125 0.824050
1.969002 0.969002 0.030998 1.030998 1.305999 1.380303 0.048355 1.681550 0.368967 0.912538 1.180987 1.068023 0.000000 0.606898 1.892073
1.362104 0.362104 0.637896 1.637896 0.699101 1.987201 0.558543 1.074652 0.975865 1.519436 1.787886 0.461125 0.606898 0.000000 1.285175
0.076929 0.923071 1.923071 1.076929 0.586074 0.727624 1.843717 0.210522 1.738960 1.195389 0.926940 0.824050 1.892073 1.285175 0.000000
