15
0.000000 1.000000 2.000000 1.000000 0.838893 1.905363 0.175055 0.594718 0.080878 0.546637 1.523756 1.158867 1.870271 1.163373 1.749028
1.000000 0.000000 1.000000 2.000000 0.161107 0.905363 0.824945 0.405282 1.080878 0.453363 1.476244 1.841133 1.129729 1.836627 0.749028
2.000000 1.000000 0.000000 1.000000 1.161107 0.094637 1.824945 1.405282 1.919122 1.453363 0.476244 0.841133 0.129729 0.836627 0.250972
1.000000 2.000000 1.000000 0.000000 1.838893 1.094637 1.175055 1.594718 0.919122 1.546637 0.523756 0.158867 0.870271 0.163373 1.250972
0.838893 0.161107 1.161107 1.838893 0.000000 1.066469 0.663839 0.244175 0.919772 0.292257 1.637351 1.997760 1.290836 1.997734 0.910135
1.905363 0.905363 0.094637 1.094637 1.066469 0.000000 1.730308 1.310645 1.986241 1.358726 0.570881 0.935770 0.224366 0.931265 0.156335
0.175055 0.824945 1.824945 1.175055 0.663839 1.730308 0.000000 0.419664 0.255933 0.371582 1.698811 1.333922 1.954675 1.338427 1.573974
0.594718 0.405282 1.405282 1.594718 0.244175 1.310645 0.419664 0.000000 0.675597 0.048081 1.881526 1.753585 1.535011 1.758091 1.154310
0.080878 1.080878 1.919122 0.919122 0.919772 1.986241 0.255933 0.675597 0.000000 0.627515 1.442878 1.077989 1.789393 1.082494 1.829907
0.546637 0.453363 1.453363 1.546637 0.292257 1.358726 0.371582 0.048081 0.627515 0.000000 1.929607 1.705504 1.583092 1.710009 1.202391
1.523756 1.476244 0.476244 0.523756 1.637351 0.570881 1.698811 1.881526 1.442878 1.929607 0.000000 0.364889 0.346515 0.360383 0.727216
1.158867 1.841133 0.841133 0.158867 1.997760 0.935770 1.333922 1.753585 1.077989 1.705504 0.364889 0.000000 0.711404 0.004506 1.092105
1.870271 1.129729 0.129729 0.870271 1.290836 0.224366 1.954675 1.535011 1.789393 1.583092 0.346515 0.711404 0.000000 0.706898 0.380701
1.163373 1.836627 0.836627 0.163373 1.997734 0.931265 1.338427 1.758091 1.082494 1.710009 0.360383 0.004506 0.706898 0.000000 1.087599
1.749028 0.749028 0.250972 1.250972 0.910135 0.156335 1.573974 1.154310 1.829907 1.202391 0.727216 1.092105 0.380701 1.087599 0.000000
