50
0.000000 1.000000 2.000000 1.000000 1.536733 1.513017 0.948670 0.976411 1.152356 0.278685 1.377373 0.648889 1.123620 1.686769 1.977663 1.831831 1.403935 0.703507 1.682950 0.097054 1.351784 1.616686 0.070915 0.795920 0.219912 1.751659 1.704070 0.319858 0.621422 0.913209 1.357815 0.245987 1.002550 0.557433 0.187463 1.944621 1.674449 0.909742 1.182294 1.254460 0.335584 1.599446 1.686625 0.067182 1.765436 0.113744 1.696715 0.104870 1.312151 0.992486
1.000000 0.000000 1.000000 2.000000 0.536733 1.486983 1.948670 0.023589 0.152356 0.721315 1.622627 0.351111 0.123620 1.313231 0.977663 0.831831 0.403935 1.703507 1.317050 1.097054 1.648216 1.383314 0.929085 0.204080 0.780088 0.751659 1.295930 1.319858 0.378578 0.086791 1.642185 0.754013 1.997450 1.557433 1.187463 0.944621 1.325551 0.090258 1.817706 0.254460 0.664416 0.599446 1.313375 1.067182 0.765436 1.113744 0.696715 1.104870 0.312151 0.007514
2.000000 1.000000 0.000000 1.000000 0.463267 0.486983 1.051330 1.023589 0.847644 1.721315 0.622627 1.351111 0.876380 0.313231 0.022337 0.168169 0.596065 1.296493 0.317050 1.902946 0.648216 0.383314 1.929085 1.204080 1.780088 0.248341 0.295930 1.680142 1.378578 1.086791 0.642185 1.754013 0.997450 1.442567 1.812537 0.055379 0.325551 1.090258 0.817706 0.745540 1.664416 0.400554 0.313375 1.932818 0.234564 1.886256 0.303285 1.895130 0.687849 1.007514
1.000000 2.000000 1.000000 0.000000 1.463267 0.513017 0.051330 1.976411 1.847644 1.278685 0.377373 1.648889 1.876380 0.686769 1.022337 1.168169 1.596065 0.296493 0.682950 0.902946 0.351784 0.616686 1.070915 1.795920 1.219912 1.248341 0.704070 0.680142 1.621422 1.913209 0.357815 1.245987 0.002550 0.442567 0.812537 1.055379 0.674449 1.909742 0.182294 1.745540 1.335584 1.400554 0.686625 0.932818 1.234564 0.886256 1.303285 0.895130 1.687849 1.992486
1.536733 0.536733 0.463267 1.463267 0.000000 0.950250 1.514597 0.560322 0.384377 1.258048 1.085893 0.887845 0.413113 0.776498 0.440930 0.295098 0.132798 1.759759 0.780317 1.633787 1.111483 0.846580 1.465819 0.740813 1.316821 0.214925 0.759197 1.856591 0.915312 0.623524 1.105452 1.290746 1.460716 1.905834 1.724196 0.407887 0.788817 0.626991 1.280973 0.282273 1.201149 0.062713 0.776641 1.603915 0.228703 1.650477 0.159981 1.641603 0.224583 0.544247
1.513017 1.486983 0.486983 0.513017 0.950250 0.000000 0.564347 1.510572 1.334627 1.791702 0.135643 1.838095 1.363363 0.173752 0.509320 0.655153 1.083048 0.809509 0.169933 1.415963 0.161233 0.103670 1.583931 1.691063 1.732929 0.735325 0.191054 1.193159 1.865562 1.573774 0.155202 1.759004 0.510466 0.955584 1.325554 0.542363 0.161433 1.577242 0.330723 1.232523 1.848601 0.887537 0.173609 1.445835 0.721547 1.399273 0.790269 1.408147 1.174833 1.494497
0.948670 1.948670 1.051330 0.051330 1.514597 0.564347 0.000000 1.925081 1.898974 1.227355 0.428703 1.597559 1.927710 0.738099 1.073667 1.219499 1.647395 0.245163 0.734280 0.851616 0.403114 0.668016 1.019585 1.744590 1.168582 1.299671 0.755400 0.628812 1.570092 1.861880 0.409145 1.194657 0.053880 0.391237 0.761207 1.106709 0.725779 1.858412 0.233624 1.796870 1.284254 1.451884 0.737955 0.881488 1.285894 0.834926 1.354615 0.843800 1.739179 1.941157
0.976411 0.023589 1.023589 1.976411 0.560322 1.510572 1.925081 0.000000 0.175945 0.697726 1.646216 0.327522 0.147209 1.336820 1.001252 0.855420 0.427524 1.679918 1.340639 1.073464 1.671805 1.406903 0.905496 0.180491 0.756499 0.775248 1.319519 1.296269 0.354989 0.063201 1.665774 0.730424 1.978961 1.533844 1.163874 0.968210 1.349140 0.066669 1.841295 0.278049 0.640827 0.623035 1.336964 1.043593 0.789025 1.090155 0.720304 1.081280 0.335740 0.016076
1.152356 0.152356 0.847644 1.847644 0.384377 1.334627 1.898974 0.175945 0.000000 0.873671 1.470270 0.503468 0.028736 1.160875 0.825307 0.679475 0.251579 1.855864 1.164694 1.249410 1.495860 1.230958 1.081442 0.356436 0.932444 0.599302 1.143574 1.472214 0.530935 0.239147 1.489829 0.906369 1.845094 1.709789 1.339819 0.792265 1.173194 0.242614 1.665350 0.102104 0.816772 0.447090 1.161018 1.219538 0.613080 1.266100 0.544358 1.257226 0.159794 0.159870
0.278685 0.721315 1.721315 1.278685 1.258048 1.791702 1.227355 0.697726 0.873671 0.000000 1.656058 0.370204 0.844935 1.965454 1.698978 1.553146 1.125250 0.982192 1.961635 0.375738 1.630469 1.895371 0.207770 0.517235 0.058773 1.472974 1.982755 0.598543 0.342737 0.634525 1.636500 0.032698 1.281235 0.836118 0.466148 1.665936 1.953134 0.631057 1.460979 0.975775 0.056899 1.320761 1.965310 0.345867 1.486751 0.392429 1.418030 0.383555 1.033466 0.713802
1.377373 1.622627 0.622627 0.377373 1.085893 0.135643 0.428703 1.646216 1.470270 1.656058 0.000000 1.973738 1.499007 0.309395 0.644964 0.790796 1.218691 0.673866 0.305577 1.280320 0.025589 0.239313 1.448288 1.826707 1.597285 0.870968 0.326697 1.057515 1.998795 1.709417 0.019559 1.623361 0.374823 0.819941 1.189910 0.678006 0.297076 1.712885 0.195079 1.368167 1.712958 1.023180 0.309252 1.310192 0.857190 1.263630 0.925912 1.272504 1.310476 1.630140
0.648889 0.351111 1.351111 1.648889 0.887845 1.838095 1.597559 0.327522 0.503468 0.370204 1.973738 0.000000 0.474731 1.664343 1.328774 1.182942 0.755047 1.352396 1.668161 0.745942 1.999327 1.734425 0.577974 0.147031 0.428977 1.102770 1.647041 0.968747 0.027467 0.264321 1.993297 0.402901 1.651439 1.206321 0.836352 1.295732 1.676662 0.260853 1.831183 0.605571 0.313304 0.950558 1.664486 0.716070 1.116548 0.762632 1.047826 0.753758 0.663262 0.343598
1.123620 0.123620 0.876380 1.876380 0.413113 1.363363 1.927710 0.147209 0.028736 0.844935 1.499007 0.474731 0.000000 1.189611 0.854043 0.708211 0.280315 1.827127 1.193430 1.220673 1.524596 1.259694 1.052705 0.327700 0.903708 0.628039 1.172310 1.443478 0.502198 0.210410 1.518565 0.877633 1.873830 1.681053 1.311083 0.821001 1.201931 0.213878 1.694086 0.130840 0.788036 0.475826 1.189755 1.190802 0.641816 1.237364 0.573095 1.228489 0.188531 0.131133
1.686769 1.313231 0.313231 0.686769 0.776498 0.173752 0.738099 1.336820 1.160875 1.965454 0.309395 1.664343 1.189611 0.000000 0.335568 0.481401 0.909296 0.983261 0.003819 1.589715 0.334985 0.070082 1.757683 1.517311 1.906681 0.561573 0.017302 1.366911 1.691810 1.400022 0.328954 1.932756 0.684218 1.129336 1.499306 0.368611 0.012319 1.403490 0.504475 1.058771 1.977647 0.713785 0.000143 1.619587 0.547795 1.573025 0.616517 1.581899 1.001081 1.320745
1.977663 0.977663 0.022337 1.022337 0.440930 0.509320 1.073667 1.001252 0.825307 1.698978 0.644964 1.328774 0.854043 0.335568 0.000000 0.145832 0.573728 1.318830 0.339387 1.925284 0.670553 0.405651 1.906748 1.181743 1.757751 0.226004 0.318267 1.702479 1.356241 1.064453 0.664522 1.731676 1.019787 1.464904 1.834874 0.033042 0.347888 1.067921 0.840043 0.723203 1.642079 0.378217 0.335712 1.955155 0.212227 1.908593 0.280948 1.917467 0.665512 0.985176
1.831831 0.831831 0.168169 1.168169 0.295098 0.655153 1.219499 0.855420 0.679475 1.553146 0.790796 1.182942 0.708211 0.481401 0.145832 0.000000 0.427896 1.464662 0.485219 1.928884 0.816385 0.551483 1.760916 1.035911 1.611919 0.080172 0.464099 1.848311 1.210409 0.918621 0.810354 1.585844 1.165619 1.610736 1.980706 0.112790 0.493720 0.922089 0.985875 0.577371 1.496247 0.232385 0.481544 1.899013 0.066395 1.945575 0.135116 1.936700 0.519680 0.839344
1.403935 0.403935 0.596065 1.596065 0.132798 1.083048 1.647395 0.427524 0.251579 1.125250 1.218691 0.755047 0.280315 0.909296 0.573728 0.427896 0.000000 1.892557 0.913115 1.500989 1.244281 0.979378 1.333021 0.608015 1.184023 0.347723 0.891995 1.723793 0.782514 0.490726 1.238250 1.157948 1.593514 1.961368 1.591398 0.540685 0.921615 0.494193 1.413771 0.149475 1.068351 0.195511 0.909439 1.471117 0.361501 1.517679 0.292779 1.508805 0.091785 0.411449
0.703507 1.703507 1.296493 0.296493 1.759759 0.809509 0.245163 1.679918 1.855864 0.982192 0.673866 1.352396 1.827127 0.983261 1.318830 1.464662 1.892557 0.000000 0.979443 0.606454 0.648277 0.913179 0.774422 1.499427 0.923419 1.544834 1.000563 0.383649 1.324929 1.616717 0.654307 0.949495 0.299043 0.146075 0.516044 1.351872 0.970942 1.613249 0.478787 1.957967 1.039092 1.697046 0.983118 0.636326 1.531056 0.589764 1.599778 0.598638 1.984342 1.695994
1.682950 1.317050 0.317050 0.682950 0.780317 0.169933 0.734280 1.340639 1.164694 1.961635 0.305577 1.668161 1.193430 0.003819 0.339387 0.485219 0.913115 0.979443 0.000000 1.585897 0.331166 0.066264 1.753865 1.521130 1.902862 0.565391 0.021120 1.363092 1.695628 1.403840 0.325135 1.928937 0.680400 1.125517 1.495487 0.372429 0.008501 1.407308 0.500656 1.062590 1.981466 0.717604 0.003675 1.615768 0.551614 1.569206 0.620335 1.578080 1.004899 1.324563
0.097054 1.097054 1.902946 0.902946 1.633787 1.415963 0.851616 1.073464 1.249410 0.375738 1.280320 0.745942 1.220673 1.589715 1.925284 1.928884 1.500989 0.606454 1.585897 0.000000 1.254731 1.519633 0.167968 0.892973 0.316965 1.848712 1.607017 0.222804 0.718475 1.010263 1.260761 0.343041 0.905497 0.460379 0.090410 1.958326 1.577396 1.006795 1.085240 1.351513 0.432638 1.696500 1.589572 0.029872 1.862490 0.016690 1.793768 0.007816 1.409204 1.089540
1.351784 1.648216 0.648216 0.351784 1.111483 0.161233 0.403114 1.671805 1.495860 1.630469 0.025589 1.999327 1.524596 0.334985 0.670553 0.816385 1.244281 0.648277 0.331166 1.254731 0.000000 0.264902 1.422699 1.852296 1.571696 0.896557 0.352286 1.031926 1.973206 1.735006 0.006031 1.597771 0.349234 0.794351 1.164321 0.703595 0.322665 1.738474 0.169490 1.393756 1.687368 1.048770 0.334841 1.284602 0.882780 1.238040 0.951501 1.246915 1.336065 1.655729
1.616686 1.383314 0.383314 0.616686 0.846580 0.103670 0.668016 1.406903 1.230958 1.895371 0.239313 1.734425 1.259694 0.070082 0.405651 0.551483 0.979378 0.913179 0.066264 1.519633 0.264902 0.000000 1.687601 1.587394 1.836598 0.631655 0.087384 1.296828 1.761892 1.470104 0.258871 1.862673 0.614136 1.059254 1.429223 0.438693 0.057763 1.473572 0.434392 1.128854 1.952271 0.783868 0.069939 1.549505 0.617877 1.502942 0.686599 1.511817 1.071163 1.390827
0.070915 0.929085 1.929085 1.070915 1.465819 1.583931 1.019585 0.905496 1.081442 0.207770 1.448288 0.577974 1.052705 1.757683 1.906748 1.760916 1.333021 0.774422 1.753865 0.167968 1.422699 1.687601 0.000000 0.725005 0.148997 1.680744 1.774985 0.390773 0.550507 0.842295 1.428729 0.175073 1.073465 0.628347 0.258378 1.873706 1.745364 0.838827 1.253209 1.183545 0.264670 1.528532 1.757540 0.138096 1.694522 0.184658 1.625800 0.175784 1.241236 0.921572
0.795920 0.204080 1.204080 1.795920 0.740813 1.691063 1.744590 0.180491 0.356436 0.517235 1.826707 0.147031 0.327700 1.517311 1.181743 1.035911 0.608015 1.499427 1.521130 0.892973 1.852296 1.587394 0.725005 0.000000 0.576008 0.955739 1.500010 1.115778 0.174498 0.117290 1.846265 0.549933 1.798470 1.353353 0.983383 1.148701 1.529631 0.113822 1.978214 0.458540 0.460336 0.803526 1.517455 0.863102 0.969516 0.909664 0.900795 0.900790 0.516231 0.196567
0.219912 0.780088 1.780088 1.219912 1.316821 1.732929 1.168582 0.756499 0.932444 0.058773 1.597285 0.428977 0.903708 1.906681 1.757751 1.611919 1.184023 0.923419 1.902862 0.316965 1.571696 1.836598 0.148997 0.576008 0.000000 1.531747 1.923982 0.539770 0.401510 0.693298 1.577727 0.026075 1.222462 0.777345 0.407375 1.724709 1.894361 0.689830 1.402206 1.034548 0.115672 1.379534 1.906537 0.287094 1.545524 0.333656 1.476803 0.324782 1.092239 0.772575
1.751659 0.751659 0.248341 1.248341 0.214925 0.735325 1.299671 0.775248 0.599302 1.472974 0.870968 1.102770 0.628039 0.561573 0.226004 0.080172 0.347723 1.544834 0.565391 1.848712 0.896557 0.631655 1.680744 0.955739 1.531747 0.000000 0.544271 1.928484 1.130237 0.838449 0.890527 1.505671 1.245791 1.690909 1.939122 0.192962 0.573892 0.841917 1.066048 0.497199 1.416074 0.152212 0.561716 1.818840 0.013778 1.865402 0.054944 1.856528 0.439508 0.759172
1.704070 1.295930 0.295930 0.704070 0.759197 0.191054 0.755400 1.319519 1.143574 1.982755 0.326697 1.647041 1.172310 0.017302 0.318267 0.464099 0.891995 1.000563 0.021120 1.607017 0.352286 0.087384 1.774985 1.500010 1.923982 0.544271 0.000000 1.384212 1.674508 1.382720 0.346255 1.950057 0.701520 1.146637 1.516607 0.351309 0.029621 1.386188 0.521776 1.041470 1.960346 0.696484 0.017445 1.636888 0.530494 1.590326 0.599215 1.599201 0.983779 1.303443
0.319858 1.319858 1.680142 0.680142 1.856591 1.193159 0.628812 1.296269 1.472214 0.598543 1.057515 0.968747 1.443478 1.366911 1.702479 1.848311 1.723793 0.383649 1.363092 0.222804 1.031926 1.296828 0.390773 1.115778 0.539770 1.928484 1.384212 0.000000 0.941280 1.233067 1.037957 0.565845 0.682692 0.237575 0.132395 1.735521 1.354591 1.229600 0.862436 1.574318 0.655442 1.919304 1.366767 0.252676 1.914706 0.206114 1.983427 0.214988 1.632009 1.312344
0.621422 0.378578 1.378578 1.621422 0.915312 1.865562 1.570092 0.354989 0.530935 0.342737 1.998795 0.027467 0.502198 1.691810 1.356241 1.210409 0.782514 1.324929 1.695628 0.718475 1.973206 1.761892 0.550507 0.174498 0.401510 1.130237 1.674508 0.941280 0.000000 0.291788 1.979236 0.375434 1.623972 1.178854 0.808885 1.323199 1.704129 0.288320 1.803716 0.633038 0.285837 0.978025 1.691953 0.688603 1.144015 0.735165 1.075293 0.726291 0.690729 0.371065
0.913209 0.086791 1.086791 1.913209 0.623524 1.573774 1.861880 0.063201 0.239147 0.634525 1.709417 0.264321 0.210410 1.400022 1.064453 0.918621 0.490726 1.616717 1.403840 1.010263 1.735006 1.470104 0.842295 0.117290 0.693298 0.838449 1.382720 1.233067 0.291788 0.000000 1.728976 0.667222 1.915760 1.470642 1.100673 1.031411 1.412341 0.003468 1.904497 0.341250 0.577625 0.686237 1.400165 0.980391 0.852227 1.026953 0.783505 1.018079 0.398941 0.079277
1.357815 1.642185 0.642185 0.357815 1.105452 0.155202 0.409145 1.665774 1.489829 1.636500 0.019559 1.993297 1.518565 0.328954 0.664522 0.810354 1.238250 0.654307 0.325135 1.260761 0.006031 0.258871 1.428729 1.846265 1.577727 0.890527 0.346255 1.037957 1.979236 1.728976 0.000000 1.603802 0.355265 0.800382 1.170352 0.697564 0.316635 1.732443 0.175521 1.387725 1.693399 1.042739 0.328811 1.290633 0.876749 1.244071 0.945470 1.252945 1.330034 1.649699
0.245987 0.754013 1.754013 1.245987 1.290746 1.759004 1.194657 0.730424 0.906369 0.032698 1.623361 0.402901 0.877633 1.932756 1.731676 1.585844 1.157948 0.949495 1.928937 0.343041 1.597771 1.862673 0.175073 0.549933 0.026075 1.505671 1.950057 0.565845 0.375434 0.667222 1.603802 0.000000 1.248537 0.803420 0.433450 1.698634 1.920437 0.663755 1.428281 1.008473 0.089597 1.353459 1.932613 0.313169 1.519449 0.359731 1.450728 0.350857 1.066164 0.746499
1.002550 1.997450 0.997450 0.002550 1.460716 0.510466 0.053880 1.978961 1.845094 1.281235 0.374823 1.651439 1.873830 0.684218 1.019787 1.165619 1.593514 0.299043 0.680400 0.905497 0.349234 0.614136 1.073465 1.798470 1.222462 1.245791 0.701520 0.682692 1.623972 1.915760 0.355265 1.248537 0.000000 0.445118 0.815087 1.052829 0.671899 1.912292 0.179744 1.742990 1.338135 1.398004 0.684075 0.935369 1.232013 0.888806 1.300735 0.897681 1.685299 1.995037
0.557433 1.557433 1.442567 0.442567 1.905834 0.955584 0.391237 1.533844 1.709789 0.836118 0.819941 1.206321 1.681053 1.129336 1.464904 1.610736 1.961368 0.146075 1.125517 0.460379 0.794351 1.059254 0.628347 1.353353 0.777345 1.690909 1.146637 0.237575 1.178854 1.470642 0.800382 0.803420 0.445118 0.000000 0.369970 1.497947 1.117017 1.467175 0.624861 1.811893 0.893017 1.843121 1.129193 0.490251 1.677131 0.443689 1.745853 0.452563 1.869583 1.549919
0.187463 1.187463 1.812537 0.812537 1.724196 1.325554 0.761207 1.163874 1.339819 0.466148 1.189910 0.836352 1.311083 1.499306 1.834874 1.980706 1.591398 0.516044 1.495487 0.090410 1.164321 1.429223 0.258378 0.983383 0.407375 1.939122 1.516607 0.132395 0.808885 1.100673 1.170352 0.433450 0.815087 0.369970 0.000000 1.867916 1.486986 1.097205 0.994831 1.441923 0.523047 1.786909 1.499162 0.120281 1.952899 0.073719 1.884178 0.082594 1.499614 1.179950
1.944621 0.944621 0.055379 1.055379 0.407887 0.542363 1.106709 0.968210 0.792265 1.665936 0.678006 1.295732 0.821001 0.368611 0.033042 0.112790 0.540685 1.351872 0.372429 1.958326 0.703595 0.438693 1.873706 1.148701 1.724709 0.192962 0.351309 1.735521 1.323199 1.031411 0.697564 1.698634 1.052829 1.497947 1.867916 0.000000 0.380930 1.034879 0.873085 0.690161 1.609036 0.345175 0.368754 1.988198 0.179184 1.941635 0.247906 1.950510 0.632470 0.952134
1.674449 1.325551 0.325551 0.674449 0.788817 0.161433 0.725779 1.349140 1.173194 1.953134 0.297076 1.676662 1.201931 0.012319 0.347888 0.493720 0.921615 0.970942 0.008501 1.577396 0.322665 0.057763 1.745364 1.529631 1.894361 0.573892 0.029621 1.354591 1.704129 1.412341 0.316635 1.920437 0.671899 1.117017 1.486986 0.380930 0.000000 1.415809 0.492155 1.071091 1.989966 0.726104 0.012176 1.607268 0.560114 1.560706 0.628836 1.569580 1.013400 1.333064
0.909742 0.090258 1.090258 1.909742 0.626991 1.577242 1.858412 0.066669 0.242614 0.631057 1.712885 0.260853 0.213878 1.403490 1.067921 0.922089 0.494193 1.613249 1.407308 1.006795 1.738474 1.473572 0.838827 0.113822 0.689830 0.841917 1.386188 1.229600 0.288320 0.003468 1.732443 0.663755 1.912292 1.467175 1.097205 1.034879 1.415809 0.000000 1.907964 0.344718 0.574158 0.689704 1.403633 0.976924 0.855694 1.023486 0.786973 1.014611 0.402409 0.082745
1.182294 1.817706 0.817706 0.182294 1.280973 0.330723 0.233624 1.841295 1.665350 1.460979 0.195079 1.831183 1.694086 0.504475 0.840043 0.985875 1.413771 0.478787 0.500656 1.085240 0.169490 0.434392 1.253209 1.978214 1.402206 1.066048 0.521776 0.862436 1.803716 1.904497 0.175521 1.428281 0.179744 0.624861 0.994831 0.873085 0.492155 1.907964 0.000000 1.563246 1.517878 1.218260 0.504331 1.115112 1.052270 1.068550 1.120991 1.077424 1.505555 1.825220
1.254460 0.254460 0.745540 1.745540 0.282273 1.232523 1.796870 0.278049 0.102104 0.975775 1.368167 0.605571 0.130840 1.058771 0.723203 0.577371 0.149475 1.957967 1.062590 1.351513 1.393756 1.128854 1.183545 0.458540 1.034548 0.497199 1.041470 1.574318 0.633038 0.341250 1.387725 1.008473 1.742990 1.811893 1.441923 0.690161 1.071091 0.344718 1.563246 0.000000 0.918876 0.344986 1.058915 1.321642 0.510976 1.368204 0.442255 1.359330 0.057691 0.261973
0.335584 0.664416 1.664416 1.335584 1.201149 1.848601 1.284254 0.640827 0.816772 0.056899 1.712958 0.313304 0.788036 1.977647 1.642079 1.496247 1.068351 1.039092 1.981466 0.432638 1.687368 1.952271 0.264670 0.460336 0.115672 1.416074 1.960346 0.655442 0.285837 0.577625 1.693399 0.089597 1.338135 0.893017 0.523047 1.609036 1.989966 0.574158 1.517878 0.918876 0.000000 1.263862 1.977790 0.402766 1.429852 0.449328 1.361130 0.440454 0.976566 0.656902
1.599446 0.599446 0.400554 1.400554 0.062713 0.887537 1.451884 0.623035 0.447090 1.320761 1.023180 0.950558 0.475826 0.713785 0.378217 0.232385 0.195511 1.697046 0.717604 1.696500 1.048770 0.783868 1.528532 0.803526 1.379534 0.152212 0.696484 1.919304 0.978025 0.686237 1.042739 1.353459 1.398004 1.843121 1.786909 0.345175 0.726104 0.689704 1.218260 0.344986 1.263862 0.000000 0.713928 1.666628 0.165990 1.713190 0.097269 1.704316 0.287296 0.606960
1.686625 1.313375 0.313375 0.686625 0.776641 0.173609 0.737955 1.336964 1.161018 1.965310 0.309252 1.664486 1.189755 0.000143 0.335712 0.481544 0.909439 0.983118 0.003675 1.589572 0.334841 0.069939 1.757540 1.517455 1.906537 0.561716 0.017445 1.366767 1.691953 1.400165 0.328811 1.932613 0.684075 1.129193 1.499162 0.368754 0.012176 1.403633 0.504331 1.058915 1.977790 0.713928 0.000000 1.619444 0.547938 1.572882 0.616660 1.581756 1.001224 1.320888
0.067182 1.067182 1.932818 0.932818 1.603915 1.445835 0.881488 1.043593 1.219538 0.345867 1.310192 0.716070 1.190802 1.619587 1.955155 1.899013 1.471117 0.636326 1.615768 0.029872 1.284602 1.549505 0.138096 0.863102 0.287094 1.818840 1.636888 0.252676 0.688603 0.980391 1.290633 0.313169 0.935369 0.490251 0.120281 1.988198 1.607268 0.976924 1.115112 1.321642 0.402766 1.666628 1.619444 0.000000 1.832618 0.046562 1.763896 0.037688 1.379332 1.059668
1.765436 0.765436 0.234564 1.234564 0.228703 0.721547 1.285894 0.789025 0.613080 1.486751 0.857190 1.116548 0.641816 0.547795 0.212227 0.066395 0.361501 1.531056 0.551614 1.862490 0.882780 0.617877 1.694522 0.969516 1.545524 0.013778 0.530494 1.914706 1.144015 0.852227 0.876749 1.519449 1.232013 1.677131 1.952899 0.179184 0.560114 0.855694 1.052270 0.510976 1.429852 0.165990 0.547938 1.832618 0.000000 1.879180 0.068722 1.870306 0.453286 0.772950
0.113744 1.113744 1.886256 0.886256 1.650477 1.399273 0.834926 1.090155 1.266100 0.392429 1.263630 0.762632 1.237364 1.573025 1.908593 1.945575 1.517679 0.589764 1.569206 0.016690 1.238040 1.502942 0.184658 0.909664 0.333656 1.865402 1.590326 0.206114 0.735165 1.026953 1.244071 0.359731 0.888806 0.443689 0.073719 1.941635 1.560706 1.023486 1.068550 1.368204 0.449328 1.713190 1.572882 0.046562 1.879180 0.000000 1.810459 0.008874 1.425894 1.106230
1.696715 0.696715 0.303285 1.303285 0.159981 0.790269 1.354615 0.720304 0.544358 1.418030 0.925912 1.047826 0.573095 0.616517 0.280948 0.135116 0.292779 1.599778 0.620335 1.793768 0.951501 0.686599 1.625800 0.900795 1.476803 0.054944 0.599215 1.983427 1.075293 0.783505 0.945470 1.450728 1.300735 1.745853 1.884178 0.247906 0.628836 0.786973 1.120991 0.442255 1.361130 0.097269 0.616660 1.763896 0.068722 1.810459 0.000000 1.801584 0.384564 0.704228
0.104870 1.104870 1.895130 0.895130 1.641603 1.408147 0.843800 1.081280 1.257226 0.383555 1.272504 0.753758 1.228489 1.581899 1.917467 1.936700 1.508805 0.598638 1.578080 0.007816 1.246915 1.511817 0.175784 0.900790 0.324782 1.856528 1.599201 0.214988 0.726291 1.018079 1.252945 0.350857 0.897681 0.452563 0.082594 1.950510 1.569580 1.014611 1.077424 1.359330 0.440454 1.704316 1.581756 0.037688 1.870306 0.008874 1.801584 0.000000 1.417020 1.097356
1.312151 0.312151 0.687849 1.687849 0.224583 1.174833 1.739179 0.335740 0.159794 1.033466 1.310476 0.663262 0.188531 1.001081 0.665512 0.519680 0.091785 1.984342 1.004899 1.409204 1.336065 1.071163 1.241236 0.516231 1.092239 0.439508 0.983779 1.632009 0.690729 0.398941 1.330034 1.066164 1.685299 1.869583 1.499614 0.632470 1.013400 0.402409 1.505555 0.057691 0.976566 0.287296 1.001224 1.379332 0.453286 1.425894 0.384564 1.417020 0.000000 0.319664
0.992486 0.007514 1.007514 1.992486 0.544247 1.494497 1.941157 0.016076 0.159870 0.713802 1.630140 0.343598 0.131133 1.320745 0.985176 0.839344 0.411449 1.695994 1.324563 1.089540 1.655729 1.390827 0.921572 0.196567 0.772575 0.759172 1.303443 1.312344 0.371065 0.079277 1.649699 0.746499 1.995037 1.549919 1.179950 0.952134 1.333064 0.082745 1.825220 0.261973 0.656902 0.606960 1.320888 1.059668 0.772950 1.106230 0.704228 1.097356 0.319664 0.000000
