30
0.000000 1.000000 2.000000 1.000000 0.159007 0.325649 1.299713 0.368812 0.614610 0.528897 0.835918 1.374036 0.755843 1.074000 0.509044 0.584075 1.079045 1.912609 1.093403 0.794273 1.379316 1.963047 0.140653 1.184196 1.553079 1.824296 0.997017 0.359259 0.070271 0.847378
1.000000 0.000000 1.000000 2.000000 0.840993 1.325649 1.700287 1.368812 0.385390 1.528897 1.835918 1.625964 0.244157 1.926000 0.490956 0.415925 1.920955 0.912609 1.906597 0.205727 1.620684 1.036953 1.140653 0.184196 1.446921 1.175704 0.002983 0.640741 1.070271 0.152622
2.000000 1.000000 0.000000 1.000000 1.840993 1.674351 0.700287 1.631188 1.385390 1.471103 1.164082 0.625964 1.244157 0.926000 1.490956 1.415925 0.920955 0.087391 0.906597 1.205727 0.620684 0.036953 1.859347 0.815804 0.446921 0.175704 1.002983 1.640741 1.929729 1.152622
1.000000 2.000000 1.000000 0.000000 1.159007 0.674351 0.299713 0.631188 1.614610 0.471103 0.164082 0.374036 1.755843 0.074000 1.509044 1.584075 0.079045 1.087391 0.093403 1.794273 0.379316 0.963047 0.859347 1.815804 0.553079 0.824296 1.997017 1.359259 0.929729 1.847378
0.159007 0.840993 1.840993 1.159007 0.000000 0.484655 1.458720 0.527819 0.455603 0.687904 0.994925 1.533043 0.596836 1.233007 0.350037 0.425068 1.238052 1.753602 1.252410 0.635266 1.538323 1.877946 0.299660 1.025189 1.712086 1.983303 0.838010 0.200252 0.229278 0.688371
0.325649 1.325649 1.674351 0.674351 0.484655 0.000000 0.974065 0.043163 0.940259 0.203249 0.510269 1.048388 1.081491 0.748352 0.834692 0.909724 0.753397 1.761743 0.767755 1.119922 1.053667 1.637399 0.184996 1.509845 1.227431 1.498648 1.322666 0.684907 0.255378 1.173027
1.299713 1.700287 0.700287 0.299713 1.458720 0.974065 0.000000 0.930901 1.914323 0.770816 0.463796 0.074323 1.944444 0.225713 1.808757 1.883789 0.220668 0.787678 0.206310 1.906014 0.079603 0.663334 1.159060 1.516090 0.253366 0.524583 1.703269 1.658972 1.229442 1.852908
0.368812 1.368812 1.631188 0.631188 0.527819 0.043163 0.930901 0.000000 0.983422 0.160085 0.467106 1.005225 1.124655 0.705188 0.877856 0.952887 0.710234 1.718579 0.724592 1.163085 1.010504 1.594235 0.228159 1.553008 1.184268 1.455484 1.365829 0.728071 0.298541 1.216190
0.614610 0.385390 1.385390 1.614610 0.455603 0.940259 1.914323 0.983422 0.000000 1.143507 1.450528 1.988646 0.141233 1.688610 0.105566 0.030535 1.693656 1.297999 1.708013 0.179663 1.993926 1.422343 0.755263 0.569586 1.832310 1.561094 0.382407 0.255351 0.684881 0.232768
0.528897 1.528897 1.471103 0.471103 0.687904 0.203249 0.770816 0.160085 1.143507 0.000000 0.307021 0.845139 1.284740 0.545103 1.037941 1.112972 0.550148 1.558494 0.564506 1.323170 0.850419 1.434150 0.388244 1.713093 1.024182 1.295399 1.525914 0.888156 0.458626 1.376275
0.835918 1.835918 1.164082 0.164082 0.994925 0.510269 0.463796 0.467106 1.450528 0.307021 0.000000 0.538119 1.591760 0.238083 1.344962 1.419993 0.243128 1.251474 0.257486 1.630191 0.543398 1.127129 0.695265 1.979886 0.717162 0.988379 1.832935 1.195176 0.765647 1.683296
1.374036 1.625964 0.625964 0.374036 1.533043 1.048388 0.074323 1.005225 1.988646 0.845139 0.538119 0.000000 1.870121 0.300036 1.883080 1.958112 0.294991 0.713355 0.280633 1.831691 0.005280 0.589011 1.233384 1.441767 0.179043 0.450260 1.628946 1.733295 1.303765 1.778585
0.755843 0.244157 1.244157 1.755843 0.596836 1.081491 1.944444 1.124655 0.141233 1.284740 1.591760 1.870121 0.000000 1.829843 0.246799 0.171767 1.834888 1.156766 1.849246 0.038430 1.864841 1.281110 0.896496 0.428354 1.691078 1.419861 0.241174 0.396584 0.826114 0.091536
1.074000 1.926000 0.926000 0.074000 1.233007 0.748352 0.225713 0.705188 1.688610 0.545103 0.238083 0.300036 1.829843 0.000000 1.583044 1.658076 0.005045 1.013391 0.019403 1.868273 0.305316 0.889047 0.933347 1.741803 0.479079 0.750296 1.928982 1.433259 1.003729 1.921379
0.509044 0.490956 1.490956 1.509044 0.350037 0.834692 1.808757 0.877856 0.105566 1.037941 1.344962 1.883080 0.246799 1.583044 0.000000 0.075031 1.588089 1.403565 1.602447 0.285229 1.888360 1.527909 0.649697 0.675152 1.937877 1.666660 0.487973 0.149785 0.579315 0.338334
0.584075 0.415925 1.415925 1.584075 0.425068 0.909724 1.883789 0.952887 0.030535 1.112972 1.419993 1.958112 0.171767 1.658076 0.075031 0.000000 1.663121 1.328533 1.677479 0.210198 1.963391 1.452878 0.724728 0.600121 1.862845 1.591628 0.412942 0.224817 0.654346 0.263303
1.079045 1.920955 0.920955 0.079045 1.238052 0.753397 0.220668 0.710234 1.693656 0.550148 0.243128 0.294991 1.834888 0.005045 1.588089 1.663121 0.000000 1.008346 0.014358 1.873318 0.300270 0.884002 0.938393 1.736758 0.474034 0.745251 1.923937 1.438304 1.008774 1.926424
1.912609 0.912609 0.087391 1.087391 1.753602 1.761743 0.787678 1.718579 1.297999 1.558494 1.251474 0.713355 1.156766 1.013391 1.403565 1.328533 1.008346 0.000000 0.993988 1.118336 0.708075 0.124344 1.946738 0.728412 0.534312 0.263095 0.915592 1.553350 1.982880 1.065230
1.093403 1.906597 0.906597 0.093403 1.252410 0.767755 0.206310 0.724592 1.708013 0.564506 0.257486 0.280633 1.849246 0.019403 1.602447 1.677479 0.014358 0.993988 0.000000 1.887676 0.285913 0.869644 0.952751 1.722400 0.459676 0.730893 1.909579 1.452662 1.023132 1.940782
0.794273 0.205727 1.205727 1.794273 0.635266 1.119922 1.906014 1.163085 0.179663 1.323170 1.630191 1.831691 0.038430 1.868273 0.285229 0.210198 1.873318 1.118336 1.887676 0.000000 1.826411 1.242680 0.934926 0.389923 1.652648 1.381431 0.202744 0.435014 0.864544 0.053105
1.379316 1.620684 0.620684 0.379316 1.538323 1.053667 0.079603 1.010504 1.993926 0.850419 0.543398 0.005280 1.864841 0.305316 1.888360 1.963391 0.300270 0.708075 0.285913 1.826411 0.000000 0.583731 1.238663 1.436488 0.173763 0.444980 1.623667 1.738575 1.309045 1.773306
1.963047 1.036953 0.036953 0.963047 1.877946 1.637399 0.663334 1.594235 1.422343 1.434150 1.127129 0.589011 1.281110 0.889047 1.527909 1.452878 0.884002 0.124344 0.869644 1.242680 0.583731 0.000000 1.822394 0.852757 0.409968 0.138751 1.039936 1.677694 1.892776 1.189575
0.140653 1.140653 1.859347 0.859347 0.299660 0.184996 1.159060 0.228159 0.755263 0.388244 0.695265 1.233384 0.896496 0.933347 0.649697 0.724728 0.938393 1.946738 0.952751 0.934926 1.238663 1.822394 0.000000 1.324849 1.412427 1.683643 1.137670 0.499911 0.070382 0.988031
1.184196 0.184196 0.815804 1.815804 1.025189 1.509845 1.516090 1.553008 0.569586 1.713093 1.979886 1.441767 0.428354 1.741803 0.675152 0.600121 1.736758 0.728412 1.722400 0.389923 1.436488 0.852757 1.324849 0.000000 1.262724 0.991507 0.187179 0.824938 1.254467 0.336818
1.553079 1.446921 0.446921 0.553079 1.712086 1.227431 0.253366 1.184268 1.832310 1.024182 0.717162 0.179043 1.691078 0.479079 1.937877 1.862845 0.474034 0.534312 0.459676 1.652648 0.173763 0.409968 1.412427 1.262724 0.000000 0.271217 1.449903 1.912338 1.482808 1.599542
1.824296 1.175704 0.175704 0.824296 1.983303 1.498648 0.524583 1.455484 1.561094 1.295399 0.988379 0.450260 1.419861 0.750296 1.666660 1.591628 0.745251 0.263095 0.730893 1.381431 0.444980 0.138751 1.683643 0.991507 0.271217 0.000000 1.178687 1.816445 1.754025 1.328325
0.997017 0.002983 1.002983 1.997017 0.838010 1.322666 1.703269 1.365829 0.382407 1.525914 1.832935 1.628946 0.241174 1.928982 0.487973 0.412942 1.923937 0.915592 1.909579 0.202744 1.623667 1.039936 1.137670 0.187179 1.449903 1.178687 0.000000 0.637759 1.067288 0.149639
0.359259 0.640741 1.640741 1.359259 0.200252 0.684907 1.658972 0.728071 0.255351 0.888156 1.195176 1.733295 0.396584 1.433259 0.149785 0.224817 1.438304 1.553350 1.452662 0.435014 1.738575 1.677694 0.499911 0.824938 1.912338 1.816445 0.637759 0.000000 0.429530 0.488120
0.070271 1.070271 1.929729 0.929729 0.229278 0.255378 1.229442 0.298541 0.684881 0.458626 0.765647 1.303765 0.826114 1.003729 0.579315 0.654346 1.008774 1.982880 1.023132 0.864544 1.309045 1.892776 0.070382 1.254467 1.482808 1.754025 1.067288 0.429530 0.000000 0.917649
0.847378 0.152622 1.152622 1.847378 0.688371 1.173027 1.852908 1.216190 0.232768 1.376275 1.683296 1.778585 0.091536 1.921379 0.338334 0.263303 1.926424 1.065230 1.940782 0.053105 1.773306 1.189575 0.988031 0.336818 1.599542 1.328325 0.149639 0.488120 0.917649 0.000000
