50
0.000000 1.000000 2.000000 1.000000 0.392254 0.236959 1.702226 1.611490 0.695727 1.000037 1.722270 0.678335 0.317056 0.061957 0.259488 1.626548 0.062914 1.250417 0.084942 1.473933 1.850956 0.843463 0.981129 0.238863 1.755821 0.679081 1.179595 1.208035 0.537515 1.633476 1.884363 1.437555 0.119877 0.627986 1.169280 0.393566 1.582200 1.429878 1.339411 1.334281 0.172198 1.468079 0.175002 1.892532 0.794082 1.938148 1.387350 1.839061 0.669551 1.295915
1.000000 0.000000 1.000000 2.000000 1.392254 0.763041 1.297774 0.611490 0.304273 1.999963 0.722270 0.321665 1.317056 1.061957 1.259488 1.373452 1.062914 1.749583 1.084942 0.473933 0.850956 1.843463 1.981129 1.238863 1.244179 0.320919 0.179595 0.208035 1.537515 1.366524 0.884363 1.562445 1.119877 1.627986 0.169280 1.393566 0.582200 1.570122 1.660589 0.334281 0.827802 0.468079 1.175002 0.892532 1.794082 1.061852 0.387350 1.160939 0.330449 1.704085
2.000000 1.000000 0.000000 1.000000 1.607746 1.763041 0.297774 0.388510 1.304273 0.999963 0.277730 1.321665 1.682944 1.938043 1.740512 0.373452 1.937086 0.749583 1.915058 0.526067 0.149044 1.156537 1.018871 1.761137 0.244179 1.320919 0.820405 0.791965 1.462485 0.366524 0.115637 0.562445 1.880123 1.372014 0.830720 1.606434 0.417800 0.570122 0.660589 0.665719 1.827802 0.531921 1.824998 0.107468 1.205918 0.061852 0.612650 0.160939 1.330449 0.704085
1.000000 2.000000 1.000000 0.000000 0.607746 1.236959 0.702226 1.388510 1.695727 0.000037 1.277730 1.678335 0.682944 0.938043 0.740512 0.626548 0.937086 0.250417 0.915058 1.526067 1.149044 0.156537 0.018871 0.761137 0.755821 1.679081 1.820405 1.791965 0.462485 0.633476 1.115637 0.437555 0.880123 0.372014 1.830720 0.606434 1.417800 0.429878 0.339411 1.665719 1.172198 1.531921 0.824998 1.107468 0.205918 0.938148 1.612650 0.839061 1.669551 0.295915
0.392254 1.392254 1.607746 0.607746 0.000000 0.629212 1.309973 1.996256 1.087981 0.607783 1.885477 1.070588 0.075197 0.330296 0.132766 1.234295 0.329339 0.858164 0.307311 1.866187 1.756790 0.451209 0.588875 0.153391 1.363567 1.071335 1.571849 1.600288 0.145262 1.241222 1.723384 1.045302 0.272376 0.235733 1.561533 0.001312 1.974454 1.037624 0.947157 1.726535 0.564451 1.860332 0.217251 1.715214 0.401828 1.545894 1.779603 1.446807 1.061804 0.903661
0.236959 0.763041 1.763041 1.236959 0.629212 0.000000 1.939185 1.374532 0.458769 1.236995 1.485311 0.441376 0.554015 0.298916 0.496446 1.863507 0.299873 1.487376 0.321901 1.236975 1.613998 1.080422 1.218088 0.475822 1.992779 0.442122 0.942637 0.971076 0.774474 1.870434 1.647404 1.674514 0.356836 0.864945 0.932321 0.630524 1.345242 1.666836 1.576369 1.097323 0.064761 1.231120 0.411961 1.655574 1.031040 1.824894 1.150391 1.923981 0.432592 1.532873
1.702226 1.297774 0.297774 0.702226 1.309973 1.939185 0.000000 0.686284 1.602047 0.702189 0.575504 1.619439 1.385170 1.640269 1.442738 0.075678 1.639312 0.451809 1.617284 0.823841 0.446818 0.858763 0.721097 1.463363 0.053595 1.618693 1.118179 1.089739 1.164711 0.068750 0.413411 0.264671 1.582349 1.074240 1.128494 1.308660 0.715573 0.272349 0.362816 0.963492 1.874424 0.829695 1.527224 0.405241 0.908144 0.235922 0.910424 0.136834 1.628223 0.406312
1.611490 0.611490 0.388510 1.388510 1.996256 1.374532 0.686284 0.000000 0.915763 1.388473 0.110779 0.933155 1.928546 1.673447 1.870978 0.761961 1.674404 1.138093 1.696432 0.137557 0.239466 1.545047 1.407381 1.850353 0.632689 0.932409 0.431895 0.403455 1.850994 0.755034 0.272873 0.950954 1.731368 1.760524 0.442210 1.994944 0.029290 0.958632 1.049099 0.277209 1.439293 0.143411 1.786493 0.281042 1.594428 0.450362 0.224140 0.549449 0.941940 1.092595
0.695727 0.304273 1.304273 1.695727 1.087981 0.458769 1.602047 0.915763 0.000000 1.695764 1.026542 0.017392 1.012783 0.757684 0.955215 1.677724 0.758641 1.946144 0.780669 0.778206 1.155229 1.539190 1.676856 0.934590 1.548452 0.016646 0.483868 0.512308 1.233243 1.670797 1.188636 1.866717 0.815605 1.323713 0.473553 1.089293 0.886473 1.874395 1.964862 0.638554 0.523530 0.772352 0.870730 1.196805 1.489809 1.366125 0.691623 1.465212 0.026177 1.991642
1.000037 1.999963 0.999963 0.000037 0.607783 1.236995 0.702189 1.388473 1.695764 0.000000 1.277694 1.678372 0.682981 0.938080 0.740549 0.626512 0.937123 0.250380 0.915095 1.526030 1.149007 0.156574 0.018908 0.761174 0.755784 1.679118 1.820368 1.791928 0.462522 0.633439 1.115600 0.437518 0.880159 0.372051 1.830683 0.606471 1.417763 0.429841 0.339374 1.665682 1.172234 1.531884 0.825034 1.107431 0.205955 0.938111 1.612613 0.839024 1.669587 0.295878
1.722270 0.722270 0.277730 1.277730 1.885477 1.485311 0.575504 0.110779 1.026542 1.277694 0.000000 1.043935 1.960674 1.784227 1.981757 0.651182 1.785184 1.027313 1.807212 0.248336 0.128687 1.434267 1.296601 1.961133 0.521910 1.043189 0.542674 0.514235 1.740215 0.644255 0.162093 0.840175 1.842147 1.649744 0.552990 1.884164 0.140069 0.847853 0.938320 0.387988 1.550072 0.254191 1.897272 0.170263 1.483649 0.339583 0.334920 0.438670 1.052719 0.981816
0.678335 0.321665 1.321665 1.678335 1.070588 0.441376 1.619439 0.933155 0.017392 1.678372 1.043935 0.000000 0.995391 0.740292 0.937823 1.695117 0.741249 1.928752 0.763277 0.795598 1.172621 1.521798 1.659464 0.917198 1.565844 0.000746 0.501260 0.529700 1.215850 1.688189 1.206028 1.884110 0.798212 1.306321 0.490945 1.071901 0.903865 1.891787 1.982255 0.655947 0.506137 0.789744 0.853337 1.214197 1.472417 1.383517 0.709015 1.482604 0.008784 1.974250
0.317056 1.317056 1.682944 0.682944 0.075197 0.554015 1.385170 1.928546 1.012783 0.682981 1.960674 0.995391 0.000000 0.255099 0.057568 1.309492 0.254142 0.933361 0.232114 1.790989 1.831988 0.526407 0.664073 0.078193 1.438765 0.996137 1.496651 1.525091 0.220459 1.316420 1.798581 1.120499 0.197179 0.310930 1.486336 0.076510 1.899256 1.112822 1.022354 1.651338 0.489254 1.785135 0.142054 1.790411 0.477026 1.621092 1.704406 1.522004 0.986607 0.978858
0.061957 1.061957 1.938043 0.938043 0.330296 0.298916 1.640269 1.673447 0.757684 0.938080 1.784227 0.740292 0.255099 0.000000 0.197531 1.564591 0.000957 1.188460 0.022985 1.535890 1.912913 0.781506 0.919172 0.176906 1.693864 0.741038 1.241552 1.269992 0.475558 1.571519 1.946320 1.375598 0.057920 0.566029 1.231237 0.331609 1.644157 1.367921 1.277453 1.396239 0.234155 1.530036 0.113045 1.954490 0.732125 1.876191 1.449307 1.777103 0.731508 1.233957
0.259488 1.259488 1.740512 0.740512 0.132766 0.496446 1.442738 1.870978 0.955215 0.740549 1.981757 0.937823 0.057568 0.197531 0.000000 1.367061 0.196574 0.990929 0.174546 1.733421 1.889556 0.583975 0.721641 0.020625 1.496333 0.938569 1.439083 1.467523 0.278028 1.373988 1.856149 1.178068 0.139610 0.368498 1.428768 0.134078 1.841688 1.170390 1.079923 1.593769 0.431685 1.727567 0.084485 1.847980 0.534594 1.678660 1.646838 1.579573 0.929038 1.036427
1.626548 1.373452 0.373452 0.626548 1.234295 1.863507 0.075678 0.761961 1.677724 0.626512 0.651182 1.695117 1.309492 1.564591 1.367061 0.000000 1.563634 0.376131 1.541606 0.899518 0.522495 0.783086 0.645420 1.387686 0.129272 1.694371 1.193856 1.165417 1.089033 0.006927 0.489089 0.188993 1.506671 0.998562 1.204172 1.232983 0.791251 0.196671 0.287138 1.039170 1.798746 0.905373 1.451546 0.480919 0.832467 0.311599 0.986102 0.212512 1.703901 0.330634
0.062914 1.062914 1.937086 0.937086 0.329339 0.299873 1.639312 1.674404 0.758641 0.937123 1.785184 0.741249 0.254142 0.000957 0.196574 1.563634 0.000000 1.187503 0.022028 1.536847 1.913870 0.780549 0.918215 0.175949 1.692907 0.741995 1.242509 1.270949 0.474601 1.570562 1.947277 1.374641 0.056963 0.565072 1.232194 0.330652 1.645114 1.366964 1.276497 1.397196 0.235112 1.530993 0.112088 1.955446 0.731168 1.875234 1.450264 1.776147 0.732465 1.233001
1.250417 1.749583 0.749583 0.250417 0.858164 1.487376 0.451809 1.138093 1.946144 0.250380 1.027313 1.928752 0.933361 1.188460 0.990929 0.376131 1.187503 0.000000 1.165475 1.275649 0.898626 0.406954 0.269288 1.011554 0.505403 1.929498 1.569988 1.541548 0.712902 0.383059 0.865220 0.187138 1.130540 0.622431 1.580303 0.856851 1.167382 0.179460 0.088993 1.415301 1.422615 1.281504 1.075415 0.857050 0.456335 0.687731 1.362233 0.588643 1.919968 0.045497
0.084942 1.084942 1.915058 0.915058 0.307311 0.321901 1.617284 1.696432 0.780669 0.915095 1.807212 0.763277 0.232114 0.022985 0.174546 1.541606 0.022028 1.165475 0.000000 1.558875 1.935898 0.758521 0.896187 0.153921 1.670879 0.764023 1.264537 1.292977 0.452573 1.548534 1.969305 1.352613 0.034935 0.543044 1.254222 0.308624 1.667142 1.344936 1.254468 1.419224 0.257140 1.553021 0.090060 1.977475 0.709140 1.853206 1.472292 1.754118 0.754493 1.210972
1.473933 0.473933 0.526067 1.526067 1.866187 1.236975 0.823841 0.137557 0.778206 1.526030 0.248336 0.795598 1.790989 1.535890 1.733421 0.899518 1.536847 1.275649 1.558875 0.000000 0.377023 1.682604 1.544938 1.712796 0.770246 0.794852 0.294338 0.265898 1.988551 0.892591 0.410429 1.088511 1.593811 1.898081 0.304654 1.867499 0.108267 1.096189 1.186656 0.139652 1.301736 0.005855 1.648936 0.418599 1.731985 0.587919 0.086583 0.687006 0.804383 1.230152
1.850956 0.850956 0.149044 1.149044 1.756790 1.613998 0.446818 0.239466 1.155229 1.149007 0.128687 1.172621 1.831988 1.912913 1.889556 0.522495 1.913870 0.898626 1.935898 0.377023 0.000000 1.305581 1.167915 1.910181 0.393223 1.171875 0.671361 0.642921 1.611528 0.515568 0.033406 0.711488 1.970834 1.521058 0.681676 1.755478 0.268756 0.719166 0.809633 0.516675 1.678759 0.382878 1.974041 0.041576 1.354962 0.210896 0.463606 0.309983 1.181406 0.853129
0.843463 1.843463 1.156537 0.156537 0.451209 1.080422 0.858763 1.545047 1.539190 0.156574 1.434267 1.521798 0.526407 0.781506 0.583975 0.783086 0.780549 0.406954 0.758521 1.682604 1.305581 0.000000 0.137666 0.604600 0.912358 1.522544 1.976942 1.948502 0.305948 0.790013 1.272174 0.594092 0.723585 0.215477 1.987257 0.449897 1.574337 0.586415 0.495948 1.822256 1.015661 1.688458 0.668461 1.264005 0.049381 1.094685 1.769187 0.995598 1.513013 0.452452
0.981129 1.981129 1.018871 0.018871 0.588875 1.218088 0.721097 1.407381 1.676856 0.018908 1.296601 1.659464 0.664073 0.919172 0.721641 0.645420 0.918215 0.269288 0.896187 1.544938 1.167915 0.137666 0.000000 0.742266 0.774692 1.660210 1.839276 1.810836 0.443614 0.652347 1.134508 0.456426 0.861251 0.353143 1.849591 0.587563 1.436671 0.448749 0.358282 1.684590 1.153327 1.550792 0.806127 1.126339 0.187047 0.957019 1.631521 0.857932 1.650679 0.314786
0.238863 1.238863 1.761137 0.761137 0.153391 0.475822 1.463363 1.850353 0.934590 0.761174 1.961133 0.917198 0.078193 0.176906 0.020625 1.387686 0.175949 1.011554 0.153921 1.712796 1.910181 0.604600 0.742266 0.000000 1.516958 0.917944 1.418458 1.446898 0.298652 1.394613 1.876774 1.198692 0.118985 0.389123 1.408143 0.154703 1.821063 1.191015 1.100548 1.573144 0.411061 1.706942 0.063861 1.868605 0.555219 1.699285 1.626213 1.600198 0.908413 1.057052
1.755821 1.244179 0.244179 0.755821 1.363567 1.992779 0.053595 0.632689 1.548452 0.755784 0.521910 1.565844 1.438765 1.693864 1.496333 0.129272 1.692907 0.505403 1.670879 0.770246 0.393223 0.912358 0.774692 1.516958 0.000000 1.565098 1.064584 1.036144 1.218305 0.122345 0.359817 0.318265 1.635943 1.127834 1.074900 1.362255 0.661979 0.325943 0.416410 0.909898 1.928018 0.776101 1.580818 0.351647 0.961739 0.182327 0.856830 0.083240 1.574629 0.459906
0.679081 0.320919 1.320919 1.679081 1.071335 0.442122 1.618693 0.932409 0.016646 1.679118 1.043189 0.000746 0.996137 0.741038 0.938569 1.694371 0.741995 1.929498 0.764023 0.794852 1.171875 1.522544 1.660210 0.917944 1.565098 0.000000 0.500514 0.528954 1.216596 1.687443 1.205282 1.883364 0.798958 1.307067 0.490199 1.072647 0.903119 1.891041 1.981508 0.655201 0.506883 0.788998 0.854083 1.213451 1.473163 1.382771 0.708269 1.481858 0.009530 1.974996
1.179595 0.179595 0.820405 1.820405 1.571849 0.942637 1.118179 0.431895 0.483868 1.820368 0.542674 0.501260 1.496651 1.241552 1.439083 1.193856 1.242509 1.569988 1.264537 0.294338 0.671361 1.976942 1.839276 1.418458 1.064584 0.500514 0.000000 0.028440 1.717110 1.186929 0.704768 1.382850 1.299473 1.807581 0.010315 1.573161 0.402605 1.390527 1.480994 0.154686 1.007398 0.288484 1.354598 0.712937 1.973677 0.882257 0.207755 0.981344 0.510045 1.524490
1.208035 0.208035 0.791965 1.791965 1.600288 0.971076 1.089739 0.403455 0.512308 1.791928 0.514235 0.529700 1.525091 1.269992 1.467523 1.165417 1.270949 1.541548 1.292977 0.265898 0.642921 1.948502 1.810836 1.446898 1.036144 0.528954 0.028440 0.000000 1.745550 1.158489 0.676328 1.354410 1.327912 1.836021 0.038755 1.601601 0.374166 1.362088 1.452555 0.126247 1.035837 0.260044 1.383037 0.684498 1.997883 0.853817 0.179315 0.952905 0.538484 1.496051
0.537515 1.537515 1.462485 0.462485 0.145262 0.774474 1.164711 1.850994 1.233243 0.462522 1.740215 1.215850 0.220459 0.475558 0.278028 1.089033 0.474601 0.712902 0.452573 1.988551 1.611528 0.305948 0.443614 0.298652 1.218305 1.216596 1.717110 1.745550 0.000000 1.095960 1.578122 0.900040 0.417638 0.090471 1.706795 0.143949 1.880284 0.892362 0.801895 1.871797 0.709713 1.994406 0.362513 1.569952 0.256567 1.400633 1.924865 1.301545 1.207066 0.758399
1.633476 1.366524 0.366524 0.633476 1.241222 1.870434 0.068750 0.755034 1.670797 0.633439 0.644255 1.688189 1.316420 1.571519 1.373988 0.006927 1.570562 0.383059 1.548534 0.892591 0.515568 0.790013 0.652347 1.394613 0.122345 1.687443 1.186929 1.158489 1.095960 0.000000 0.482161 0.195920 1.513598 1.005490 1.197244 1.239910 0.784324 0.203598 0.294065 1.032243 1.805673 0.898445 1.458473 0.473992 0.839394 0.304672 0.979174 0.205585 1.696974 0.337561
1.884363 0.884363 0.115637 1.115637 1.723384 1.647404 0.413411 0.272873 1.188636 1.115600 0.162093 1.206028 1.798581 1.946320 1.856149 0.489089 1.947277 0.865220 1.969305 0.410429 0.033406 1.272174 1.134508 1.876774 0.359817 1.205282 0.704768 0.676328 1.578122 0.482161 0.000000 0.678082 1.995760 1.487651 0.715083 1.722071 0.302162 0.685760 0.776227 0.550081 1.712165 0.416284 1.940635 0.008170 1.321555 0.177489 0.497013 0.276577 1.214812 0.819723
1.437555 1.562445 0.562445 0.437555 1.045302 1.674514 0.264671 0.950954 1.866717 0.437518 0.840175 1.884110 1.120499 1.375598 1.178068 0.188993 1.374641 0.187138 1.352613 1.088511 0.711488 0.594092 0.456426 1.198692 0.318265 1.883364 1.382850 1.354410 0.900040 0.195920 0.678082 0.000000 1.317678 0.809569 1.393165 1.043989 0.980244 0.007678 0.098145 1.228163 1.609753 1.094366 1.262553 0.669912 0.643473 0.500592 1.175095 0.401505 1.892894 0.141641
0.119877 1.119877 1.880123 0.880123 0.272376 0.356836 1.582349 1.731368 0.815605 0.880159 1.842147 0.798212 0.197179 0.057920 0.139610 1.506671 0.056963 1.130540 0.034935 1.593811 1.970834 0.723585 0.861251 0.118985 1.635943 0.798958 1.299473 1.327912 0.417638 1.513598 1.995760 1.317678 0.000000 0.508109 1.289157 0.273688 1.702078 1.310000 1.219533 1.454159 0.292075 1.587956 0.055125 1.987590 0.674204 1.818270 1.507227 1.719183 0.789428 1.176037
0.627986 1.627986 1.372014 0.372014 0.235733 0.864945 1.074240 1.760524 1.323713 0.372051 1.649744 1.306321 0.310930 0.566029 0.368498 0.998562 0.565072 0.622431 0.543044 1.898081 1.521058 0.215477 0.353143 0.389123 1.127834 1.307067 1.807581 1.836021 0.090471 1.005490 1.487651 0.809569 0.508109 0.000000 1.797266 0.234420 1.789813 0.801891 0.711424 1.962268 0.800184 1.903935 0.452984 1.479481 0.166096 1.310162 1.984664 1.211074 1.297537 0.667928
1.169280 0.169280 0.830720 1.830720 1.561533 0.932321 1.128494 0.442210 0.473553 1.830683 0.552990 0.490945 1.486336 1.231237 1.428768 1.204172 1.232194 1.580303 1.254222 0.304654 0.681676 1.987257 1.849591 1.408143 1.074900 0.490199 0.010315 0.038755 1.706795 1.197244 0.715083 1.393165 1.289157 1.797266 0.000000 1.562846 0.412921 1.400843 1.491310 0.165002 0.997082 0.298799 1.344282 0.723253 1.963362 0.892572 0.218070 0.991660 0.499729 1.534806
0.393566 1.393566 1.606434 0.606434 0.001312 0.630524 1.308660 1.994944 1.089293 0.606471 1.884164 1.071901 0.076510 0.331609 0.134078 1.232983 0.330652 0.856851 0.308624 1.867499 1.755478 0.449897 0.587563 0.154703 1.362255 1.072647 1.573161 1.601601 0.143949 1.239910 1.722071 1.043989 0.273688 0.234420 1.562846 0.000000 1.975766 1.036312 0.945845 1.727847 0.565763 1.861645 0.218564 1.713902 0.400516 1.544582 1.780916 1.445495 1.063116 0.902349
1.582200 0.582200 0.417800 1.417800 1.974454 1.345242 0.715573 0.029290 0.886473 1.417763 0.140069 0.903865 1.899256 1.644157 1.841688 0.791251 1.645114 1.167382 1.667142 0.108267 0.268756 1.574337 1.436671 1.821063 0.661979 0.903119 0.402605 0.374166 1.880284 0.784324 0.302162 0.980244 1.702078 1.789813 0.412921 1.975766 0.000000 0.987922 1.078389 0.247919 1.410003 0.114122 1.757203 0.310332 1.623718 0.479652 0.194851 0.578739 0.912650 1.121885
1.429878 1.570122 0.570122 0.429878 1.037624 1.666836 0.272349 0.958632 1.874395 0.429841 0.847853 1.891787 1.112822 1.367921 1.170390 0.196671 1.366964 0.179460 1.344936 1.096189 0.719166 0.586415 0.448749 1.191015 0.325943 1.891041 1.390527 1.362088 0.892362 0.203598 0.685760 0.007678 1.310000 0.801891 1.400843 1.036312 0.987922 0.000000 0.090467 1.235841 1.602075 1.102044 1.254875 0.677590 0.635796 0.508270 1.182773 0.409183 1.900572 0.133963
1.339411 1.660589 0.660589 0.339411 0.947157 1.576369 0.362816 1.049099 1.964862 0.339374 0.938320 1.982255 1.022354 1.277453 1.079923 0.287138 1.276497 0.088993 1.254468 1.186656 0.809633 0.495948 0.358282 1.100548 0.416410 1.981508 1.480994 1.452555 0.801895 0.294065 0.776227 0.098145 1.219533 0.711424 1.491310 0.945845 1.078389 0.090467 0.000000 1.326308 1.511608 1.192511 1.164408 0.768057 0.545329 0.598737 1.273240 0.499650 1.991039 0.043496
1.334281 0.334281 0.665719 1.665719 1.726535 1.097323 0.963492 0.277209 0.638554 1.665682 0.387988 0.655947 1.651338 1.396239 1.593769 1.039170 1.397196 1.415301 1.419224 0.139652 0.516675 1.822256 1.684590 1.573144 0.909898 0.655201 0.154686 0.126247 1.871797 1.032243 0.550081 1.228163 1.454159 1.962268 0.165002 1.727847 0.247919 1.235841 1.326308 0.000000 1.162084 0.133797 1.509284 0.558251 1.871637 0.727571 0.053068 0.826658 0.664731 1.369804
0.172198 0.827802 1.827802 1.172198 0.564451 0.064761 1.874424 1.439293 0.523530 1.172234 1.550072 0.506137 0.489254 0.234155 0.431685 1.798746 0.235112 1.422615 0.257140 1.301736 1.678759 1.015661 1.153327 0.411061 1.928018 0.506883 1.007398 1.035837 0.709713 1.805673 1.712165 1.609753 0.292075 0.800184 0.997082 0.565763 1.410003 1.602075 1.511608 1.162084 0.000000 1.295881 0.347200 1.720335 0.966279 1.889655 1.215152 1.988742 0.497353 1.468112
1.468079 0.468079 0.531921 1.531921 1.860332 1.231120 0.829695 0.143411 0.772352 1.531884 0.254191 0.789744 1.785135 1.530036 1.727567 0.905373 1.530993 1.281504 1.553021 0.005855 0.382878 1.688458 1.550792 1.706942 0.776101 0.788998 0.288484 0.260044 1.994406 0.898445 0.416284 1.094366 1.587956 1.903935 0.298799 1.861645 0.114122 1.102044 1.192511 0.133797 1.295881 0.000000 1.643081 0.424454 1.737839 0.593773 0.080729 0.692861 0.798528 1.236007
0.175002 1.175002 1.824998 0.824998 0.217251 0.411961 1.527224 1.786493 0.870730 0.825034 1.897272 0.853337 0.142054 0.113045 0.084485 1.451546 0.112088 1.075415 0.090060 1.648936 1.974041 0.668461 0.806127 0.063861 1.580818 0.854083 1.354598 1.383037 0.362513 1.458473 1.940635 1.262553 0.055125 0.452984 1.344282 0.218564 1.757203 1.254875 1.164408 1.509284 0.347200 1.643081 0.000000 1.932465 0.619079 1.763145 1.562352 1.664058 0.844553 1.120912
1.892532 0.892532 0.107468 1.107468 1.715214 1.655574 0.405241 0.281042 1.196805 1.107431 0.170263 1.214197 1.790411 1.954490 1.847980 0.480919 1.955446 0.857050 1.977475 0.418599 0.041576 1.264005 1.126339 1.868605 0.351647 1.213451 0.712937 0.684498 1.569952 0.473992 0.008170 0.669912 1.987590 1.479481 0.723253 1.713902 0.310332 0.677590 0.768057 0.558251 1.720335 0.424454 1.932465 0.000000 1.313386 0.169320 0.505183 0.268407 1.222982 0.811553
0.794082 1.794082 1.205918 0.205918 0.401828 1.031040 0.908144 1.594428 1.489809 0.205955 1.483649 1.472417 0.477026 0.732125 0.534594 0.832467 0.731168 0.456335 0.709140 1.731985 1.354962 0.049381 0.187047 0.555219 0.961739 1.473163 1.973677 1.997883 0.256567 0.839394 1.321555 0.643473 0.674204 0.166096 1.963362 0.400516 1.623718 0.635796 0.545329 1.871637 0.966279 1.737839 0.619079 1.313386 0.000000 1.144066 1.818568 1.044979 1.463632 0.501833
1.938148 1.061852 0.061852 0.938148 1.545894 1.824894 0.235922 0.450362 1.366125 0.938111 0.339583 1.383517 1.621092 1.876191 1.678660 0.311599 1.875234 0.687731 1.853206 0.587919 0.210896 1.094685 0.957019 1.699285 0.182327 1.382771 0.882257 0.853817 1.400633 0.304672 0.177489 0.500592 1.818270 1.310162 0.892572 1.544582 0.479652 0.508270 0.598737 0.727571 1.889655 0.593773 1.763145 0.169320 1.144066 0.000000 0.674502 0.099087 1.392302 0.642233
1.387350 0.387350 0.612650 1.612650 1.779603 1.150391 0.910424 0.224140 0.691623 1.612613 0.334920 0.709015 1.704406 1.449307 1.646838 0.986102 1.450264 1.362233 1.472292 0.086583 0.463606 1.769187 1.631521 1.626213 0.856830 0.708269 0.207755 0.179315 1.924865 0.979174 0.497013 1.175095 1.507227 1.984664 0.218070 1.780916 0.194851 1.182773 1.273240 0.053068 1.215152 0.080729 1.562352 0.505183 1.818568 0.674502 0.000000 0.773590 0.717799 1.316736
1.839061 1.160939 0.160939 0.839061 1.446807 1.923981 0.136834 0.549449 1.465212 0.839024 0.438670 1.482604 1.522004 1.777103 1.579573 0.212512 1.776147 0.588643 1.754118 0.687006 0.309983 0.995598 0.857932 1.600198 0.083240 1.481858 0.981344 0.952905 1.301545 0.205585 0.276577 0.401505 1.719183 1.211074 0.991660 1.445495 0.578739 0.409183 0.499650 0.826658 1.988742 0.692861 1.664058 0.268407 1.044979 0.099087 0.773590 0.000000 1.491389 0.543146
0.669551 0.330449 1.330449 1.669551 1.061804 0.432592 1.628223 0.941940 0.026177 1.669587 1.052719 0.008784 0.986607 0.731508 0.929038 1.703901 0.732465 1.919968 0.754493 0.804383 1.181406 1.513013 1.650679 0.908413 1.574629 0.009530 0.510045 0.538484 1.207066 1.696974 1.214812 1.892894 0.789428 1.297537 0.499729 1.063116 0.912650 1.900572 1.991039 0.664731 0.497353 0.798528 0.844553 1.222982 1.463632 1.392302 0.717799 1.491389 0.000000 1.965465
1.295915 1.704085 0.704085 0.295915 0.903661 1.532873 0.406312 1.092595 1.991642 0.295878 0.981816 1.974250 0.978858 1.233957 1.036427 0.330634 1.233001 0.045497 1.210972 1.230152 0.853129 0.452452 0.314786 1.057052 0.459906 1.974996 1.524490 1.496051 0.758399 0.337561 0.819723 0.141641 1.176037 0.667928 1.534806 0.902349 1.121885 0.133963 0.043496 1.369804 1.468112 1.236007 1.120912 0.811553 0.501833 0.642233 1.316736 0.543146 1.965465 0.000000
