30
0.000000 1.000000 2.000000 1.000000 1.390369 1.240131 1.287526 0.321325 1.855092 1.240457 1.808318 0.788053 0.778536 1.023740 0.880986 0.339235 0.968120 0.810628 1.458364 0.119009 1.981959 1.095353 1.422450 1.442160 0.425645 1.044367 1.095815 0.427617 0.137628 0.561671
1.000000 0.000000 1.000000 2.000000 0.390369 0.240131 1.712474 0.678675 1.144908 1.759543 1.191682 1.788053 1.778536 1.976260 0.119014 0.660765 1.968120 1.810628 1.541636 1.119009 1.018041 1.904647 1.577550 0.442160 1.425645 0.044367 1.904185 0.572383 1.137628 1.561671
2.000000 1.000000 0.000000 1.000000 0.609631 0.759869 0.712474 1.678675 0.144908 0.759543 0.191682 1.211947 1.221464 0.976260 1.119014 1.660765 1.031880 1.189372 0.541636 1.880991 0.018041 0.904647 0.577550 0.557840 1.574355 0.955633 0.904185 1.572383 1.862372 1.438329
1.000000 2.000000 1.000000 0.000000 1.609631 1.759869 0.287526 1.321325 0.855092 0.240457 0.808318 0.211947 0.221464 0.023740 1.880986 1.339235 0.031880 0.189372 0.458364 0.880991 0.981959 0.095353 0.422450 1.557840 0.574355 1.955633 0.095815 1.427617 0.862372 0.438329
1.390369 0.390369 0.609631 1.609631 0.000000 0.150238 1.322105 1.069044 0.754539 1.369174 0.801314 1.821579 1.831096 1.585892 0.509383 1.051134 1.641511 1.799003 1.151268 1.509377 0.627673 1.514278 1.187181 0.051791 1.816014 0.346002 1.513816 0.962751 1.527997 1.952040
1.240131 0.240131 0.759869 1.759869 0.150238 0.000000 1.472343 0.918806 0.904777 1.519412 0.951551 1.971816 1.981334 1.736129 0.359145 0.900896 1.791749 1.949241 1.301506 1.359140 0.777910 1.664516 1.337419 0.202029 1.665776 0.195764 1.664054 0.812514 1.377759 1.801802
1.287526 1.712474 0.712474 0.287526 1.322105 1.472343 0.000000 1.608851 0.567566 0.047069 0.520791 0.499473 0.508991 0.263787 1.831488 1.626761 0.319406 0.476898 0.170837 1.168518 0.694432 0.192173 0.134924 1.270314 0.861881 1.668107 0.191711 1.715144 1.149898 0.725855
0.321325 0.678675 1.678675 1.321325 1.069044 0.918806 1.608851 0.000000 1.823583 1.561782 1.870357 1.109378 1.099861 1.345065 0.559661 0.017910 1.289445 1.131953 1.779689 0.440334 1.696716 1.416678 1.743775 1.120835 0.746970 0.723042 1.417140 0.106292 0.458953 0.882996
1.855092 1.144908 0.144908 0.855092 0.754539 0.904777 0.567566 1.823583 0.000000 0.614635 0.046775 1.067040 1.076557 0.831353 1.263922 1.805672 0.886972 1.044464 0.396729 1.736084 0.126866 0.759739 0.432642 0.702748 1.429447 1.100541 0.759277 1.717290 1.717464 1.293421
1.240457 1.759543 0.759543 0.240457 1.369174 1.519412 0.047069 1.561782 0.614635 0.000000 0.567861 0.452404 0.461922 0.216718 1.878557 1.579692 0.272337 0.429829 0.217906 1.121449 0.741501 0.145104 0.181993 1.317383 0.814812 1.715176 0.144642 1.668075 1.102829 0.678786
1.808318 1.191682 0.191682 0.808318 0.801314 0.951551 0.520791 1.870357 0.046775 0.567861 0.000000 1.020265 1.029782 0.784578 1.310696 1.852447 0.840198 0.997690 0.349954 1.689309 0.173641 0.712964 0.385868 0.749523 1.382673 1.147316 0.712503 1.764065 1.670690 1.246647
0.788053 1.788053 1.211947 0.211947 1.821579 1.971816 0.499473 1.109378 1.067040 0.452404 1.020265 0.000000 0.009517 0.235687 1.669039 1.127288 0.180067 0.022575 0.670311 0.669044 1.193906 0.307301 0.634397 1.769788 0.362408 1.832419 0.307762 1.215670 0.650425 0.226382
0.778536 1.778536 1.221464 0.221464 1.831096 1.981334 0.508991 1.099861 1.076557 0.461922 1.029782 0.009517 0.000000 0.245204 1.659522 1.117771 0.189585 0.032092 0.679828 0.659527 1.203423 0.316818 0.643915 1.779305 0.352890 1.822902 0.317280 1.206153 0.640907 0.216864
1.023740 1.976260 0.976260 0.023740 1.585892 1.736129 0.263787 1.345065 0.831353 0.216718 0.784578 0.235687 0.245204 0.000000 1.904726 1.362975 0.055620 0.213112 0.434624 0.904731 0.958219 0.071614 0.398710 1.534101 0.598095 1.931894 0.072075 1.451357 0.886112 0.462069
0.880986 0.119014 1.119014 1.880986 0.509383 0.359145 1.831488 0.559661 1.263922 1.878557 1.310696 1.669039 1.659522 1.904726 0.000000 0.541751 1.849106 1.691614 1.660650 0.999995 1.137055 1.976339 1.696564 0.561174 1.306631 0.163381 1.976801 0.453369 1.018614 1.442657
0.339235 0.660765 1.660765 1.339235 1.051134 0.900896 1.626761 0.017910 1.805672 1.579692 1.852447 1.127288 1.117771 1.362975 0.541751 0.000000 1.307355 1.149863 1.797599 0.458244 1.678806 1.434589 1.761685 1.102924 0.764880 0.705131 1.435050 0.088382 0.476863 0.900906
0.968120 1.968120 1.031880 0.031880 1.641511 1.791749 0.319406 1.289445 0.886972 0.272337 0.840198 0.180067 0.189585 0.055620 1.849106 1.307355 0.000000 0.157492 0.490243 0.849111 1.013839 0.127233 0.454330 1.589720 0.542475 1.987513 0.127695 1.395737 0.830492 0.406449
0.810628 1.810628 1.189372 0.189372 1.799003 1.949241 0.476898 1.131953 1.044464 0.429829 0.997690 0.022575 0.032092 0.213112 1.691614 1.149863 0.157492 0.000000 0.647736 0.691619 1.171331 0.284725 0.611822 1.747212 0.384983 1.854995 0.285187 1.238245 0.673000 0.248957
1.458364 1.541636 0.541636 0.458364 1.151268 1.301506 0.170837 1.779689 0.396729 0.217906 0.349954 0.670311 0.679828 0.434624 1.660650 1.797599 0.490243 0.647736 0.000000 1.339355 0.523595 0.363010 0.035913 1.099477 1.032718 1.497270 0.362548 1.885981 1.320736 0.896692
0.119009 1.119009 1.880991 0.880991 1.509377 1.359140 1.168518 0.440334 1.736084 1.121449 1.689309 0.669044 0.659527 0.904731 0.999995 0.458244 0.849111 0.691619 1.339355 0.000000 1.862950 0.976345 1.303441 1.561168 0.306636 1.163375 0.976806 0.546626 0.018619 0.442662
1.981959 1.018041 0.018041 0.981959 0.627673 0.777910 0.694432 1.696716 0.126866 0.741501 0.173641 1.193906 1.203423 0.958219 1.137055 1.678806 1.013839 1.171331 0.523595 1.862950 0.000000 0.886605 0.559508 0.575882 1.556313 0.973675 0.886144 1.590424 1.844331 1.420288
1.095353 1.904647 0.904647 0.095353 1.514278 1.664516 0.192173 1.416678 0.759739 0.145104 0.712964 0.307301 0.316818 0.071614 1.976339 1.434589 0.127233 0.284725 0.363010 0.976345 0.886605 0.000000 0.327097 1.462487 0.669708 1.860280 0.000462 1.522971 0.957725 0.533682
1.422450 1.577550 0.577550 0.422450 1.187181 1.337419 0.134924 1.743775 0.432642 0.181993 0.385868 0.634397 0.643915 0.398710 1.696564 1.761685 0.454330 0.611822 0.035913 1.303441 0.559508 0.327097 0.000000 1.135390 0.996805 1.533183 0.326635 1.850068 1.284822 0.860779
1.442160 0.442160 0.557840 1.557840 0.051791 0.202029 1.270314 1.120835 0.702748 1.317383 0.749523 1.769788 1.779305 1.534101 0.561174 1.102924 1.589720 1.747212 1.099477 1.561168 0.575882 1.462487 1.135390 0.000000 1.867805 0.397793 1.462025 1.014542 1.579788 1.996169
0.425645 1.425645 1.574355 0.574355 1.816014 1.665776 0.861881 0.746970 1.429447 0.814812 1.382673 0.362408 0.352890 0.598095 1.306631 0.764880 0.542475 0.384983 1.032718 0.306636 1.556313 0.669708 0.996805 1.867805 0.000000 1.470012 0.670170 0.853263 0.288017 0.136026
1.044367 0.044367 0.955633 1.955633 0.346002 0.195764 1.668107 0.723042 1.100541 1.715176 1.147316 1.832419 1.822902 1.931894 0.163381 0.705131 1.987513 1.854995 1.497270 1.163375 0.973675 1.860280 1.533183 0.397793 1.470012 0.000000 1.859818 0.616749 1.181995 1.606038
1.095815 1.904185 0.904185 0.095815 1.513816 1.664054 0.191711 1.417140 0.759277 0.144642 0.712503 0.307762 0.317280 0.072075 1.976801 1.435050 0.127695 0.285187 0.362548 0.976806 0.886144 0.000462 0.326635 1.462025 0.670170 1.859818 0.000000 1.523432 0.958187 0.534144
0.427617 0.572383 1.572383 1.427617 0.962751 0.812514 1.715144 0.106292 1.717290 1.668075 1.764065 1.215670 1.206153 1.451357 0.453369 0.088382 1.395737 1.238245 1.885981 0.546626 1.590424 1.522971 1.850068 1.014542 0.853263 0.616749 1.523432 0.000000 0.565245 0.989289
0.137628 1.137628 1.862372 0.862372 1.527997 1.377759 1.149898 0.458953 1.717464 1.102829 1.670690 0.650425 0.640907 0.886112 1.018614 0.476863 0.830492 0.673000 1.320736 0.018619 1.844331 0.957725 1.284822 1.579788 0.288017 1.181995 0.958187 0.565245 0.000000 0.424043
0.561671 1.561671 1.438329 0.438329 1.952040 1.801802 0.725855 0.882996 1.293421 0.678786 1.246647 0.226382 0.216864 0.462069 1.442657 0.900906 0.406449 0.248957 0.896692 0.442662 1.420288 0.533682 0.860779 1.996169 0.136026 1.606038 0.534144 0.989289 0.424043 0.000000
