20
0.000000 1.000000 2.000000 1.000000 1.623732 0.557765 1.266215 1.498905 0.890498 0.095091 1.150341 0.514193 0.559915 0.852227 0.542237 1.377509 0.949992 1.971898 0.879109 1.033269
1.000000 0.000000 1.000000 2.000000 1.376268 1.557765 1.733785 0.498905 1.890498 0.904909 1.849659 0.485807 0.440085 1.852227 0.457763 1.622491 1.949992 1.028102 0.120891 0.033269
2.000000 1.000000 0.000000 1.000000 0.376268 1.442235 0.733785 0.501095 1.109502 1.904909 0.849659 1.485807 1.440085 1.147773 1.457763 0.622491 1.050008 0.028102 1.120891 0.966731
1.000000 2.000000 1.000000 0.000000 0.623732 0.442235 0.266215 1.501095 0.109502 1.095091 0.150341 1.514193 1.559915 0.147773 1.542237 0.377509 0.050008 0.971898 1.879109 1.966731
1.623732 1.376268 0.376268 0.623732 0.000000 1.065967 0.357517 0.877363 0.733235 1.718823 0.473391 1.862074 1.816352 0.771505 1.834031 0.246223 0.673741 0.348166 1.497158 1.342999
0.557765 1.557765 1.442235 0.442235 1.065967 0.000000 0.708450 1.943331 0.332733 0.652856 0.592576 1.071958 1.117680 0.294462 1.100002 0.819744 0.392227 1.414133 1.436874 1.591034
1.266215 1.733785 0.733785 0.266215 0.357517 0.708450 0.000000 1.234880 0.375718 1.361306 0.115874 1.780409 1.826130 0.413988 1.808452 0.111294 0.316223 0.705683 1.854675 1.700516
1.498905 0.498905 0.501095 1.501095 0.877363 1.943331 1.234880 0.000000 1.610598 1.403813 1.350754 0.984711 0.938989 1.648868 0.956668 1.123586 1.551104 0.529197 0.619795 0.465636
0.890498 1.890498 1.109502 0.109502 0.733235 0.332733 0.375718 1.610598 0.000000 0.985589 0.259844 1.404691 1.450413 0.038270 1.432735 0.487012 0.059494 1.081400 1.769607 1.923766
0.095091 0.904909 1.904909 1.095091 1.718823 0.652856 1.361306 1.403813 0.985589 0.000000 1.245433 0.419102 0.464824 0.947318 0.447146 1.472600 1.045083 1.933011 0.784018 0.938178
1.150341 1.849659 0.849659 0.150341 0.473391 0.592576 0.115874 1.350754 0.259844 1.245433 0.000000 1.664535 1.710257 0.298114 1.692578 0.227168 0.200350 0.821557 1.970549 1.816390
0.514193 0.485807 1.485807 1.514193 1.862074 1.071958 1.780409 0.984711 1.404691 0.419102 1.664535 0.000000 0.045722 1.366421 0.028044 1.891703 1.464185 1.513909 0.364916 0.519075
0.559915 0.440085 1.440085 1.559915 1.816352 1.117680 1.826130 0.938989 1.450413 0.464824 1.710257 0.045722 0.000000 1.412143 0.017678 1.937425 1.509907 1.468187 0.319194 0.473353
0.852227 1.852227 1.147773 0.147773 0.771505 0.294462 0.413988 1.648868 0.038270 0.947318 0.298114 1.366421 1.412143 0.000000 1.394464 0.525282 0.097765 1.119671 1.731337 1.885496
0.542237 0.457763 1.457763 1.542237 1.834031 1.100002 1.808452 0.956668 1.432735 0.447146 1.692578 0.028044 0.017678 1.394464 0.000000 1.919746 1.492229 1.485865 0.336872 0.491032
1.377509 1.622491 0.622491 0.377509 0.246223 0.819744 0.111294 1.123586 0.487012 1.472600 0.227168 1.891703 1.937425 0.525282 1.919746 0.000000 0.427517 0.594389 1.743381 1.589222
0.949992 1.949992 1.050008 0.050008 0.673741 0.392227 0.316223 1.551104 0.059494 1.045083 0.200350 1.464185 1.509907 0.097765 1.492229 0.427517 0.000000 1.021906 1.829101 1.983260
1.971898 1.028102 0.028102 0.971898 0.348166 1.414133 0.705683 0.529197 1.081400 1.933011 0.821557 1.513909 1.468187 1.119671 1.485865 0.594389 1.021906 0.000000 1.148993 0.994833
0.879109 0.120891 1.120891 1.879109 1.497158 1.436874 1.854675 0.619795 1.769607 0.784018 1.970549 0.364916 0.319194 1.731337 0.336872 1.743381 1.829101 1.148993 0.000000 0.154159
1.033269 0.033269 0.966731 1.966731 1.342999 1.591034 1.700516 0.465636 1.923766 0.938178 1.816390 0.519075 0.473353 1.885496 0.491032 1.589222 1.983260 0.994833 0.154159 0.000000
