15
0.000000 1.000000 2.000000 1.000000 0.936279 0.189115 1.483101 0.325209 1.803170 0.988808 1.341073 0.213730 0.357168 1.419339 1.820191
1.000000 0.000000 1.000000 2.000000 0.063721 1.189115 0.483101 0.674791 0.803170 0.011192 1.658927 1.213730 1.357168 0.419339 0.820191
2.000000 1.000000 0.000000 1.000000 1.063721 1.810885 0.516899 1.674791 0.196830 1.011192 0.658927 1.786270 1.642832 0.580661 0.179809
1.000000 2.000000 1.000000 0.000000 1.936279 0.810885 1.516899 1.325209 1.196830 1.988808 0.341073 0.786270 0.642832 1.580661 1.179809
0.936279 0.063721 1.063721 1.936279 0.000000 1.125394 0.546822 0.611070 0.866892 0.052529 1.722649 1.150008 1.293447 0.483061 0.883913
0.189115 1.189115 1.810885 0.810885 1.125394 0.000000 1.672215 0.514324 1.992285 1.177923 1.151958 0.024615 0.168053 1.608454 1.990694
1.483101 0.483101 0.516899 1.516899 0.546822 1.672215 0.000000 1.157892 0.320070 0.494293 1.175827 1.696830 1.840269 0.063761 0.337091
0.325209 0.674791 1.674791 1.325209 0.611070 0.514324 1.157892 0.000000 1.477961 0.663599 1.666282 0.538939 0.682377 1.094130 1.494982
1.803170 0.803170 0.196830 1.196830 0.866892 1.992285 0.320070 1.477961 0.000000 0.814362 0.855757 1.983100 1.839662 0.383831 0.017021
0.988808 0.011192 1.011192 1.988808 0.052529 1.177923 0.494293 0.663599 0.814362 0.000000 1.670119 1.202538 1.345976 0.430531 0.831383
1.341073 1.658927 0.658927 0.341073 1.722649 1.151958 1.175827 1.666282 0.855757 1.670119 0.000000 1.127343 0.983905 1.239588 0.838736
0.213730 1.213730 1.786270 0.786270 1.150008 0.024615 1.696830 0.538939 1.983100 1.202538 1.127343 0.000000 0.143438 1.633069 1.966079
0.357168 1.357168 1.642832 0.642832 1.293447 0.168053 1.840269 0.682377 1.839662 1.345976 0.983905 0.143438 0.000000 1.776507 1.822641
1.419339 0.419339 0.580661 1.580661 0.483061 1.608454 0.063761 1.094130 0.383831 0.430531 1.239588 1.633069 1.776507 0.000000 0.400852
1.820191 0.820191 0.179809 1.179809 0.883913 1.990694 0.337091 1.494982 0.017021 0.831383 0.838736 1.966079 1.822641 0.400852 0.000000
