40
0.000000 1.000000 2.000000 1.000000 0.578255 1.349034 1.600789 0.166310 0.513243 1.918855 1.515743 0.985354 1.964816 1.645884 0.686482 0.687117 1.781494 0.242715 0.518185 1.064474 0.776110 1.569822 1.194273 1.871051 0.594124 1.151575 0.175110 1.723571 0.505959 1.370008 0.482588 0.151596 0.456481 1.019051 1.593441 0.593094 0.992049 1.646635 0.010580 1.308813
1.000000 0.000000 1.000000 2.000000 0.421745 0.349034 1.399211 1.166310 0.486757 0.918855 0.515743 1.985354 1.035184 0.645884 1.686482 0.312883 0.781494 1.242715 0.481815 0.064474 1.776110 1.430178 1.805727 0.871051 0.405876 0.151575 1.175110 0.723571 0.494041 0.370008 1.482588 0.848404 0.543519 1.980949 1.406559 0.406906 1.992049 0.646635 0.989420 1.691187
2.000000 1.000000 0.000000 1.000000 1.421745 0.650966 0.399211 1.833690 1.486757 0.081145 0.484257 1.014646 0.035184 0.354116 1.313518 1.312883 0.218506 1.757285 1.481815 0.935526 1.223890 0.430178 0.805727 0.128949 1.405876 0.848425 1.824890 0.276429 1.494041 0.629992 1.517412 1.848404 1.543519 0.980949 0.406559 1.406906 1.007951 0.353365 1.989420 0.691187
1.000000 2.000000 1.000000 0.000000 1.578255 1.650966 0.600789 0.833690 1.513243 1.081145 1.484257 0.014646 0.964816 1.354116 0.313518 1.687117 1.218506 0.757285 1.518185 1.935526 0.223890 0.569822 0.194273 1.128949 1.594124 1.848425 0.824890 1.276429 1.505959 1.629992 0.517412 1.151596 1.456481 0.019051 0.593441 1.593094 0.007951 1.353365 1.010580 0.308813
0.578255 0.421745 1.421745 1.578255 0.000000 0.770779 1.820956 0.744565 0.065012 1.340600 0.937488 1.563609 1.456929 1.067629 1.264737 0.108862 1.203239 0.820970 0.060070 0.486219 1.354365 1.851923 1.772528 1.292796 0.015869 0.573320 0.753365 1.145316 0.072296 0.791753 1.060843 0.426658 0.121774 1.597305 1.828304 0.014839 1.570304 1.068380 0.567675 1.887068
1.349034 0.349034 0.650966 1.650966 0.770779 0.000000 1.050177 1.515344 0.835792 0.569820 0.166709 1.665612 0.686150 0.296850 1.964484 0.661918 0.432460 1.591749 0.830850 0.284560 1.874855 1.081143 1.456693 0.522017 0.754910 0.197459 1.524144 0.374536 0.843076 0.020974 1.831622 1.197438 0.892553 1.631915 1.057525 0.755940 1.658917 0.297601 1.338454 1.342153
1.600789 1.399211 0.399211 0.600789 1.820956 1.050177 0.000000 1.434480 1.885968 0.480356 0.883468 0.615435 0.364026 0.753327 0.914308 1.712094 0.617717 1.358074 1.881026 1.334737 0.824679 0.030967 0.406516 0.528160 1.805087 1.247636 1.425679 0.675640 1.893252 1.029202 1.118202 1.752386 1.942730 0.581739 0.007348 1.806117 0.608740 0.752576 1.611369 0.291976
0.166310 1.166310 1.833690 0.833690 0.744565 1.515344 1.434480 0.000000 0.679552 1.914836 1.682052 0.819044 1.798506 1.812193 0.520172 0.853426 1.947804 0.076406 0.684494 1.230783 0.609801 1.403513 1.027963 1.962639 0.760434 1.317885 0.008800 1.889880 0.672268 1.536318 0.316278 0.317906 0.622791 0.852741 1.427132 0.759404 0.825740 1.812944 0.176890 1.142504
0.513243 0.486757 1.486757 1.513243 0.065012 0.835792 1.885968 0.679552 0.000000 1.405612 1.002500 1.498596 1.521942 1.132641 1.199724 0.173874 1.268251 0.755958 0.004942 0.551231 1.289353 1.916935 1.707515 1.357809 0.080882 0.638332 0.688352 1.210328 0.007284 0.856766 0.995830 0.361646 0.056761 1.532293 1.893316 0.079851 1.505292 1.133392 0.502663 1.822056
1.918855 0.918855 0.081145 1.081145 1.340600 0.569820 0.480356 1.914836 1.405612 0.000000 0.403112 1.095792 0.116330 0.272971 1.394664 1.231738 0.137361 1.838430 1.400670 0.854381 1.305035 0.511323 0.886873 0.047803 1.324730 0.767280 1.906036 0.195284 1.412896 0.548846 1.598558 1.767258 1.462374 1.062095 0.487704 1.325761 1.089096 0.272220 1.908275 0.772332
1.515743 0.515743 0.484257 1.484257 0.937488 0.166709 0.883468 1.682052 1.002500 0.403112 0.000000 1.498903 0.519442 0.130141 1.797776 0.828626 0.265751 1.758458 0.997558 0.451269 1.708147 0.914435 1.289985 0.355308 0.921619 0.364168 1.690852 0.207828 1.009784 0.145734 1.998330 1.364146 1.059262 1.465207 0.890816 0.922649 1.492208 0.130892 1.505163 1.175444
0.985354 1.985354 1.014646 0.014646 1.563609 1.665612 0.615435 0.819044 1.498596 1.095792 1.498903 0.000000 0.979462 1.368762 0.298872 1.672470 1.233152 0.742639 1.503538 1.950172 0.209243 0.584469 0.208919 1.143595 1.579478 1.863071 0.810244 1.291076 1.491312 1.644638 0.502766 1.136950 1.441835 0.033697 0.608087 1.578448 0.006695 1.368011 0.995934 0.323459
1.964816 1.035184 0.035184 0.964816 1.456929 0.686150 0.364026 1.798506 1.521942 0.116330 0.519442 0.979462 0.000000 0.389301 1.278334 1.348068 0.253690 1.722101 1.517000 0.970710 1.188705 0.394993 0.770543 0.164133 1.441060 0.883609 1.789706 0.311614 1.529226 0.665176 1.482228 1.883588 1.578703 0.945765 0.371374 1.442090 0.972766 0.388550 1.975396 0.656002
1.645884 0.645884 0.354116 1.354116 1.067629 0.296850 0.753327 1.812193 1.132641 0.272971 0.130141 1.368762 0.389301 0.000000 1.667635 0.958767 0.135610 1.888599 1.127699 0.581410 1.578006 0.784294 1.159844 0.225167 1.051760 0.494309 1.820993 0.077687 1.139925 0.275875 1.871529 1.494287 1.189403 1.335066 0.760675 1.052790 1.362067 0.000751 1.635304 1.045303
0.686482 1.686482 1.313518 0.313518 1.264737 1.964484 0.914308 0.520172 1.199724 1.394664 1.797776 0.298872 1.278334 1.667635 0.000000 1.373598 1.532024 0.443767 1.204666 1.750956 0.089629 0.883341 0.507791 1.442467 1.280606 1.838057 0.511372 1.589948 1.192440 1.943510 0.203894 0.838078 1.142963 0.332569 0.906960 1.279576 0.305568 1.666884 0.697062 0.622332
0.687117 0.312883 1.312883 1.687117 0.108862 0.661918 1.712094 0.853426 0.173874 1.231738 0.828626 1.672470 1.348068 0.958767 1.373598 0.000000 1.094377 0.929832 0.168932 0.377357 1.463227 1.743061 1.881389 1.183935 0.092992 0.464458 0.862226 1.036454 0.181158 0.682892 1.169704 0.535520 0.230635 1.706167 1.719442 0.094023 1.679166 0.959518 0.676537 1.995930
1.781494 0.781494 0.218506 1.218506 1.203239 0.432460 0.617717 1.947804 1.268251 0.137361 0.265751 1.233152 0.253690 0.135610 1.532024 1.094377 0.000000 1.975791 1.263309 0.717020 1.442396 0.648684 1.024233 0.089557 1.187370 0.629919 1.956604 0.057923 1.275535 0.411486 1.735918 1.629898 1.325013 1.199455 0.625065 1.188400 1.226457 0.134859 1.770914 0.909693
0.242715 1.242715 1.757285 0.757285 0.820970 1.591749 1.358074 0.076406 0.755958 1.838430 1.758458 0.742639 1.722101 1.888599 0.443767 0.929832 1.975791 0.000000 0.760900 1.307189 0.533395 1.327107 0.951558 1.886234 0.836839 1.394290 0.067605 1.966286 0.748674 1.612723 0.239872 0.394312 0.699196 0.776335 1.350726 0.835809 0.749334 1.889350 0.253295 1.066098
0.518185 0.481815 1.481815 1.518185 0.060070 0.830850 1.881026 0.684494 0.004942 1.400670 0.997558 1.503538 1.517000 1.127699 1.204666 0.168932 1.263309 0.760900 0.000000 0.546289 1.294295 1.911993 1.712457 1.352867 0.075940 0.633390 0.693294 1.205386 0.012226 0.851824 1.000772 0.366588 0.061703 1.537235 1.888374 0.074909 1.510234 1.128450 0.507605 1.826998
1.064474 0.064474 0.935526 1.935526 0.486219 0.284560 1.334737 1.230783 0.551231 0.854381 0.451269 1.950172 0.970710 0.581410 1.750956 0.377357 0.717020 1.307189 0.546289 0.000000 1.840584 1.365704 1.741253 0.806577 0.470350 0.087101 1.239584 0.659097 0.558515 0.305534 1.547061 0.912877 0.607993 1.916476 1.342085 0.471380 1.943477 0.582161 1.053894 1.626713
0.776110 1.776110 1.223890 0.223890 1.354365 1.874855 0.824679 0.609801 1.289353 1.305035 1.708147 0.209243 1.188705 1.578006 0.089629 1.463227 1.442396 0.533395 1.294295 1.840584 0.000000 0.793712 0.418162 1.352838 1.370235 1.927685 0.601001 1.500319 1.282069 1.853881 0.293523 0.927707 1.232592 0.242940 0.817331 1.369204 0.215939 1.577255 0.786691 0.532703
1.569822 1.430178 0.430178 0.569822 1.851923 1.081143 0.030967 1.403513 1.916935 0.511323 0.914435 0.584469 0.394993 0.784294 0.883341 1.743061 0.648684 1.327107 1.911993 1.365704 0.793712 0.000000 0.375550 0.559126 1.836053 1.278603 1.394713 0.706607 1.924219 1.060169 1.087235 1.721419 1.973696 0.550772 0.023619 1.837084 0.577773 0.783543 1.580402 0.261009
1.194273 1.805727 0.805727 0.194273 1.772528 1.456693 0.406516 1.027963 1.707515 0.886873 1.289985 0.208919 0.770543 1.159844 0.507791 1.881389 1.024233 0.951558 1.712457 1.741253 0.418162 0.375550 0.000000 0.934676 1.788397 1.654152 1.019163 1.082157 1.700231 1.435719 0.711685 1.345869 1.650754 0.175222 0.399169 1.787367 0.202224 1.159093 1.204853 0.114540
1.871051 0.871051 0.128949 1.128949 1.292796 0.522017 0.528160 1.962639 1.357809 0.047803 0.355308 1.143595 0.164133 0.225167 1.442467 1.183935 0.089557 1.886234 1.352867 0.806577 1.352838 0.559126 0.934676 0.000000 1.276927 0.719476 1.953839 0.147481 1.365093 0.501043 1.646361 1.719455 1.414570 1.109898 0.535507 1.277957 1.136900 0.224416 1.860471 0.820136
0.594124 0.405876 1.405876 1.594124 0.015869 0.754910 1.805087 0.760434 0.080882 1.324730 0.921619 1.579478 1.441060 1.051760 1.280606 0.092992 1.187370 0.836839 0.075940 0.470350 1.370235 1.836053 1.788397 1.276927 0.000000 0.557451 0.769234 1.129446 0.088166 0.775884 1.076712 0.442528 0.137643 1.613175 1.812434 0.001030 1.586173 1.052511 0.583544 1.902937
1.151575 0.151575 0.848425 1.848425 0.573320 0.197459 1.247636 1.317885 0.638332 0.767280 0.364168 1.863071 0.883609 0.494309 1.838057 0.464458 0.629919 1.394290 0.633390 0.087101 1.927685 1.278603 1.654152 0.719476 0.557451 0.000000 1.326685 0.571996 0.645616 0.218433 1.634163 0.999979 0.695094 1.829374 1.254984 0.558481 1.856376 0.495060 1.140995 1.539612
0.175110 1.175110 1.824890 0.824890 0.753365 1.524144 1.425679 0.008800 0.688352 1.906036 1.690852 0.810244 1.789706 1.820993 0.511372 0.862226 1.956604 0.067605 0.693294 1.239584 0.601001 1.394713 1.019163 1.953839 0.769234 1.326685 0.000000 1.898680 0.681068 1.545118 0.307478 0.326706 0.631591 0.843941 1.418332 0.768204 0.816939 1.821744 0.185690 1.133703
1.723571 0.723571 0.276429 1.276429 1.145316 0.374536 0.675640 1.889880 1.210328 0.195284 0.207828 1.291076 0.311614 0.077687 1.589948 1.036454 0.057923 1.966286 1.205386 0.659097 1.500319 0.706607 1.082157 0.147481 1.129446 0.571996 1.898680 0.000000 1.217612 0.353562 1.793842 1.571974 1.267090 1.257379 0.682988 1.130477 1.284380 0.076936 1.712991 0.967616
0.505959 0.494041 1.494041 1.505959 0.072296 0.843076 1.893252 0.672268 0.007284 1.412896 1.009784 1.491312 1.529226 1.139925 1.192440 0.181158 1.275535 0.748674 0.012226 0.558515 1.282069 1.924219 1.700231 1.365093 0.088166 0.645616 0.681068 1.217612 0.000000 0.864050 0.988546 0.354362 0.049478 1.525009 1.900600 0.087135 1.498008 1.140676 0.495379 1.814772
1.370008 0.370008 0.629992 1.629992 0.791753 0.020974 1.029202 1.536318 0.856766 0.548846 0.145734 1.644638 0.665176 0.275875 1.943510 0.682892 0.411486 1.612723 0.851824 0.305534 1.853881 1.060169 1.435719 0.501043 0.775884 0.218433 1.545118 0.353562 0.864050 0.000000 1.852596 1.218412 0.913527 1.610941 1.036550 0.776914 1.637942 0.276626 1.359428 1.321178
0.482588 1.482588 1.517412 0.517412 1.060843 1.831622 1.118202 0.316278 0.995830 1.598558 1.998330 0.502766 1.482228 1.871529 0.203894 1.169704 1.735918 0.239872 1.000772 1.547061 0.293523 1.087235 0.711685 1.646361 1.076712 1.634163 0.307478 1.793842 0.988546 1.852596 0.000000 0.634184 0.939069 0.536463 1.110854 1.075682 0.509462 1.870778 0.493168 0.826226
0.151596 0.848404 1.848404 1.151596 0.426658 1.197438 1.752386 0.317906 0.361646 1.767258 1.364146 1.136950 1.883588 1.494287 0.838078 0.535520 1.629898 0.394312 0.366588 0.912877 0.927707 1.721419 1.345869 1.719455 0.442528 0.999979 0.326706 1.571974 0.354362 1.218412 0.634184 0.000000 0.304885 1.170647 1.745038 0.441497 1.143646 1.495038 0.141016 1.460410
0.456481 0.543519 1.543519 1.456481 0.121774 0.892553 1.942730 0.622791 0.056761 1.462374 1.059262 1.441835 1.578703 1.189403 1.142963 0.230635 1.325013 0.699196 0.061703 0.607993 1.232592 1.973696 1.650754 1.414570 0.137643 0.695094 0.631591 1.267090 0.049478 0.913527 0.939069 0.304885 0.000000 1.475532 1.950078 0.136613 1.448530 1.190154 0.445901 1.765294
1.019051 1.980949 0.980949 0.019051 1.597305 1.631915 0.581739 0.852741 1.532293 1.062095 1.465207 0.033697 0.945765 1.335066 0.332569 1.706167 1.199455 0.776335 1.537235 1.916476 0.242940 0.550772 0.175222 1.109898 1.613175 1.829374 0.843941 1.257379 1.525009 1.610941 0.536463 1.170647 1.475532 0.000000 0.574391 1.612145 0.027001 1.334315 1.029631 0.289763
1.593441 1.406559 0.406559 0.593441 1.828304 1.057525 0.007348 1.427132 1.893316 0.487704 0.890816 0.608087 0.371374 0.760675 0.906960 1.719442 0.625065 1.350726 1.888374 1.342085 0.817331 0.023619 0.399169 0.535507 1.812434 1.254984 1.418332 0.682988 1.900600 1.036550 1.110854 1.745038 1.950078 0.574391 0.000000 1.813465 0.601392 0.759924 1.604021 0.284628
0.593094 0.406906 1.406906 1.593094 0.014839 0.755940 1.806117 0.759404 0.079851 1.325761 0.922649 1.578448 1.442090 1.052790 1.279576 0.094023 1.188400 0.835809 0.074909 0.471380 1.369204 1.837084 1.787367 1.277957 0.001030 0.558481 0.768204 1.130477 0.087135 0.776914 1.075682 0.441497 0.136613 1.612145 1.813465 0.000000 1.585143 1.053541 0.582514 1.901907
0.992049 1.992049 1.007951 0.007951 1.570304 1.658917 0.608740 0.825740 1.505292 1.089096 1.492208 0.006695 0.972766 1.362067 0.305568 1.679166 1.226457 0.749334 1.510234 1.943477 0.215939 0.577773 0.202224 1.136900 1.586173 1.856376 0.816939 1.284380 1.498008 1.637942 0.509462 1.143646 1.448530 0.027001 0.601392 1.585143 0.000000 1.361316 1.002629 0.316764
1.646635 0.646635 0.353365 1.353365 1.068380 0.297601 0.752576 1.812944 1.133392 0.272220 0.130892 1.368011 0.388550 0.000751 1.666884 0.959518 0.134859 1.889350 1.128450 0.582161 1.577255 0.783543 1.159093 0.224416 1.052511 0.495060 1.821744 0.076936 1.140676 0.276626 1.870778 1.495038 1.190154 1.334315 0.759924 1.053541 1.361316 0.000000 1.636055 1.044552
0.010580 0.989420 1.989420 1.010580 0.567675 1.338454 1.611369 0.176890 0.502663 1.908275 1.505163 0.995934 1.975396 1.635304 0.697062 0.676537 1.770914 0.253295 0.507605 1.053894 0.786691 1.580402 1.204853 1.860471 0.583544 1.140995 0.185690 1.712991 0.495379 1.359428 0.493168 0.141016 0.445901 1.029631 1.604021 0.582514 1.002629 1.636055 0.000000 1.319393
1.308813 1.691187 0.691187 0.308813 1.887068 1.342153 0.291976 1.142504 1.822056 0.772332 1.175444 0.323459 0.656002 1.045303 0.622332 1.995930 0.909693 1.066098 1.826998 1.626713 0.532703 0.261009 0.114540 0.820136 1.902937 1.539612 1.133703 0.967616 1.814772 1.321178 0.826226 1.460410 1.765294 0.289763 0.284628 1.901907 0.316764 1.044552 1.319393 0.000000
