30
0.000000 1.000000 2.000000 1.000000 1.689959 1.458181 0.704397 0.034539 0.206883 1.437964 0.656701 1.340776 1.054749 0.337609 1.621089 0.260904 1.624409 0.133617 1.402318 1.044815 1.628429 0.833797 0.570629 1.623036 1.355640 0.661813 0.344140 1.123146 0.997378 1.629203
1.000000 0.000000 1.000000 2.000000 1.310041 1.541819 0.295603 0.965461 1.206883 0.437964 1.656701 1.659224 1.945251 0.662391 1.378911 0.739096 0.624409 1.133617 1.597682 1.955185 0.628429 1.833797 1.570629 1.376964 1.644360 0.338187 1.344140 0.123146 1.997378 1.370797
2.000000 1.000000 0.000000 1.000000 0.310041 0.541819 1.295603 1.965461 1.793117 0.562036 1.343299 0.659224 0.945251 1.662391 0.378911 1.739096 0.375591 1.866383 0.597682 0.955185 0.371571 1.166203 1.429371 0.376964 0.644360 1.338187 1.655860 0.876854 1.002622 0.370797
1.000000 2.000000 1.000000 0.000000 0.689959 0.458181 1.704397 1.034539 0.793117 1.562036 0.343299 0.340776 0.054749 1.337609 0.621089 1.260904 1.375591 0.866383 0.402318 0.044815 1.371571 0.166203 0.429371 0.623036 0.355640 1.661813 0.655860 1.876854 0.002622 0.629203
1.689959 1.310041 0.310041 0.689959 0.000000 0.231777 1.605644 1.724498 1.483075 0.872078 1.033257 0.349183 0.635210 1.972433 0.068870 1.950863 0.685632 1.556341 0.287640 0.645144 0.681612 0.856161 1.119330 0.066922 0.334319 1.648229 1.345818 1.186896 0.692580 0.060756
1.458181 1.541819 0.541819 0.458181 0.231777 0.000000 1.837421 1.492721 1.251298 1.103855 0.801480 0.117406 0.403433 1.795790 0.162907 1.719086 0.917409 1.324564 0.055863 0.413367 0.913389 0.624384 0.887553 0.164855 0.102542 1.880006 1.114041 1.418673 0.460803 0.171021
0.704397 0.295603 1.295603 1.704397 1.605644 1.837421 0.000000 0.669858 0.911280 0.733566 1.361099 1.954827 1.759146 0.366789 1.674514 0.443493 0.920012 0.838014 1.893284 1.749212 0.924032 1.538194 1.275026 1.672566 1.939963 0.042584 1.048538 0.418749 1.701775 1.666400
0.034539 0.965461 1.965461 1.034539 1.724498 1.492721 0.669858 0.000000 0.241422 1.403424 0.691240 1.375315 1.089288 0.303070 1.655628 0.226365 1.589870 0.168156 1.436858 1.079354 1.593890 0.868336 0.605168 1.657576 1.390179 0.627274 0.378679 1.088607 1.031917 1.663742
0.206883 1.206883 1.793117 0.793117 1.483075 1.251298 0.911280 0.241422 0.000000 1.644847 0.449818 1.133893 0.847866 0.544492 1.414205 0.467787 1.831293 0.073266 1.195435 0.837932 1.835312 0.626914 0.363746 1.416153 1.148757 0.868696 0.137257 1.330029 0.790495 1.422320
1.437964 0.437964 0.562036 1.562036 0.872078 1.103855 0.733566 1.403424 1.644847 0.000000 1.905335 1.221261 1.507288 1.100355 0.940948 1.177059 0.186446 1.571581 1.159718 1.517222 0.190466 1.728239 1.991408 0.939000 1.206397 0.776151 1.782104 0.314818 1.564658 0.932834
0.656701 1.656701 1.343299 0.343299 1.033257 0.801480 1.361099 0.691240 0.449818 1.905335 0.000000 0.684075 0.398047 0.994310 0.964387 0.917606 1.718889 0.523084 0.745617 0.388114 1.714870 0.177096 0.086073 0.966335 0.698938 1.318514 0.312561 1.779847 0.340677 0.972501
1.340776 1.659224 0.659224 0.340776 0.349183 0.117406 1.954827 1.375315 1.133893 1.221261 0.684075 0.000000 0.286027 1.678385 0.280313 1.601680 1.034815 1.207159 0.061543 0.295961 1.030795 0.506979 0.770147 0.282261 0.014864 1.997411 0.996636 1.536078 0.343398 0.288427
1.054749 1.945251 0.945251 0.054749 0.635210 0.403433 1.759146 1.089288 0.847866 1.507288 0.398047 0.286027 0.000000 1.392357 0.566340 1.315653 1.320842 0.921132 0.347570 0.009934 1.316822 0.220951 0.484120 0.568288 0.300891 1.716562 0.710608 1.822106 0.057371 0.574454
0.337609 0.662391 1.662391 1.337609 1.972433 1.795790 0.366789 0.303070 0.544492 1.100355 0.994310 1.678385 1.392357 0.000000 1.958697 0.076704 1.286801 0.471226 1.739927 1.382424 1.290820 1.171406 0.908237 1.960645 1.693248 0.324204 0.681749 0.785537 1.334987 1.966811
1.621089 1.378911 0.378911 0.621089 0.068870 0.162907 1.674514 1.655628 1.414205 0.940948 0.964387 0.280313 0.566340 1.958697 0.000000 1.881993 0.754502 1.487472 0.218770 0.576274 0.750482 0.787291 1.050460 0.001948 0.265449 1.717098 1.276948 1.255766 0.623711 0.008114
0.260904 0.739096 1.739096 1.260904 1.950863 1.719086 0.443493 0.226365 0.467787 1.177059 0.917606 1.601680 1.315653 0.076704 1.881993 0.000000 1.363505 0.394521 1.663223 1.305719 1.367525 1.094702 0.831533 1.883941 1.616544 0.400909 0.605045 0.862241 1.258282 1.890107
1.624409 0.624409 0.375591 1.375591 0.685632 0.917409 0.920012 1.589870 1.831293 0.186446 1.718889 1.034815 1.320842 1.286801 0.754502 1.363505 0.000000 1.758027 0.973272 1.330776 0.004020 1.541793 1.804962 0.752554 1.019951 0.962597 1.968550 0.501264 1.378213 0.746388
0.133617 1.133617 1.866383 0.866383 1.556341 1.324564 0.838014 0.168156 0.073266 1.571581 0.523084 1.207159 0.921132 0.471226 1.487472 0.394521 1.758027 0.000000 1.268701 0.911198 1.762046 0.700180 0.437012 1.489419 1.222023 0.795430 0.210523 1.256763 0.863761 1.495586
1.402318 1.597682 0.597682 0.402318 0.287640 0.055863 1.893284 1.436858 1.195435 1.159718 0.745617 0.061543 0.347570 1.739927 0.218770 1.663223 0.973272 1.268701 0.000000 0.357503 0.969253 0.568521 0.831690 0.220718 0.046679 1.935869 1.058178 1.474536 0.404940 0.226884
1.044815 1.955185 0.955185 0.044815 0.645144 0.413367 1.749212 1.079354 0.837932 1.517222 0.388114 0.295961 0.009934 1.382424 0.576274 1.305719 1.330776 0.911198 0.357503 0.000000 1.326756 0.211018 0.474186 0.578222 0.310825 1.706628 0.700675 1.832039 0.047437 0.584388
1.628429 0.628429 0.371571 1.371571 0.681612 0.913389 0.924032 1.593890 1.835312 0.190466 1.714870 1.030795 1.316822 1.290820 0.750482 1.367525 0.004020 1.762046 0.969253 1.326756 0.000000 1.537774 1.800942 0.748534 1.015931 0.966616 1.972569 0.505283 1.374193 0.742368
0.833797 1.833797 1.166203 0.166203 0.856161 0.624384 1.538194 0.868336 0.626914 1.728239 0.177096 0.506979 0.220951 1.171406 0.787291 1.094702 1.541793 0.700180 0.568521 0.211018 1.537774 0.000000 0.263169 0.789239 0.521842 1.495610 0.489657 1.956943 0.163581 0.795406
0.570629 1.570629 1.429371 0.429371 1.119330 0.887553 1.275026 0.605168 0.363746 1.991408 0.086073 0.770147 0.484120 0.908237 1.050460 0.831533 1.804962 0.437012 0.831690 0.474186 1.800942 0.263169 0.000000 1.052408 0.785011 1.232442 0.226488 1.693774 0.426749 1.058574
1.623036 1.376964 0.376964 0.623036 0.066922 0.164855 1.672566 1.657576 1.416153 0.939000 0.966335 0.282261 0.568288 1.960645 0.001948 1.883941 0.752554 1.489419 0.220718 0.578222 0.748534 0.789239 1.052408 0.000000 0.267397 1.715151 1.278896 1.253818 0.625658 0.006166
1.355640 1.644360 0.644360 0.355640 0.334319 0.102542 1.939963 1.390179 1.148757 1.206397 0.698938 0.014864 0.300891 1.693248 0.265449 1.616544 1.019951 1.222023 0.046679 0.310825 1.015931 0.521842 0.785011 0.267397 0.000000 1.982547 1.011499 1.521215 0.358262 0.273563
0.661813 0.338187 1.338187 1.661813 1.648229 1.880006 0.042584 0.627274 0.868696 0.776151 1.318514 1.997411 1.716562 0.324204 1.717098 0.400909 0.962597 0.795430 1.935869 1.706628 0.966616 1.495610 1.232442 1.715151 1.982547 0.000000 1.005953 0.461333 1.659191 1.708984
0.344140 1.344140 1.655860 0.655860 1.345818 1.114041 1.048538 0.378679 0.137257 1.782104 0.312561 0.996636 0.710608 0.681749 1.276948 0.605045 1.968550 0.210523 1.058178 0.700675 1.972569 0.489657 0.226488 1.278896 1.011499 1.005953 0.000000 1.467286 0.653238 1.285062
1.123146 0.123146 0.876854 1.876854 1.186896 1.418673 0.418749 1.088607 1.330029 0.314818 1.779847 1.536078 1.822106 0.785537 1.255766 0.862241 0.501264 1.256763 1.474536 1.832039 0.505283 1.956943 1.693774 1.253818 1.521215 0.461333 1.467286 0.000000 1.879476 1.247652
0.997378 1.997378 1.002622 0.002622 0.692580 0.460803 1.701775 1.031917 0.790495 1.564658 0.340677 0.343398 0.057371 1.334987 0.623711 1.258282 1.378213 0.863761 0.404940 0.047437 1.374193 0.163581 0.426749 0.625658 0.358262 1.659191 0.653238 1.879476 0.000000 0.631825
1.629203 1.370797 0.370797 0.629203 0.060756 0.171021 1.666400 1.663742 1.422320 0.932834 0.972501 0.288427 0.574454 1.966811 0.008114 1.890107 0.746388 1.495586 0.226884 0.584388 0.742368 0.795406 1.058574 0.006166 0.273563 1.708984 1.285062 1.247652 0.631825 0.000000
