40
0.000000 1.000000 2.000000 1.000000 0.080065 1.105140 1.905310 1.357818 1.452386 1.921772 1.816319 0.026714 0.364386 0.676250 1.298992 0.534377 0.717162 1.476404 0.512623 0.227730 1.397615 1.848151 1.113754 0.300882 1.359115 0.628184 1.763655 0.208209 0.143431 1.273516 1.993994 1.367182 1.755336 0.552377 1.415465 1.320107 1.503091 0.271930 1.123064 1.430329
1.000000 0.000000 1.000000 2.000000 0.919935 0.105140 0.905310 0.357818 1.547614 1.078228 1.183681 0.973286 1.364386 0.323750 0.298992 1.534377 1.717162 0.476404 0.487377 1.227730 0.397615 1.151849 0.113754 0.699118 0.359115 1.628184 1.236345 0.791791 1.143431 0.273516 1.006006 1.632818 0.755336 1.552377 0.415465 0.320107 1.496909 1.271930 0.123064 1.569671
2.000000 1.000000 0.000000 1.000000 1.919935 0.894860 0.094690 0.642182 0.547614 0.078228 0.183681 1.973286 1.635614 1.323750 0.701008 1.465623 1.282838 0.523596 1.487377 1.772270 0.602385 0.151849 0.886246 1.699118 0.640885 1.371816 0.236345 1.791791 1.856569 0.726484 0.006006 0.632818 0.244664 1.447623 0.584535 0.679893 0.496909 1.728070 0.876936 0.569671
1.000000 2.000000 1.000000 0.000000 1.080065 1.894860 1.094690 1.642182 0.452386 0.921772 0.816319 1.026714 0.635614 1.676250 1.701008 0.465623 0.282838 1.523596 1.512623 0.772270 1.602385 0.848151 1.886246 1.300882 1.640885 0.371816 0.763655 1.208209 0.856569 1.726484 0.993994 0.367182 1.244664 0.447623 1.584535 1.679893 0.503091 0.728070 1.876936 0.430329
0.080065 0.919935 1.919935 1.080065 0.000000 1.025075 1.825244 1.277753 1.532451 1.998163 1.896385 0.053351 0.444451 0.596185 1.218927 0.614442 0.797228 1.396339 0.432558 0.307795 1.317549 1.928217 1.033689 0.220817 1.279050 0.708250 1.843720 0.128144 0.223496 1.193451 1.925940 1.447248 1.675271 0.632442 1.335400 1.240042 1.583156 0.351996 1.042998 1.510394
1.105140 0.105140 0.894860 1.894860 1.025075 0.000000 0.800169 0.252678 1.442474 0.973088 1.078541 1.078426 1.469526 0.428890 0.193852 1.639517 1.822303 0.371264 0.592517 1.332870 0.292474 1.046708 0.008614 0.804258 0.253975 1.733324 1.131205 0.896931 1.248571 0.168376 0.900865 1.527678 0.650196 1.657517 0.310325 0.214967 1.391769 1.377070 0.017923 1.464531
1.905310 0.905310 0.094690 1.094690 1.825244 0.800169 0.000000 0.547492 0.642304 0.172919 0.278371 1.878596 1.730304 1.229060 0.606318 1.560314 1.377528 0.428906 1.392686 1.866961 0.507695 0.246539 0.791556 1.604427 0.546195 1.466506 0.331036 1.697100 1.951260 0.631793 0.100696 0.727508 0.149974 1.542313 0.489844 0.585202 0.591599 1.822760 0.782246 0.664361
1.357818 0.357818 0.642182 1.642182 1.277753 0.252678 0.547492 0.000000 1.189796 0.720410 0.825863 1.331104 1.722204 0.681568 0.058826 1.892195 1.925020 0.118586 0.845194 1.585548 0.039797 0.794031 0.244064 1.056936 0.001297 1.986002 0.878528 1.149609 1.501249 0.084302 0.648188 1.275000 0.397518 1.910195 0.057648 0.037710 1.139091 1.629748 0.234754 1.211853
1.452386 1.547614 0.547614 0.452386 1.532451 1.442474 0.642304 1.189796 0.000000 0.469386 0.363933 1.479100 1.088000 1.871364 1.248622 0.918009 0.735223 1.071210 1.965009 1.224656 1.149999 0.395765 1.433860 1.753268 1.188499 0.824202 0.311269 1.660595 1.308955 1.274098 0.541608 0.085204 0.792278 0.900009 1.132149 1.227507 0.050705 1.180456 1.424551 0.022057
1.921772 1.078228 0.078228 0.921772 1.998163 0.973088 0.172919 0.720410 0.469386 0.000000 0.105453 1.948486 1.557386 1.401978 0.779236 1.387395 1.204609 0.601824 1.565605 1.694042 0.680614 0.073620 0.964474 1.777346 0.719113 1.293588 0.158117 1.870019 1.778341 0.804712 0.072222 0.554590 0.322892 1.369395 0.662763 0.758121 0.418681 1.649842 0.955165 0.491443
1.816319 1.183681 0.183681 0.816319 1.896385 1.078541 0.278371 0.825863 0.363933 0.105453 0.000000 1.843033 1.451933 1.507431 0.884689 1.281943 1.099157 0.707277 1.671057 1.588589 0.786066 0.031832 1.069927 1.882798 0.824566 1.188135 0.052665 1.975471 1.672889 0.910164 0.177675 0.449137 0.428345 1.263942 0.768215 0.863573 0.313228 1.544389 1.060617 0.385990
0.026714 0.973286 1.973286 1.026714 0.053351 1.078426 1.878596 1.331104 1.479100 1.948486 1.843033 0.000000 0.391100 0.649536 1.272278 0.561091 0.743876 1.449690 0.485910 0.254444 1.370901 1.874865 1.087040 0.274168 1.332401 0.654898 1.790368 0.181495 0.170145 1.246802 1.979292 1.393896 1.728622 0.579091 1.388752 1.293393 1.529805 0.298644 1.096350 1.457043
0.364386 1.364386 1.635614 0.635614 0.444451 1.469526 1.730304 1.722204 1.088000 1.557386 1.451933 0.391100 0.000000 1.040636 1.663378 0.169991 0.352776 1.840790 0.877010 0.136656 1.762001 1.483765 1.478140 0.665268 1.723501 0.263798 1.399268 0.572595 0.220955 1.637902 1.629608 1.002796 1.880278 0.187991 1.779852 1.684493 1.138705 0.092456 1.487450 1.065943
0.676250 0.323750 1.323750 1.676250 0.596185 0.428890 1.229060 0.681568 1.871364 1.401978 1.507431 0.649536 1.040636 0.000000 0.622742 1.210627 1.393413 0.800154 0.163627 0.903980 0.721365 1.475599 0.437504 0.375368 0.682865 1.304434 1.560095 0.468041 0.819681 0.597266 1.329756 1.956568 1.079086 1.228627 0.739215 0.643857 1.820659 0.948180 0.446813 1.893421
1.298992 0.298992 0.701008 1.701008 1.218927 0.193852 0.606318 0.058826 1.248622 0.779236 0.884689 1.272278 1.663378 0.622742 0.000000 1.833369 1.983846 0.177412 0.786368 1.526722 0.098623 0.852857 0.185238 0.998110 0.060123 1.927176 0.937354 1.090783 1.442423 0.025475 0.707014 1.333826 0.456344 1.851369 0.116474 0.021116 1.197917 1.570922 0.175928 1.270679
0.534377 1.534377 1.465623 0.465623 0.614442 1.639517 1.560314 1.892195 0.918009 1.387395 1.281943 0.561091 0.169991 1.210627 1.833369 0.000000 0.182786 1.989219 1.047000 0.306647 1.931991 1.313775 1.648130 0.835259 1.893492 0.093808 1.229278 0.742586 0.390946 1.807893 1.459618 0.832806 1.710287 0.018000 1.949842 1.854484 0.968714 0.262446 1.657440 0.895952
0.717162 1.717162 1.282838 0.282838 0.797228 1.822303 1.377528 1.925020 0.735223 1.204609 1.099157 0.743876 0.352776 1.393413 1.983846 0.182786 0.000000 1.806434 1.229786 0.489433 1.885223 1.130989 1.830916 1.018045 1.923723 0.088978 1.046492 0.925372 0.573732 1.990679 1.276832 0.650020 1.527501 0.164785 1.867372 1.962730 0.785929 0.445232 1.840226 0.713167
1.476404 0.476404 0.523596 1.523596 1.396339 0.371264 0.428906 0.118586 1.071210 0.601824 0.707277 1.449690 1.840790 0.800154 0.177412 1.989219 1.806434 0.000000 0.963780 1.704134 0.078789 0.675445 0.362650 1.175522 0.117289 1.895412 0.759942 1.268195 1.619835 0.202888 0.529602 1.156414 0.278932 1.971219 0.060939 0.156297 1.020505 1.748334 0.353340 1.093267
0.512623 0.487377 1.487377 1.512623 0.432558 0.592517 1.392686 0.845194 1.965009 1.565605 1.671057 0.485910 0.877010 0.163627 0.786368 1.047000 1.229786 0.963780 0.000000 0.740353 0.884991 1.639225 0.601130 0.211741 0.846491 1.140808 1.723722 0.304414 0.656054 0.760893 1.493382 1.879806 1.242713 1.065001 0.902842 0.807484 1.984285 0.784554 0.610440 1.942953
0.227730 1.227730 1.772270 0.772270 0.307795 1.332870 1.866961 1.585548 1.224656 1.694042 1.588589 0.254444 0.136656 0.903980 1.526722 0.306647 0.489433 1.704134 0.740353 0.000000 1.625344 1.620422 1.341484 0.528612 1.586845 0.400454 1.535925 0.435939 0.084299 1.501246 1.766264 1.139452 1.983066 0.324647 1.643195 1.547837 1.275361 0.044200 1.350793 1.202599
1.397615 0.397615 0.602385 1.602385 1.317549 0.292474 0.507695 0.039797 1.149999 0.680614 0.786066 1.370901 1.762001 0.721365 0.098623 1.931991 1.885223 0.078789 0.884991 1.625344 0.000000 0.754234 0.283861 1.096732 0.038500 1.974201 0.838731 1.189405 1.541045 0.124098 0.608391 1.235203 0.357721 1.949992 0.017851 0.077507 1.099294 1.669545 0.274551 1.172056
1.848151 1.151849 0.151849 0.848151 1.928217 1.046708 0.246539 0.794031 0.395765 0.073620 0.031832 1.874865 1.483765 1.475599 0.852857 1.313775 1.130989 0.675445 1.639225 1.620422 0.754234 0.000000 1.038095 1.850966 0.792734 1.219967 0.084497 1.943639 1.704721 0.878332 0.145843 0.480969 0.396513 1.295774 0.736383 0.831741 0.345060 1.576221 1.028785 0.417822
1.113754 0.113754 0.886246 1.886246 1.033689 0.008614 0.791556 0.244064 1.433860 0.964474 1.069927 1.087040 1.478140 0.437504 0.185238 1.648130 1.830916 0.362650 0.601130 1.341484 0.283861 1.038095 0.000000 0.812872 0.245361 1.741938 1.122592 0.905544 1.257184 0.159763 0.892252 1.519064 0.641582 1.666131 0.301712 0.206354 1.383155 1.385684 0.009310 1.455917
0.300882 0.699118 1.699118 1.300882 0.220817 0.804258 1.604427 1.056936 1.753268 1.777346 1.882798 0.274168 0.665268 0.375368 0.998110 0.835259 1.018045 1.175522 0.211741 0.528612 1.096732 1.850966 0.812872 0.000000 1.058233 0.929067 1.935463 0.092673 0.444313 0.972634 1.705123 1.668065 1.454454 0.853259 1.114583 1.019225 1.803973 0.572813 0.822181 1.731211
1.359115 0.359115 0.640885 1.640885 1.279050 0.253975 0.546195 0.001297 1.188499 0.719113 0.824566 1.332401 1.723501 0.682865 0.060123 1.893492 1.923723 0.117289 0.846491 1.586845 0.038500 0.792734 0.245361 1.058233 0.000000 1.987299 0.877231 1.150906 1.502546 0.085598 0.646891 1.273703 0.396221 1.911492 0.056351 0.039007 1.137794 1.631045 0.236051 1.210556
0.628184 1.628184 1.371816 0.371816 0.708250 1.733324 1.466506 1.986002 0.824202 1.293588 1.188135 0.654898 0.263798 1.304434 1.927176 0.093808 0.088978 1.895412 1.140808 0.400454 1.974201 1.219967 1.741938 0.929067 1.987299 0.000000 1.135470 0.836394 0.484754 1.901701 1.365810 0.738998 1.616480 0.075807 1.956350 1.948292 0.874907 0.356254 1.751248 0.802145
1.763655 1.236345 0.236345 0.763655 1.843720 1.131205 0.331036 0.878528 0.311269 0.158117 0.052665 1.790368 1.399268 1.560095 0.937354 1.229278 1.046492 0.759942 1.723722 1.535925 0.838731 0.084497 1.122592 1.935463 0.877231 1.135470 0.000000 1.971864 1.620224 0.962829 0.230340 0.396472 0.481009 1.211277 0.820880 0.916238 0.260563 1.491724 1.113282 0.333325
0.208209 0.791791 1.791791 1.208209 0.128144 0.896931 1.697100 1.149609 1.660595 1.870019 1.975471 0.181495 0.572595 0.468041 1.090783 0.742586 0.925372 1.268195 0.304414 0.435939 1.189405 1.943639 0.905544 0.092673 1.150906 0.836394 1.971864 0.000000 0.351640 1.065307 1.797796 1.575392 1.547127 0.760586 1.207256 1.111898 1.711300 0.480140 0.914854 1.638538
0.143431 1.143431 1.856569 0.856569 0.223496 1.248571 1.951260 1.501249 1.308955 1.778341 1.672889 0.170145 0.220955 0.819681 1.442423 0.390946 0.573732 1.619835 0.656054 0.084299 1.541045 1.704721 1.257184 0.444313 1.502546 0.484754 1.620224 0.351640 0.000000 1.416947 1.850564 1.223752 1.898767 0.408946 1.558896 1.463538 1.359660 0.128500 1.266494 1.286898
1.273516 0.273516 0.726484 1.726484 1.193451 0.168376 0.631793 0.084302 1.274098 0.804712 0.910164 1.246802 1.637902 0.597266 0.025475 1.807893 1.990679 0.202888 0.760893 1.501246 0.124098 0.878332 0.159763 0.972634 0.085598 1.901701 0.962829 1.065307 1.416947 0.000000 0.732489 1.359301 0.481820 1.825893 0.141949 0.046591 1.223392 1.545447 0.150453 1.296154
1.993994 1.006006 0.006006 0.993994 1.925940 0.900865 0.100696 0.648188 0.541608 0.072222 0.177675 1.979292 1.629608 1.329756 0.707014 1.459618 1.276832 0.529602 1.493382 1.766264 0.608391 0.145843 0.892252 1.705123 0.646891 1.365810 0.230340 1.797796 1.850564 0.732489 0.000000 0.626812 0.250670 1.441617 0.590540 0.685898 0.490903 1.722064 0.882942 0.563665
1.367182 1.632818 0.632818 0.367182 1.447248 1.527678 0.727508 1.275000 0.085204 0.554590 0.449137 1.393896 1.002796 1.956568 1.333826 0.832806 0.650020 1.156414 1.879806 1.139452 1.235203 0.480969 1.519064 1.668065 1.273703 0.738998 0.396472 1.575392 1.223752 1.359301 0.626812 0.000000 0.877482 0.814805 1.217352 1.312710 0.135909 1.095252 1.509754 0.063147
1.755336 0.755336 0.244664 1.244664 1.675271 0.650196 0.149974 0.397518 0.792278 0.322892 0.428345 1.728622 1.880278 1.079086 0.456344 1.710287 1.527501 0.278932 1.242713 1.983066 0.357721 0.396513 0.641582 1.454454 0.396221 1.616480 0.481009 1.547127 1.898767 0.481820 0.250670 0.877482 0.000000 1.692287 0.339871 0.435229 0.741573 1.972734 0.632273 0.814335
0.552377 1.552377 1.447623 0.447623 0.632442 1.657517 1.542313 1.910195 0.900009 1.369395 1.263942 0.579091 0.187991 1.228627 1.851369 0.018000 0.164785 1.971219 1.065001 0.324647 1.949992 1.295774 1.666131 0.853259 1.911492 0.075807 1.211277 0.760586 0.408946 1.825893 1.441617 0.814805 1.692287 0.000000 1.967843 1.872484 0.950714 0.280447 1.675441 0.877952
1.415465 0.415465 0.584535 1.584535 1.335400 0.310325 0.489844 0.057648 1.132149 0.662763 0.768215 1.388752 1.779852 0.739215 0.116474 1.949842 1.867372 0.060939 0.902842 1.643195 0.017851 0.736383 0.301712 1.114583 0.056351 1.956350 0.820880 1.207256 1.558896 0.141949 0.590540 1.217352 0.339871 1.967843 0.000000 0.095358 1.081443 1.687396 0.292402 1.154205
1.320107 0.320107 0.679893 1.679893 1.240042 0.214967 0.585202 0.037710 1.227507 0.758121 0.863573 1.293393 1.684493 0.643857 0.021116 1.854484 1.962730 0.156297 0.807484 1.547837 0.077507 0.831741 0.206354 1.019225 0.039007 1.948292 0.916238 1.111898 1.463538 0.046591 0.685898 1.312710 0.435229 1.872484 0.095358 0.000000 1.176801 1.592038 0.197044 1.249563
1.503091 1.496909 0.496909 0.503091 1.583156 1.391769 0.591599 1.139091 0.050705 0.418681 0.313228 1.529805 1.138705 1.820659 1.197917 0.968714 0.785929 1.020505 1.984285 1.275361 1.099294 0.345060 1.383155 1.803973 1.137794 0.874907 0.260563 1.711300 1.359660 1.223392 0.490903 0.135909 0.741573 0.950714 1.081443 1.176801 0.000000 1.231161 1.373845 0.072762
0.271930 1.271930 1.728070 0.728070 0.351996 1.377070 1.822760 1.629748 1.180456 1.649842 1.544389 0.298644 0.092456 0.948180 1.570922 0.262446 0.445232 1.748334 0.784554 0.044200 1.669545 1.576221 1.385684 0.572813 1.631045 0.356254 1.491724 0.480140 0.128500 1.545447 1.722064 1.095252 1.972734 0.280447 1.687396 1.592038 1.231161 0.000000 1.394994 1.158399
1.123064 0.123064 0.876936 1.876936 1.042998 0.017923 0.782246 0.234754 1.424551 0.955165 1.060617 1.096350 1.487450 0.446813 0.175928 1.657440 1.840226 0.353340 0.610440 1.350793 0.274551 1.028785 0.009310 0.822181 0.236051 1.751248 1.113282 0.914854 1.266494 0.150453 0.882942 1.509754 0.632273 1.675441 0.292402 0.197044 1.373845 1.394994 0.000000 1.446607
1.430329 1.569671 0.569671 0.430329 1.510394 1.464531 0.664361 1.211853 0.022057 0.491443 0.385990 1.457043 1.065943 1.893421 1.270679 0.895952 0.713167 1.093267 1.942953 1.202599 1.172056 0.417822 1.455917 1.731211 1.210556 0.802145 0.333325 1.638538 1.286898 1.296154 0.563665 0.063147 0.814335 0.877952 1.154205 1.249563 0.072762 1.158399 1.446607 0.000000
