50
0.000000 1.000000 2.000000 1.000000 0.800229 0.976588 1.496445 0.684917 1.286165 1.525864 0.699587 1.175020 1.027478 0.473328 0.495154 0.561356 0.489518 1.333760 0.932172 1.940466 0.071914 0.273694 0.871989 0.217887 1.445509 1.350026 0.205531 1.686083 0.793187 0.918267 0.035010 1.122835 1.188602 1.797450 0.317601 0.679845 1.311611 0.479232 1.480746 0.419133 1.885974 0.306888 0.463817 0.425928 0.631969 1.576699 1.258411 0.322827 1.368466 0.717659
1.000000 0.000000 1.000000 2.000000 1.800229 1.976588 1.503555 0.315083 1.713835 1.474136 1.699587 1.824980 1.972522 1.473328 1.495154 1.561356 0.510482 1.666240 0.067828 0.940466 1.071914 0.726306 0.128011 1.217887 1.554491 0.350026 1.205531 1.313917 0.206813 0.081733 1.035010 0.122835 1.811398 0.797450 0.682399 0.320155 1.688389 0.520768 1.519254 1.419133 1.114026 1.306888 0.536183 0.574072 1.631969 0.576699 1.741589 1.322827 1.631534 0.282341
2.000000 1.000000 0.000000 1.000000 1.199771 1.023412 0.503555 1.315083 0.713835 0.474136 1.300413 0.824980 0.972522 1.526672 1.504846 1.438644 1.510482 0.666240 1.067828 0.059534 1.928086 1.726306 1.128011 1.782113 0.554491 0.649974 1.794469 0.313917 1.206813 1.081733 1.964990 0.877165 0.811398 0.202550 1.682399 1.320155 0.688389 1.520768 0.519254 1.580867 0.114026 1.693112 1.536183 1.574072 1.368031 0.423301 0.741589 1.677173 0.631534 1.282341
1.000000 2.000000 1.000000 0.000000 0.199771 0.023412 0.496445 1.684917 0.286165 0.525864 0.300413 0.175020 0.027478 0.526672 0.504846 0.438644 1.489518 0.333760 1.932172 1.059534 0.928086 1.273694 1.871989 0.782113 0.445509 1.649974 0.794469 0.686083 1.793187 1.918267 0.964990 1.877165 0.188602 1.202550 1.317601 1.679845 0.311611 1.479232 0.480746 0.580867 0.885974 0.693112 1.463817 1.425928 0.368031 1.423301 0.258411 0.677173 0.368466 1.717659
0.800229 1.800229 1.199771 0.199771 0.000000 0.176359 0.696216 1.485147 0.485936 0.725634 0.100642 0.374791 0.227248 0.326901 0.305075 0.238874 1.289747 0.533531 1.732401 1.259305 0.728315 1.073924 1.672218 0.582343 0.645280 1.849745 0.594699 0.885853 1.593417 1.718496 0.765220 1.923064 0.388372 1.402321 1.117831 1.480074 0.511382 1.279461 0.680517 0.381096 1.085745 0.493341 1.264046 1.226157 0.168261 1.623072 0.458182 0.477402 0.568236 1.517888
0.976588 1.976588 1.023412 0.023412 0.176359 0.000000 0.519857 1.661506 0.309577 0.549275 0.277001 0.198432 0.050889 0.503260 0.481434 0.415233 1.466106 0.357172 1.908760 1.082946 0.904674 1.250283 1.848577 0.758702 0.468921 1.673386 0.771058 0.709494 1.769776 1.894855 0.941579 1.900577 0.212013 1.225962 1.294190 1.656433 0.335023 1.455820 0.504158 0.557455 0.909386 0.669700 1.440405 1.402516 0.344620 1.446713 0.281823 0.653761 0.391877 1.694247
1.496445 1.503555 0.503555 0.496445 0.696216 0.519857 0.000000 1.818637 0.210280 0.029419 0.796858 0.321425 0.468968 1.023117 1.001291 0.935089 1.985963 0.162685 1.571383 0.563089 1.424531 1.770139 1.631566 1.278559 0.050936 1.153529 1.290914 0.189638 1.710368 1.585288 1.461435 1.380720 0.307843 0.706105 1.814046 1.823710 0.184834 1.975677 0.015699 1.077312 0.389529 1.189557 1.960262 1.922373 0.864476 0.926856 0.238034 1.173618 0.127979 1.785896
0.684917 0.315083 1.315083 1.684917 1.485147 1.661506 1.818637 0.000000 1.971083 1.789219 1.384505 1.859938 1.712395 1.158245 1.180072 1.246273 0.195399 1.981322 0.247254 1.255548 0.756831 0.411223 0.187071 0.902804 1.869573 0.665109 0.890448 1.629000 0.108270 0.233349 0.719927 0.437917 1.873519 1.112532 0.367316 0.005072 1.996528 0.205685 1.834337 1.104051 1.429108 0.991806 0.221100 0.258989 1.316886 0.891782 1.943328 1.007745 1.946617 0.032742
1.286165 1.713835 0.713835 0.286165 0.485936 0.309577 0.210280 1.971083 0.000000 0.239698 0.586578 0.111145 0.258688 0.812837 0.791011 0.724810 1.775684 0.047595 1.781663 0.773369 1.214251 1.559860 1.841846 1.068279 0.159344 1.363809 1.080635 0.399917 1.920647 1.795568 1.251156 1.591000 0.097564 0.916385 1.603767 1.966011 0.025446 1.765398 0.194580 0.867032 0.599809 0.979277 1.749982 1.712093 0.654197 1.137135 0.027755 0.963338 0.082300 1.996176
1.525864 1.474136 0.474136 0.525864 0.725634 0.549275 0.029419 1.789219 0.239698 0.000000 0.826276 0.350843 0.498386 1.052536 1.030709 0.964508 1.984618 0.192103 1.541964 0.533671 1.453950 1.799558 1.602147 1.307977 0.080354 1.124110 1.320333 0.160219 1.680949 1.555869 1.490854 1.351301 0.337262 0.676687 1.843465 1.794291 0.214253 1.994904 0.045118 1.106730 0.360111 1.218976 1.989681 1.951792 0.893895 0.897437 0.267453 1.203036 0.157398 1.756477
0.699587 1.699587 1.300413 0.300413 0.100642 0.277001 0.796858 1.384505 0.586578 0.826276 0.000000 0.475433 0.327890 0.226259 0.204433 0.138232 1.189106 0.634173 1.631759 1.359947 0.627673 0.973282 1.571576 0.481701 0.745922 1.950387 0.494057 0.986495 1.492775 1.617854 0.664578 1.822422 0.489014 1.502963 1.017189 1.379432 0.612024 1.178820 0.781158 0.280454 1.186387 0.392699 1.163404 1.125515 0.067619 1.723714 0.558824 0.376760 0.668878 1.417246
1.175020 1.824980 0.824980 0.175020 0.374791 0.198432 0.321425 1.859938 0.111145 0.350843 0.475433 0.000000 0.147543 0.701693 0.679866 0.613665 1.664539 0.158740 1.892808 0.884514 1.103107 1.448715 1.952991 0.957134 0.270489 1.474954 0.969490 0.511062 1.968208 1.906713 1.140011 1.702145 0.013581 1.027530 1.492622 1.854866 0.136590 1.654253 0.305725 0.755887 0.710954 0.868132 1.638838 1.600949 0.543052 1.248280 0.083390 0.852193 0.193445 1.892680
1.027478 1.972522 0.972522 0.027478 0.227248 0.050889 0.468968 1.712395 0.258688 0.498386 0.327890 0.147543 0.000000 0.554150 0.532323 0.466122 1.516996 0.306283 1.959649 1.032057 0.955564 1.301172 1.899466 0.809591 0.418032 1.622496 0.821947 0.658605 1.820665 1.945744 0.992468 1.849688 0.161124 1.175073 1.345079 1.707323 0.284133 1.506710 0.453268 0.608344 0.858497 0.720589 1.491295 1.453406 0.395509 1.395823 0.230933 0.704650 0.340988 1.745137
0.473328 1.473328 1.526672 0.526672 0.326901 0.503260 1.023117 1.158245 0.812837 1.052536 0.226259 0.701693 0.554150 0.000000 0.021827 0.088028 0.962846 0.860433 1.405500 1.586206 0.401414 0.747022 1.345317 0.255441 0.972181 1.823354 0.267797 1.212755 1.266515 1.391595 0.438318 1.596163 0.715274 1.729223 0.790929 1.153173 0.838283 0.952560 1.007418 0.054195 1.412646 0.166440 0.937145 0.899256 0.158641 1.949973 0.785083 0.150501 0.895138 1.190987
0.495154 1.495154 1.504846 0.504846 0.305075 0.481434 1.001291 1.180072 0.791011 1.030709 0.204433 0.679866 0.532323 0.021827 0.000000 0.066201 0.984673 0.838606 1.427326 1.564380 0.423241 0.768849 1.367143 0.277268 0.950355 1.845180 0.289624 1.190928 1.288342 1.413421 0.460145 1.617989 0.693447 1.707396 0.812756 1.175000 0.816456 0.974387 0.985591 0.076021 1.390820 0.188266 0.958972 0.921083 0.136814 1.928146 0.763256 0.172327 0.873311 1.212813
0.561356 1.561356 1.438644 0.438644 0.238874 0.415233 0.935089 1.246273 0.724810 0.964508 0.138232 0.613665 0.466122 0.088028 0.066201 0.000000 1.050874 0.772405 1.493528 1.498179 0.489442 0.835050 1.433345 0.343469 0.884154 1.911382 0.355825 1.124727 1.354543 1.479623 0.526346 1.684191 0.627246 1.641195 0.878957 1.241201 0.750255 1.040588 0.919390 0.142222 1.324619 0.254468 1.025173 0.987284 0.070613 1.861945 0.697055 0.238528 0.807110 1.279015
0.489518 0.510482 1.510482 1.489518 1.289747 1.466106 1.985963 0.195399 1.775684 1.984618 1.189106 1.664539 1.516996 0.962846 0.984673 1.050874 0.000000 1.823279 0.442654 1.450947 0.561432 0.215824 0.382471 0.707405 1.935027 0.860508 0.695049 1.824399 0.303669 0.428749 0.524528 0.633317 1.678120 1.307931 0.171917 0.190327 1.801129 0.010286 1.970264 0.908651 1.624507 0.796406 0.025701 0.063590 1.121487 1.087181 1.747929 0.812346 1.857984 0.228141
1.333760 1.666240 0.666240 0.333760 0.533531 0.357172 0.162685 1.981322 0.047595 0.192103 0.634173 0.158740 0.306283 0.860433 0.838606 0.772405 1.823279 0.000000 1.734068 0.725774 1.261847 1.607455 1.794251 1.115874 0.111749 1.316214 1.128230 0.352322 1.873052 1.747973 1.298751 1.543405 0.145159 0.868790 1.651362 1.986394 0.022150 1.812993 0.146985 0.914627 0.552214 1.026872 1.797578 1.759689 0.701792 1.089540 0.075350 1.010933 0.034705 1.948580
0.932172 0.067828 1.067828 1.932172 1.732401 1.908760 1.571383 0.247254 1.781663 1.541964 1.631759 1.892808 1.959649 1.405500 1.427326 1.493528 0.442654 1.734068 0.000000 1.008294 1.004086 0.658478 0.060183 1.150058 1.622319 0.417854 1.137702 1.381746 0.138985 0.013905 0.967181 0.190663 1.879227 0.865278 0.614571 0.252327 1.756217 0.452940 1.587082 1.351305 1.181854 1.239060 0.468355 0.506244 1.564141 0.644527 1.809417 1.254999 1.699363 0.214513
1.940466 0.940466 0.059534 1.059534 1.259305 1.082946 0.563089 1.255548 0.773369 0.533671 1.359947 0.884514 1.032057 1.586206 1.564380 1.498179 1.450947 0.725774 1.008294 0.000000 1.987620 1.666771 1.068477 1.841648 0.614025 0.590440 1.854004 0.373452 1.147278 1.022199 1.975475 0.817631 0.870933 0.143016 1.622864 1.260620 0.747923 1.461233 0.578789 1.640401 0.173560 1.752646 1.476649 1.514538 1.427566 0.363766 0.801124 1.736707 0.691069 1.222807
0.071914 1.071914 1.928086 0.928086 0.728315 0.904674 1.424531 0.756831 1.214251 1.453950 0.627673 1.103107 0.955564 0.401414 0.423241 0.489442 0.561432 1.261847 1.004086 1.987620 0.000000 0.345608 0.943903 0.145973 1.373595 1.421940 0.133617 1.614169 0.865101 0.990181 0.036904 1.194749 1.116688 1.869363 0.389515 0.751759 1.239697 0.551146 1.408832 0.347219 1.814060 0.234974 0.535731 0.497842 0.560055 1.648613 1.186497 0.250914 1.296552 0.789573
0.273694 0.726306 1.726306 1.273694 1.073924 1.250283 1.770139 0.411223 1.559860 1.799558 0.973282 1.448715 1.301172 0.747022 0.768849 0.835050 0.215824 1.607455 0.658478 1.666771 0.345608 0.000000 0.598295 0.491581 1.719203 1.076332 0.479225 1.959777 0.519493 0.644573 0.308704 0.849141 1.462296 1.523755 0.043907 0.406151 1.585305 0.205538 1.754440 0.692828 1.840331 0.580582 0.190123 0.152234 0.905663 1.303005 1.532105 0.596522 1.642160 0.443965
0.871989 0.128011 1.128011 1.871989 1.672218 1.848577 1.631566 0.187071 1.841846 1.602147 1.571576 1.952991 1.899466 1.345317 1.367143 1.433345 0.382471 1.794251 0.060183 1.068477 0.943903 0.598295 0.000000 1.089876 1.682502 0.478037 1.077520 1.441928 0.078802 0.046278 0.906999 0.250846 1.939409 0.925461 0.554388 0.192144 1.816400 0.392757 1.647265 1.291122 1.242037 1.178877 0.408172 0.446061 1.503958 0.704710 1.869600 1.194816 1.759545 0.154330
0.217887 1.217887 1.782113 0.782113 0.582343 0.758702 1.278559 0.902804 1.068279 1.307977 0.481701 0.957134 0.809591 0.255441 0.277268 0.343469 0.707405 1.115874 1.150058 1.841648 0.145973 0.491581 1.089876 0.000000 1.227623 1.567913 0.012356 1.468196 1.011074 1.136153 0.182877 1.340721 0.970715 1.984664 0.535488 0.897732 1.093724 0.697119 1.262859 0.201247 1.668088 0.089002 0.681704 0.643815 0.414082 1.794586 1.040524 0.104941 1.150579 0.935546
1.445509 1.554491 0.554491 0.445509 0.645280 0.468921 0.050936 1.869573 0.159344 0.080354 0.745922 0.270489 0.418032 0.972181 0.950355 0.884154 1.935027 0.111749 1.622319 0.614025 1.373595 1.719203 1.682502 1.227623 0.000000 1.204465 1.239979 0.240573 1.761303 1.636224 1.410500 1.431656 0.256908 0.757041 1.763110 1.874646 0.133898 1.924741 0.035237 1.026376 0.440465 1.138621 1.909326 1.871437 0.813540 0.977792 0.187098 1.122682 0.077044 1.836832
1.350026 0.350026 0.649974 1.649974 1.849745 1.673386 1.153529 0.665109 1.363809 1.124110 1.950387 1.474954 1.622496 1.823354 1.845180 1.911382 0.860508 1.316214 0.417854 0.590440 1.421940 1.076332 0.478037 1.567913 1.204465 0.000000 1.555557 0.963891 0.556839 0.431759 1.385036 0.227191 1.461372 0.447424 1.032425 0.670181 1.338363 0.870794 1.169228 1.769159 0.764000 1.656914 0.886209 0.924098 1.981995 0.226673 1.391563 1.672853 1.281508 0.632367
0.205531 1.205531 1.794469 0.794469 0.594699 0.771058 1.290914 0.890448 1.080635 1.320333 0.494057 0.969490 0.821947 0.267797 0.289624 0.355825 0.695049 1.128230 1.137702 1.854004 0.133617 0.479225 1.077520 0.012356 1.239979 1.555557 0.000000 1.480552 0.998718 1.123798 0.170521 1.328366 0.983071 1.997020 0.523132 0.885376 1.106080 0.684763 1.275215 0.213603 1.680444 0.101357 0.669348 0.631459 0.426438 1.782230 1.052880 0.117297 1.162935 0.923190
1.686083 1.313917 0.313917 0.686083 0.885853 0.709494 0.189638 1.629000 0.399917 0.160219 0.986495 0.511062 0.658605 1.212755 1.190928 1.124727 1.824399 0.352322 1.381746 0.373452 1.614169 1.959777 1.441928 1.468196 0.240573 0.963891 1.480552 0.000000 1.520730 1.395651 1.651073 1.191082 0.497481 0.516468 1.996316 1.634072 0.374472 1.834685 0.205337 1.266949 0.199892 1.379194 1.850100 1.887989 1.054114 0.737218 0.427672 1.363255 0.317617 1.596258
0.793187 0.206813 1.206813 1.793187 1.593417 1.769776 1.710368 0.108270 1.920647 1.680949 1.492775 1.968208 1.820665 1.266515 1.288342 1.354543 0.303669 1.873052 0.138985 1.147278 0.865101 0.519493 0.078802 1.011074 1.761303 0.556839 0.998718 1.520730 0.000000 0.125080 0.828197 0.329648 1.981789 1.004262 0.475586 0.113342 1.895202 0.313955 1.726067 1.212321 1.320838 1.100075 0.329370 0.367259 1.425156 0.783512 1.948402 1.116015 1.838347 0.075528
0.918267 0.081733 1.081733 1.918267 1.718496 1.894855 1.585288 0.233349 1.795568 1.555869 1.617854 1.906713 1.945744 1.391595 1.413421 1.479623 0.428749 1.747973 0.013905 1.022199 0.990181 0.644573 0.046278 1.136153 1.636224 0.431759 1.123798 1.395651 0.125080 0.000000 0.953277 0.204568 1.893132 0.879183 0.600666 0.238422 1.770122 0.439035 1.600987 1.337400 1.195759 1.225155 0.454450 0.492339 1.550236 0.658432 1.823322 1.241094 1.713268 0.200608
0.035010 1.035010 1.964990 0.964990 0.765220 0.941579 1.461435 0.719927 1.251156 1.490854 0.664578 1.140011 0.992468 0.438318 0.460145 0.526346 0.524528 1.298751 0.967181 1.975475 0.036904 0.308704 0.906999 0.182877 1.410500 1.385036 0.170521 1.651073 0.828197 0.953277 0.000000 1.157845 1.153592 1.832459 0.352611 0.714855 1.276601 0.514242 1.445736 0.384124 1.850965 0.271879 0.498827 0.460938 0.596959 1.611709 1.223401 0.287818 1.333456 0.752669
1.122835 0.122835 0.877165 1.877165 1.923064 1.900577 1.380720 0.437917 1.591000 1.351301 1.822422 1.702145 1.849688 1.596163 1.617989 1.684191 0.633317 1.543405 0.190663 0.817631 1.194749 0.849141 0.250846 1.340721 1.431656 0.227191 1.328366 1.191082 0.329648 0.204568 1.157845 0.000000 1.688563 0.674615 0.805234 0.442990 1.565554 0.643603 1.396419 1.541968 0.991191 1.429723 0.659018 0.696907 1.754804 0.453864 1.618754 1.445662 1.508699 0.405176
1.188602 1.811398 0.811398 0.188602 0.388372 0.212013 0.307843 1.873519 0.097564 0.337262 0.489014 0.013581 0.161124 0.715274 0.693447 0.627246 1.678120 0.145159 1.879227 0.870933 1.116688 1.462296 1.939409 0.970715 0.256908 1.461372 0.983071 0.497481 1.981789 1.893132 1.153592 1.688563 0.000000 1.013949 1.506203 1.868447 0.123009 1.667834 0.292144 0.769468 0.697373 0.881713 1.652419 1.614530 0.556633 1.234699 0.069809 0.865774 0.179864 1.906261
1.797450 0.797450 0.202550 1.202550 1.402321 1.225962 0.706105 1.112532 0.916385 0.676687 1.502963 1.027530 1.175073 1.729223 1.707396 1.641195 1.307931 0.868790 0.865278 0.143016 1.869363 1.523755 0.925461 1.984664 0.757041 0.447424 1.997020 0.516468 1.004262 0.879183 1.832459 0.674615 1.013949 0.000000 1.479848 1.117604 0.890940 1.318217 0.721805 1.783417 0.316576 1.895662 1.333632 1.371521 1.570582 0.220750 0.944140 1.879723 0.834085 1.079790
0.317601 0.682399 1.682399 1.317601 1.117831 1.294190 1.814046 0.367316 1.603767 1.843465 1.017189 1.492622 1.345079 0.790929 0.812756 0.878957 0.171917 1.651362 0.614571 1.622864 0.389515 0.043907 0.554388 0.535488 1.763110 1.032425 0.523132 1.996316 0.475586 0.600666 0.352611 0.805234 1.506203 1.479848 0.000000 0.362244 1.629212 0.161631 1.798347 0.736735 1.796424 0.624489 0.146216 0.108327 0.949570 1.259098 1.576012 0.640429 1.686067 0.400058
0.679845 0.320155 1.320155 1.679845 1.480074 1.656433 1.823710 0.005072 1.966011 1.794291 1.379432 1.854866 1.707323 1.153173 1.175000 1.241201 0.190327 1.986394 0.252327 1.260620 0.751759 0.406151 0.192144 0.897732 1.874646 0.670181 0.885376 1.634072 0.113342 0.238422 0.714855 0.442990 1.868447 1.117604 0.362244 0.000000 1.991456 0.200613 1.839409 1.098978 1.434180 0.986733 0.216028 0.253917 1.311814 0.896854 1.938256 1.002673 1.951689 0.037814
1.311611 1.688389 0.688389 0.311611 0.511382 0.335023 0.184834 1.996528 0.025446 0.214253 0.612024 0.136590 0.284133 0.838283 0.816456 0.750255 1.801129 0.022150 1.756217 0.747923 1.239697 1.585305 1.816400 1.093724 0.133898 1.338363 1.106080 0.374472 1.895202 1.770122 1.276601 1.565554 0.123009 0.890940 1.629212 1.991456 0.000000 1.790843 0.169135 0.892478 0.574364 1.004723 1.775428 1.737539 0.679642 1.111690 0.053200 0.988783 0.056855 1.970730
0.479232 0.520768 1.520768 1.479232 1.279461 1.455820 1.975677 0.205685 1.765398 1.994904 1.178820 1.654253 1.506710 0.952560 0.974387 1.040588 0.010286 1.812993 0.452940 1.461233 0.551146 0.205538 0.392757 0.697119 1.924741 0.870794 0.684763 1.834685 0.313955 0.439035 0.514242 0.643603 1.667834 1.318217 0.161631 0.200613 1.790843 0.000000 1.959978 0.898365 1.634793 0.786120 0.015415 0.053304 1.111201 1.097467 1.737643 0.802060 1.847698 0.238427
1.480746 1.519254 0.519254 0.480746 0.680517 0.504158 0.015699 1.834337 0.194580 0.045118 0.781158 0.305725 0.453268 1.007418 0.985591 0.919390 1.970264 0.146985 1.587082 0.578789 1.408832 1.754440 1.647265 1.262859 0.035237 1.169228 1.275215 0.205337 1.726067 1.600987 1.445736 1.396419 0.292144 0.721805 1.798347 1.839409 0.169135 1.959978 0.000000 1.061613 0.405229 1.173858 1.944563 1.906674 0.848777 0.942555 0.222335 1.157918 0.112280 1.801595
0.419133 1.419133 1.580867 0.580867 0.381096 0.557455 1.077312 1.104051 0.867032 1.106730 0.280454 0.755887 0.608344 0.054195 0.076021 0.142222 0.908651 0.914627 1.351305 1.640401 0.347219 0.692828 1.291122 0.201247 1.026376 1.769159 0.213603 1.266949 1.212321 1.337400 0.384124 1.541968 0.769468 1.783417 0.736735 1.098978 0.892478 0.898365 1.061613 0.000000 1.466841 0.112245 0.882950 0.845061 0.212836 1.995832 0.839278 0.096306 0.949332 1.136792
1.885974 1.114026 0.114026 0.885974 1.085745 0.909386 0.389529 1.429108 0.599809 0.360111 1.186387 0.710954 0.858497 1.412646 1.390820 1.324619 1.624507 0.552214 1.181854 0.173560 1.814060 1.840331 1.242037 1.668088 0.440465 0.764000 1.680444 0.199892 1.320838 1.195759 1.850965 0.991191 0.697373 0.316576 1.796424 1.434180 0.574364 1.634793 0.405229 1.466841 0.000000 1.579086 1.650208 1.688098 1.254006 0.537326 0.627564 1.563147 0.517509 1.396367
0.306888 1.306888 1.693112 0.693112 0.493341 0.669700 1.189557 0.991806 0.979277 1.218976 0.392699 0.868132 0.720589 0.166440 0.188266 0.254468 0.796406 1.026872 1.239060 1.752646 0.234974 0.580582 1.178877 0.089002 1.138621 1.656914 0.101357 1.379194 1.100075 1.225155 0.271879 1.429723 0.881713 1.895662 0.624489 0.986733 1.004723 0.786120 1.173858 0.112245 1.579086 0.000000 0.770705 0.732816 0.325081 1.883587 0.951523 0.015939 1.061577 1.024547
0.463817 0.536183 1.536183 1.463817 1.264046 1.440405 1.960262 0.221100 1.749982 1.989681 1.163404 1.638838 1.491295 0.937145 0.958972 1.025173 0.025701 1.797578 0.468355 1.476649 0.535731 0.190123 0.408172 0.681704 1.909326 0.886209 0.669348 1.850100 0.329370 0.454450 0.498827 0.659018 1.652419 1.333632 0.146216 0.216028 1.775428 0.015415 1.944563 0.882950 1.650208 0.770705 0.000000 0.037889 1.095786 1.112882 1.722228 0.786645 1.832283 0.253842
0.425928 0.574072 1.574072 1.425928 1.226157 1.402516 1.922373 0.258989 1.712093 1.951792 1.125515 1.600949 1.453406 0.899256 0.921083 0.987284 0.063590 1.759689 0.506244 1.514538 0.497842 0.152234 0.446061 0.643815 1.871437 0.924098 0.631459 1.887989 0.367259 0.492339 0.460938 0.696907 1.614530 1.371521 0.108327 0.253917 1.737539 0.053304 1.906674 0.845061 1.688098 0.732816 0.037889 0.000000 1.057897 1.150771 1.684339 0.748755 1.794394 0.291731
0.631969 1.631969 1.368031 0.368031 0.168261 0.344620 0.864476 1.316886 0.654197 0.893895 0.067619 0.543052 0.395509 0.158641 0.136814 0.070613 1.121487 0.701792 1.564141 1.427566 0.560055 0.905663 1.503958 0.414082 0.813540 1.981995 0.426438 1.054114 1.425156 1.550236 0.596959 1.754804 0.556633 1.570582 0.949570 1.311814 0.679642 1.111201 0.848777 0.212836 1.254006 0.325081 1.095786 1.057897 0.000000 1.791332 0.626442 0.309141 0.736497 1.349628
1.576699 0.576699 0.423301 1.423301 1.623072 1.446713 0.926856 0.891782 1.137135 0.897437 1.723714 1.248280 1.395823 1.949973 1.928146 1.861945 1.087181 1.089540 0.644527 0.363766 1.648613 1.303005 0.704710 1.794586 0.977792 0.226673 1.782230 0.737218 0.783512 0.658432 1.611709 0.453864 1.234699 0.220750 1.259098 0.896854 1.111690 1.097467 0.942555 1.995832 0.537326 1.883587 1.112882 1.150771 1.791332 0.000000 1.164890 1.899527 1.054835 0.859040
1.258411 1.741589 0.741589 0.258411 0.458182 0.281823 0.238034 1.943328 0.027755 0.267453 0.558824 0.083390 0.230933 0.785083 0.763256 0.697055 1.747929 0.075350 1.809417 0.801124 1.186497 1.532105 1.869600 1.040524 0.187098 1.391563 1.052880 0.427672 1.948402 1.823322 1.223401 1.618754 0.069809 0.944140 1.576012 1.938256 0.053200 1.737643 0.222335 0.839278 0.627564 0.951523 1.722228 1.684339 0.626442 1.164890 0.000000 0.935583 0.110055 1.976070
0.322827 1.322827 1.677173 0.677173 0.477402 0.653761 1.173618 1.007745 0.963338 1.203036 0.376760 0.852193 0.704650 0.150501 0.172327 0.238528 0.812346 1.010933 1.254999 1.736707 0.250914 0.596522 1.194816 0.104941 1.122682 1.672853 0.117297 1.363255 1.116015 1.241094 0.287818 1.445662 0.865774 1.879723 0.640429 1.002673 0.988783 0.802060 1.157918 0.096306 1.563147 0.015939 0.786645 0.748755 0.309141 1.899527 0.935583 0.000000 1.045638 1.040486
1.368466 1.631534 0.631534 0.368466 0.568236 0.391877 0.127979 1.946617 0.082300 0.157398 0.668878 0.193445 0.340988 0.895138 0.873311 0.807110 1.857984 0.034705 1.699363 0.691069 1.296552 1.642160 1.759545 1.150579 0.077044 1.281508 1.162935 0.317617 1.838347 1.713268 1.333456 1.508699 0.179864 0.834085 1.686067 1.951689 0.056855 1.847698 0.112280 0.949332 0.517509 1.061577 1.832283 1.794394 0.736497 1.054835 0.110055 1.045638 0.000000 1.913875
0.717659 0.282341 1.282341 1.717659 1.517888 1.694247 1.785896 0.032742 1.996176 1.756477 1.417246 1.892680 1.745137 1.190987 1.212813 1.279015 0.228141 1.948580 0.214513 1.222807 0.789573 0.443965 0.154330 0.935546 1.836832 0.632367 0.923190 1.596258 0.075528 0.200608 0.752669 0.405176 1.906261 1.079790 0.400058 0.037814 1.970730 0.238427 1.801595 1.136792 1.396367 1.024547 0.253842 0.291731 1.349628 0.859040 1.976070 1.040486 1.913875 0.000000
