20
0.000000 1.000000 2.000000 1.000000 1.593854 0.517024 0.051175 1.944694 0.445739 0.569450 0.894328 0.001332 1.942112 1.962628 1.566410 0.324767 1.005789 0.780506 1.140053 1.895146
1.000000 0.000000 1.000000 2.000000 1.406146 1.517024 0.948825 0.944694 0.554261 0.430550 1.894328 0.998668 1.057888 0.962628 0.566410 1.324767 1.994211 0.219494 0.140053 1.104854
2.000000 1.000000 0.000000 1.000000 0.406146 1.482976 1.948825 0.055306 1.554261 1.430550 1.105672 1.998668 0.057888 0.037372 0.433590 1.675233 0.994211 1.219494 0.859947 0.104854
1.000000 2.000000 1.000000 0.000000 0.593854 0.482976 1.051175 1.055306 1.445739 1.569450 0.105672 1.001332 0.942112 1.037372 1.433590 0.675233 0.005789 1.780506 1.859947 0.895146
1.593854 1.406146 0.406146 0.593854 0.000000 1.076830 1.645029 0.461451 1.960407 1.836696 0.699526 1.595186 0.348258 0.443518 0.839735 1.269087 0.588066 1.625640 1.266092 0.301292
0.517024 1.517024 1.482976 0.482976 1.076830 0.000000 0.568199 1.538281 0.962763 1.086474 0.377303 0.518356 1.425088 1.520347 1.916565 0.192258 0.488764 1.297530 1.657078 1.378122
0.051175 0.948825 1.948825 1.051175 1.645029 0.568199 0.000000 1.893520 0.394564 0.518275 0.945502 0.049843 1.993287 1.911454 1.515236 0.375941 1.056963 0.729331 1.088879 1.946321
1.944694 0.944694 0.055306 1.055306 0.461451 1.538281 1.893520 0.000000 1.498955 1.375245 1.160978 1.943363 0.113193 0.017934 0.378284 1.730539 1.049517 1.164189 0.804641 0.160159
0.445739 0.554261 1.554261 1.445739 1.960407 0.962763 0.394564 1.498955 0.000000 0.123711 1.340067 0.444407 1.612149 1.516889 1.120671 0.770506 1.451528 0.334767 0.694315 1.659115
0.569450 0.430550 1.430550 1.569450 1.836696 1.086474 0.518275 1.375245 0.123711 0.000000 1.463778 0.568118 1.488438 1.393178 0.996961 0.894217 1.575239 0.211056 0.570604 1.535404
0.894328 1.894328 1.105672 0.105672 0.699526 0.377303 0.945502 1.160978 1.340067 1.463778 0.000000 0.895659 1.047785 1.143044 1.539262 0.569561 0.111461 1.674833 1.965619 1.000819
0.001332 0.998668 1.998668 1.001332 1.595186 0.518356 0.049843 1.943363 0.444407 0.568118 0.895659 0.000000 1.943444 1.961297 1.565079 0.326098 1.007120 0.779174 1.138722 1.896478
1.942112 1.057888 0.057888 0.942112 0.348258 1.425088 1.993287 0.113193 1.612149 1.488438 1.047785 1.943444 0.000000 0.095259 0.491477 1.617346 0.936324 1.277382 0.917834 0.046966
1.962628 0.962628 0.037372 1.037372 0.443518 1.520347 1.911454 0.017934 1.516889 1.393178 1.143044 1.961297 0.095259 0.000000 0.396218 1.712605 1.031583 1.182122 0.822575 0.142225
1.566410 0.566410 0.433590 1.433590 0.839735 1.916565 1.515236 0.378284 1.120671 0.996961 1.539262 1.565079 0.491477 0.396218 0.000000 1.891177 1.427801 0.785905 0.426357 0.538443
0.324767 1.324767 1.675233 0.675233 1.269087 0.192258 0.375941 1.730539 0.770506 0.894217 0.569561 0.326098 1.617346 1.712605 1.891177 0.000000 0.681022 1.105273 1.464820 1.570380
1.005789 1.994211 0.994211 0.005789 0.588066 0.488764 1.056963 1.049517 1.451528 1.575239 0.111461 1.007120 0.936324 1.031583 1.427801 0.681022 0.000000 1.786294 1.854158 0.889358
0.780506 0.219494 1.219494 1.780506 1.625640 1.297530 0.729331 1.164189 0.334767 0.211056 1.674833 0.779174 1.277382 1.182122 0.785905 1.105273 1.786294 0.000000 0.359548 1.324348
1.140053 0.140053 0.859947 1.859947 1.266092 1.657078 1.088879 0.804641 0.694315 0.570604 1.965619 1.138722 0.917834 0.822575 0.426357 1.464820 1.854158 0.359548 0.000000 0.964800
1.895146 1.104854 0.104854 0.895146 0.301292 1.378122 1.946321 0.160159 1.659115 1.535404 1.000819 1.896478 0.046966 0.142225 0.538443 1.570380 0.889358 1.324348 0.964800 0.000000
