25
0.000000 1.000000 2.000000 1.000000 1.563991 0.576543 1.794998 0.066009 1.549660 0.693066 0.792328 1.148570 0.303006 1.314808 1.059244 0.862394 0.871615 1.507257 0.768832 0.463533 0.333298 0.561982 1.527998 1.121037 0.811013
1.000000 0.000000 1.000000 2.000000 1.436009 0.423457 0.794998 1.066009 1.450340 1.693066 1.792328 1.851430 1.303006 0.314808 0.059244 1.862394 1.871615 0.507257 1.768832 0.536467 1.333298 1.561982 0.527998 1.878963 0.188987
2.000000 1.000000 0.000000 1.000000 0.436009 1.423457 0.205002 1.933991 0.450340 1.306934 1.207672 0.851430 1.696994 0.685192 0.940756 1.137606 1.128385 0.492743 1.231168 1.536467 1.666702 1.438018 0.472002 0.878963 1.188987
1.000000 2.000000 1.000000 0.000000 0.563991 1.576543 1.205002 0.933991 0.549660 0.306934 0.207672 0.148570 0.696994 1.685192 1.940756 0.137606 0.128385 1.492743 0.231168 1.463533 0.666702 0.438018 1.472002 0.121037 1.811013
1.563991 1.436009 0.436009 0.563991 0.000000 1.859466 0.641010 1.497982 0.014331 0.870925 0.771663 0.415421 1.260985 1.121201 1.376765 0.701597 0.692376 0.928752 0.795159 1.972476 1.230693 1.002010 0.908011 0.442954 1.624996
0.576543 0.423457 1.423457 1.576543 1.859466 0.000000 1.218456 0.642552 1.873797 1.269609 1.368871 1.725113 0.879549 0.738265 0.482701 1.438937 1.448158 0.930714 1.345375 0.113010 0.909841 1.138524 0.951455 1.697580 0.234470
1.794998 0.794998 0.205002 1.205002 0.641010 1.218456 0.000000 1.861007 0.655342 1.511935 1.412673 1.056431 1.901996 0.480190 0.735755 1.342607 1.333386 0.287741 1.436170 1.331465 1.871703 1.643020 0.267001 1.083964 0.983985
0.066009 1.066009 1.933991 0.933991 1.497982 0.642552 1.861007 0.000000 1.483651 0.627058 0.726320 1.082561 0.236997 1.380817 1.125253 0.796385 0.805606 1.573266 0.702823 0.529542 0.267290 0.495973 1.594007 1.055029 0.877022
1.549660 1.450340 0.450340 0.549660 0.014331 1.873797 0.655342 1.483651 0.000000 0.856594 0.757332 0.401090 1.246654 1.135532 1.391096 0.687266 0.678045 0.943083 0.780828 1.986807 1.216362 0.987678 0.922342 0.428623 1.639327
0.693066 1.693066 1.306934 0.306934 0.870925 1.269609 1.511935 0.627058 0.856594 0.000000 0.099262 0.455504 0.390060 1.992125 1.752310 0.169328 0.178549 1.799677 0.075766 1.156599 0.359768 0.131085 1.778936 0.427971 1.504079
0.792328 1.792328 1.207672 0.207672 0.771663 1.368871 1.412673 0.726320 0.757332 0.099262 0.000000 0.356242 0.489322 1.892863 1.851572 0.070066 0.079287 1.700415 0.023496 1.255861 0.459030 0.230347 1.679674 0.328709 1.603341
1.148570 1.851430 0.851430 0.148570 0.415421 1.725113 1.056431 1.082561 0.401090 0.455504 0.356242 0.000000 0.845564 1.536621 1.792186 0.286176 0.276955 1.344173 0.379738 1.612103 0.815272 0.586589 1.323432 0.027533 1.959583
0.303006 1.303006 1.696994 0.696994 1.260985 0.879549 1.901996 0.236997 1.246654 0.390060 0.489322 0.845564 0.000000 1.617814 1.362250 0.559388 0.568609 1.810263 0.465826 0.766539 0.030292 0.258976 1.831004 0.818031 1.114019
1.314808 0.314808 0.685192 1.685192 1.121201 0.738265 0.480190 1.380817 1.135532 1.992125 1.892863 1.536621 1.617814 0.000000 0.255564 1.822798 1.813577 0.192449 1.916360 0.851275 1.648107 1.876790 0.213189 1.564154 0.503795
1.059244 0.059244 0.940756 1.940756 1.376765 0.482701 0.735755 1.125253 1.391096 1.752310 1.851572 1.792186 1.362250 0.255564 0.000000 1.921638 1.930859 0.448013 1.828076 0.595711 1.392542 1.621225 0.468754 1.819719 0.248231
0.862394 1.862394 1.137606 0.137606 0.701597 1.438937 1.342607 0.796385 0.687266 0.169328 0.070066 0.286176 0.559388 1.822798 1.921638 0.000000 0.009221 1.630349 0.093562 1.325927 0.529096 0.300413 1.609608 0.258643 1.673407
0.871615 1.871615 1.128385 0.128385 0.692376 1.448158 1.333386 0.805606 0.678045 0.178549 0.079287 0.276955 0.568609 1.813577 1.930859 0.009221 0.000000 1.621128 0.102783 1.335148 0.538317 0.309634 1.600387 0.249422 1.682628
1.507257 0.507257 0.492743 1.492743 0.928752 0.930714 0.287741 1.573266 0.943083 1.799677 1.700415 1.344173 1.810263 0.192449 0.448013 1.630349 1.621128 0.000000 1.723911 1.043724 1.840555 1.930761 0.020741 1.371706 0.696244
0.768832 1.768832 1.231168 0.231168 0.795159 1.345375 1.436170 0.702823 0.780828 0.075766 0.023496 0.379738 0.465826 1.916360 1.828076 0.093562 0.102783 1.723911 0.000000 1.232365 0.435534 0.206850 1.703170 0.352205 1.579845
0.463533 0.536467 1.536467 1.463533 1.972476 0.113010 1.331465 0.529542 1.986807 1.156599 1.255861 1.612103 0.766539 0.851275 0.595711 1.325927 1.335148 1.043724 1.232365 0.000000 0.796831 1.025515 1.064465 1.584570 0.347480
0.333298 1.333298 1.666702 0.666702 1.230693 0.909841 1.871703 0.267290 1.216362 0.359768 0.459030 0.815272 0.030292 1.648107 1.392542 0.529096 0.538317 1.840555 0.435534 0.796831 0.000000 0.228683 1.861296 0.787739 1.144311
0.561982 1.561982 1.438018 0.438018 1.002010 1.138524 1.643020 0.495973 0.987678 0.131085 0.230347 0.586589 0.258976 1.876790 1.621225 0.300413 0.309634 1.930761 0.206850 1.025515 0.228683 0.000000 1.910021 0.559056 1.372995
1.527998 0.527998 0.472002 1.472002 0.908011 0.951455 0.267001 1.594007 0.922342 1.778936 1.679674 1.323432 1.831004 0.213189 0.468754 1.609608 1.600387 0.020741 1.703170 1.064465 1.861296 1.910021 0.000000 1.350965 0.716985
1.121037 1.878963 0.878963 0.121037 0.442954 1.697580 1.083964 1.055029 0.428623 0.427971 0.328709 0.027533 0.818031 1.564154 1.819719 0.258643 0.249422 1.371706 0.352205 1.584570 0.787739 0.559056 1.350965 0.000000 1.932050
0.811013 0.188987 1.188987 1.811013 1.624996 0.234470 0.983985 0.877022 1.639327 1.504079 1.603341 1.959583 1.114019 0.503795 0.248231 1.673407 1.682628 0.696244 1.579845 0.347480 1.144311 1.372995 0.716985 1.932050 0.000000
