35
0.000000 1.000000 2.000000 1.000000 1.303076 0.952549 0.432870 0.868900 1.183411 1.991565 1.622155 1.714704 1.402848 1.197377 1.196390 1.403833 0.581536 0.947479 0.771729 0.259803 0.284861 1.247126 0.786720 0.349582 1.364141 0.935650 0.758373 0.058574 0.421817 0.521786 0.485436 1.944620 0.091744 0.516471 1.006974
1.000000 0.000000 1.000000 2.000000 1.696924 0.047451 0.567130 1.868900 0.183411 1.008435 1.377845 0.714704 0.402848 0.197377 0.196390 0.403833 0.418464 1.947479 0.228271 0.740197 0.715139 0.247126 1.786720 1.349582 0.364141 1.935650 0.241627 0.941426 0.578183 1.521786 0.514564 1.055380 0.908256 1.516471 1.993026
2.000000 1.000000 0.000000 1.000000 0.696924 1.047451 1.567130 1.131100 0.816589 0.008435 0.377845 0.285296 0.597152 0.802623 0.803610 0.596167 1.418464 1.052521 1.228271 1.740197 1.715139 0.752874 1.213280 1.650418 0.635859 1.064350 1.241627 1.941426 1.578183 1.478214 1.514564 0.055380 1.908256 1.483529 0.993026
1.000000 2.000000 1.000000 0.000000 0.303076 1.952549 1.432870 0.131100 1.816589 0.991565 0.622155 1.285296 1.597152 1.802623 1.803610 1.596167 1.581536 0.052521 1.771729 1.259803 1.284861 1.752874 0.213280 0.650418 1.635859 0.064350 1.758373 1.058574 1.421817 0.478214 1.485436 0.944620 1.091744 0.483529 0.006974
1.303076 1.696924 0.696924 0.303076 0.000000 1.744375 1.735947 0.434177 1.513513 0.688488 0.319079 0.982219 1.294075 1.499547 1.500534 1.293090 1.884613 0.355598 1.925194 1.562880 1.587937 1.449797 0.516357 0.953494 1.332782 0.367426 1.938551 1.361650 1.724893 0.781291 1.788513 0.641543 1.394821 0.786605 0.296102
0.952549 0.047451 1.047451 1.952549 1.744375 0.000000 0.519678 1.821448 0.230862 1.055887 1.425296 0.762156 0.450300 0.244828 0.243841 0.451285 0.371012 1.900027 0.180819 0.692745 0.667688 0.294578 1.739268 1.302131 0.411593 1.888199 0.194176 0.893975 0.530732 1.474334 0.467112 1.102832 0.860804 1.469020 1.959523
0.432870 0.567130 1.567130 1.432870 1.735947 0.519678 0.000000 1.301770 0.750540 1.575565 1.944974 1.281834 0.969978 0.764506 0.763520 0.970963 0.148666 1.380349 0.338859 0.173067 0.148010 0.814256 1.219590 0.782452 0.931271 1.368521 0.325503 0.374297 0.011054 0.954656 0.052566 1.622510 0.341126 0.949342 1.439844
0.868900 1.868900 1.131100 0.131100 0.434177 1.821448 1.301770 0.000000 1.947690 1.122665 0.753256 1.416396 1.728252 1.933724 1.934710 1.727267 1.450436 0.078579 1.640629 1.128703 1.153760 1.883974 0.082180 0.519317 1.766959 0.066751 1.627273 0.927473 1.290716 0.347114 1.354336 1.075720 0.960644 0.352428 0.138075
1.183411 0.183411 0.816589 1.816589 1.513513 0.230862 0.750540 1.947690 0.000000 0.825024 1.194434 0.531293 0.219437 0.013966 0.012979 0.220423 0.601875 1.869111 0.411681 0.923607 0.898550 0.063716 1.970131 1.532993 0.180730 1.880939 0.425038 1.124837 0.761594 1.705197 0.697974 0.871969 1.091666 1.699882 1.809615
1.991565 1.008435 0.008435 0.991565 0.688488 1.055887 1.575565 1.122665 0.825024 0.000000 0.369410 0.293731 0.605587 0.811058 0.812045 0.604602 1.426899 1.044086 1.236706 1.748632 1.723574 0.761309 1.204845 1.641983 0.644294 1.055915 1.250062 1.949861 1.586618 1.469779 1.522999 0.046945 1.916691 1.475093 0.984591
1.622155 1.377845 0.377845 0.622155 0.319079 1.425296 1.944974 0.753256 1.194434 0.369410 0.000000 0.663141 0.974997 1.180468 1.181455 0.974011 1.796309 0.674677 1.606115 1.881959 1.907016 1.130718 0.835435 1.272573 1.013704 0.686505 1.619472 1.680729 1.956028 1.100369 1.892408 0.322465 1.713900 1.105684 0.615181
1.714704 0.714704 0.285296 1.285296 0.982219 0.762156 1.281834 1.416396 0.531293 0.293731 0.663141 0.000000 0.311856 0.517328 0.518314 0.310871 1.133168 1.337817 0.942975 1.454901 1.429843 0.467578 1.498576 1.935714 0.350563 1.349646 0.956331 1.656130 1.292887 1.763510 1.229268 0.340676 1.622960 1.768824 1.278322
1.402848 0.402848 0.597152 1.597152 1.294075 0.450300 0.969978 1.728252 0.219437 0.605587 0.974997 0.311856 0.000000 0.205471 0.206458 0.000985 0.821312 1.649673 0.631119 1.143045 1.117987 0.155722 1.810432 1.752430 0.038707 1.661502 0.644475 1.344274 0.981031 1.924634 0.917412 0.652532 1.311104 1.919320 1.590178
1.197377 0.197377 0.802623 1.802623 1.499547 0.244828 0.764506 1.933724 0.013966 0.811058 1.180468 0.517328 0.205471 0.000000 0.000987 0.206457 0.615840 1.855145 0.425647 0.937573 0.912516 0.049750 1.984096 1.546959 0.166765 1.866973 0.439004 1.138803 0.775560 1.719163 0.711940 0.858003 1.105632 1.713848 1.795649
1.196390 0.196390 0.803610 1.803610 1.500534 0.243841 0.763520 1.934710 0.012979 0.812045 1.181455 0.518314 0.206458 0.000987 0.000000 0.207443 0.614854 1.856131 0.424661 0.936587 0.911529 0.050736 1.983110 1.545972 0.167751 1.867960 0.438017 1.137816 0.774573 1.718176 0.710954 0.858990 1.104646 1.712861 1.796636
1.403833 0.403833 0.596167 1.596167 1.293090 0.451285 0.970963 1.727267 0.220423 0.604602 0.974011 0.310871 0.000985 0.206457 0.207443 0.000000 0.822297 1.648688 0.632104 1.144030 1.118973 0.156707 1.809447 1.753416 0.039692 1.660516 0.645460 1.345260 0.982017 1.925619 0.918397 0.651547 1.312089 1.920305 1.589192
0.581536 0.418464 1.418464 1.581536 1.884613 0.371012 0.148666 1.450436 0.601875 1.426899 1.796309 1.133168 0.821312 0.615840 0.614854 0.822297 0.000000 1.529015 0.190193 0.321733 0.296675 0.665590 1.368256 0.931118 0.782605 1.517186 0.176837 0.522962 0.159719 1.103322 0.096100 1.473844 0.489792 1.098008 1.588510
0.947479 1.947479 1.052521 0.052521 0.355598 1.900027 1.380349 0.078579 1.869111 1.044086 0.674677 1.337817 1.649673 1.855145 1.856131 1.648688 1.529015 0.000000 1.719208 1.207282 1.232339 1.805395 0.160759 0.597896 1.688380 0.011828 1.705851 1.006052 1.369295 0.425693 1.432915 0.997141 1.039223 0.431007 0.059496
0.771729 0.228271 1.228271 1.771729 1.925194 0.180819 0.338859 1.640629 0.411681 1.236706 1.606115 0.942975 0.631119 0.425647 0.424661 0.632104 0.190193 1.719208 0.000000 0.511926 0.486869 0.475397 1.558449 1.121311 0.592412 1.707380 0.013356 0.713156 0.349913 1.293515 0.286293 1.283651 0.679985 1.288201 1.778704
0.259803 0.740197 1.740197 1.259803 1.562880 0.692745 0.173067 1.128703 0.923607 1.748632 1.881959 1.454901 1.143045 0.937573 0.936587 1.144030 0.321733 1.207282 0.511926 0.000000 0.025057 0.987323 1.046523 0.609386 1.104338 1.195454 0.498570 0.201230 0.162013 0.781589 0.225633 1.795577 0.168059 0.776275 1.266778
0.284861 0.715139 1.715139 1.284861 1.587937 0.667688 0.148010 1.153760 0.898550 1.723574 1.907016 1.429843 1.117987 0.912516 0.911529 1.118973 0.296675 1.232339 0.486869 0.025057 0.000000 0.962266 1.071581 0.634443 1.079280 1.220511 0.473512 0.226287 0.136956 0.806647 0.200576 1.770519 0.193116 0.801332 1.291835
1.247126 0.247126 0.752874 1.752874 1.449797 0.294578 0.814256 1.883974 0.063716 0.761309 1.130718 0.467578 0.155722 0.049750 0.050736 0.156707 0.665590 1.805395 0.475397 0.987323 0.962266 0.000000 1.966154 1.596708 0.117015 1.817223 0.488753 1.188553 0.825310 1.768912 0.761690 0.808254 1.155382 1.763598 1.745899
0.786720 1.786720 1.213280 0.213280 0.516357 1.739268 1.219590 0.082180 1.970131 1.204845 0.835435 1.498576 1.810432 1.984096 1.983110 1.809447 1.368256 0.160759 1.558449 1.046523 1.071581 1.966154 0.000000 0.437138 1.849139 0.148931 1.545093 0.845294 1.208536 0.264934 1.272156 1.157900 0.878464 0.270248 0.220254
0.349582 1.349582 1.650418 0.650418 0.953494 1.302131 0.782452 0.519317 1.532993 1.641983 1.272573 1.935714 1.752430 1.546959 1.545972 1.753416 0.931118 0.597896 1.121311 0.609386 0.634443 1.596708 0.437138 0.000000 1.713723 0.586068 1.107955 0.408156 0.771399 0.172204 0.835019 1.595038 0.441326 0.166889 0.657392
1.364141 0.364141 0.635859 1.635859 1.332782 0.411593 0.931271 1.766959 0.180730 0.644294 1.013704 0.350563 0.038707 0.166765 0.167751 0.039692 0.782605 1.688380 0.592412 1.104338 1.079280 0.117015 1.849139 1.713723 0.000000 1.700209 0.605768 1.305567 0.942324 1.885927 0.878705 0.691239 1.272397 1.880613 1.628885
0.935650 1.935650 1.064350 0.064350 0.367426 1.888199 1.368521 0.066751 1.880939 1.055915 0.686505 1.349646 1.661502 1.866973 1.867960 1.660516 1.517186 0.011828 1.707380 1.195454 1.220511 1.817223 0.148931 0.586068 1.700209 0.000000 1.694023 0.994224 1.357467 0.413864 1.421087 1.008970 1.027395 0.419179 0.071324
0.758373 0.241627 1.241627 1.758373 1.938551 0.194176 0.325503 1.627273 0.425038 1.250062 1.619472 0.956331 0.644475 0.439004 0.438017 0.645460 0.176837 1.705851 0.013356 0.498570 0.473512 0.488753 1.545093 1.107955 0.605768 1.694023 0.000000 0.699799 0.336556 1.280159 0.272936 1.297007 0.666629 1.274844 1.765347
0.058574 0.941426 1.941426 1.058574 1.361650 0.893975 0.374297 0.927473 1.124837 1.949861 1.680729 1.656130 1.344274 1.138803 1.137816 1.345260 0.522962 1.006052 0.713156 0.201230 0.226287 1.188553 0.845294 0.408156 1.305567 0.994224 0.699799 0.000000 0.363243 0.580360 0.426863 1.996806 0.033171 0.575045 1.065548
0.421817 0.578183 1.578183 1.421817 1.724893 0.530732 0.011054 1.290716 0.761594 1.586618 1.956028 1.292887 0.981031 0.775560 0.774573 0.982017 0.159719 1.369295 0.349913 0.162013 0.136956 0.825310 1.208536 0.771399 0.942324 1.357467 0.336556 0.363243 0.000000 0.943603 0.063620 1.633563 0.330072 0.938288 1.428791
0.521786 1.521786 1.478214 0.478214 0.781291 1.474334 0.954656 0.347114 1.705197 1.469779 1.100369 1.763510 1.924634 1.719163 1.718176 1.925619 1.103322 0.425693 1.293515 0.781589 0.806647 1.768912 0.264934 0.172204 1.885927 0.413864 1.280159 0.580360 0.943603 0.000000 1.007222 1.422834 0.613530 0.005314 0.485188
0.485436 0.514564 1.514564 1.485436 1.788513 0.467112 0.052566 1.354336 0.697974 1.522999 1.892408 1.229268 0.917412 0.711940 0.710954 0.918397 0.096100 1.432915 0.286293 0.225633 0.200576 0.761690 1.272156 0.835019 0.878705 1.421087 0.272936 0.426863 0.063620 1.007222 0.000000 1.569944 0.393692 1.001908 1.492411
1.944620 1.055380 0.055380 0.944620 0.641543 1.102832 1.622510 1.075720 0.871969 0.046945 0.322465 0.340676 0.652532 0.858003 0.858990 0.651547 1.473844 0.997141 1.283651 1.795577 1.770519 0.808254 1.157900 1.595038 0.691239 1.008970 1.297007 1.996806 1.633563 1.422834 1.569944 0.000000 1.963636 1.428148 0.937646
0.091744 0.908256 1.908256 1.091744 1.394821 0.860804 0.341126 0.960644 1.091666 1.916691 1.713900 1.622960 1.311104 1.105632 1.104646 1.312089 0.489792 1.039223 0.679985 0.168059 0.193116 1.155382 0.878464 0.441326 1.272397 1.027395 0.666629 0.033171 0.330072 0.613530 0.393692 1.963636 0.000000 0.608216 1.098719
0.516471 1.516471 1.483529 0.483529 0.786605 1.469020 0.949342 0.352428 1.699882 1.475093 1.105684 1.768824 1.919320 1.713848 1.712861 1.920305 1.098008 0.431007 1.288201 0.776275 0.801332 1.763598 0.270248 0.166889 1.880613 0.419179 1.274844 0.575045 0.938288 0.005314 1.001908 1.428148 0.608216 0.000000 0.490503
1.006974 1.993026 0.993026 0.006974 0.296102 1.959523 1.439844 0.138075 1.809615 0.984591 0.615181 1.278322 1.590178 1.795649 1.796636 1.589192 1.588510 0.059496 1.778704 1.266778 1.291835 1.745899 0.220254 0.657392 1.628885 0.071324 1.765347 1.065548 1.428791 0.485188 1.492411 0.937646 1.098719 0.490503 0.000000
