50
0.000000 1.000000 2.000000 1.000000 1.592384 0.484752 0.279104 1.566966 0.364651 0.837702 1.787521 0.808436 0.163914 0.620176 0.332176 0.216355 0.257835 1.359513 0.842282 0.212911 0.420102 1.546780 0.974840 0.914403 0.878570 1.906765 0.331867 0.512870 1.743228 0.855466 1.732821 1.421842 1.381079 0.364061 1.252894 0.158086 1.328900 0.675459 1.325314 0.119525 1.031557 0.992968 0.740050 0.219263 1.957276 1.608437 1.072511 0.233582 0.145723 0.324709
1.000000 0.000000 1.000000 2.000000 1.407616 1.484752 0.720896 1.433034 0.635349 0.162298 1.212479 0.191564 1.163914 1.620176 0.667824 0.783645 1.257835 1.640487 1.842282 0.787089 1.420102 1.453220 0.025160 0.085597 1.878570 0.906765 0.668133 1.512870 1.256772 1.855466 0.732821 0.421842 1.618921 0.635939 0.252894 1.158086 1.671100 0.324541 1.674686 1.119525 0.031557 1.992968 0.259950 1.219263 0.957276 1.391563 0.072511 1.233582 0.854277 0.675291
2.000000 1.000000 0.000000 1.000000 0.407616 1.515248 1.720896 0.433034 1.635349 1.162298 0.212479 1.191564 1.836086 1.379824 1.667824 1.783645 1.742165 0.640487 1.157718 1.787089 1.579898 0.453220 1.025160 1.085597 1.121430 0.093235 1.668133 1.487130 0.256772 1.144534 0.267179 0.578158 0.618921 1.635939 0.747106 1.841914 0.671100 1.324541 0.674686 1.880475 0.968443 1.007032 1.259950 1.780737 0.042724 0.391563 0.927489 1.766418 1.854277 1.675291
1.000000 2.000000 1.000000 0.000000 0.592384 0.515248 1.279104 0.566966 1.364651 1.837702 0.787521 1.808436 0.836086 0.379824 1.332176 1.216355 0.742165 0.359513 0.157718 1.212911 0.579898 0.546780 1.974840 1.914403 0.121430 1.093235 1.331867 0.487130 0.743228 0.144534 1.267179 1.578158 0.381079 1.364061 1.747106 0.841914 0.328900 1.675459 0.325314 0.880475 1.968443 0.007032 1.740050 0.780737 1.042724 0.608437 1.927489 0.766418 1.145723 1.324709
1.592384 1.407616 0.407616 0.592384 0.000000 1.107632 1.871487 0.025417 1.957035 1.569914 0.195138 1.599180 1.428470 0.972208 1.924560 1.808739 1.334549 0.232871 0.750102 1.805295 1.172282 0.045604 1.432776 1.493213 0.713813 0.500852 1.924251 1.079514 0.150844 0.736918 0.674795 0.985774 0.211305 1.956445 1.154723 1.434298 0.263484 1.732157 0.267070 1.472859 1.376059 0.599416 1.667566 1.373121 0.450340 0.016054 1.335105 1.358802 1.738107 1.917093
0.484752 1.484752 1.515248 0.515248 1.107632 0.000000 0.763856 1.082214 0.849403 1.322454 1.302769 1.293188 0.320839 0.135424 0.816928 0.701108 0.226918 0.874761 0.357530 0.697663 0.064651 1.062028 1.459592 1.399155 0.393818 1.608483 0.816620 0.028118 1.258475 0.370714 1.782426 1.906595 0.896327 0.848813 1.737646 0.326666 0.844147 1.160211 0.840561 0.365228 1.516309 0.508216 1.224803 0.265489 1.557971 1.123685 1.557264 0.251170 0.630475 0.809462
0.279104 0.720896 1.720896 1.279104 1.871487 0.763856 0.000000 1.846070 0.085547 0.558598 1.933375 0.529332 0.443017 0.899280 0.053072 0.062748 0.536938 1.638617 1.121385 0.066193 0.699205 1.825883 0.695736 0.635300 1.157674 1.627661 0.052764 0.791974 1.977669 1.134570 1.453718 1.142739 1.660183 0.084957 0.973790 0.437190 1.608003 0.396355 1.604417 0.398628 0.752454 1.272072 0.460947 0.498367 1.678173 1.887541 0.793408 0.512686 0.133380 0.045606
1.566966 1.433034 0.433034 0.566966 0.025417 1.082214 1.846070 0.000000 1.931617 1.595332 0.220555 1.624598 1.403053 0.946791 1.899143 1.783322 1.309132 0.207453 0.724685 1.779877 1.146865 0.020187 1.458194 1.518630 0.688396 0.526269 1.898834 1.054097 0.176261 0.711500 0.700212 1.011191 0.185887 1.931027 1.180140 1.408880 0.238067 1.757575 0.241653 1.447442 1.401476 0.573998 1.692983 1.347703 0.475757 0.041471 1.360522 1.333384 1.712690 1.891676
0.364651 0.635349 1.635349 1.364651 1.957035 0.849403 0.085547 1.931617 0.000000 0.473051 1.847828 0.443785 0.528565 0.984827 0.032475 0.148296 0.622485 1.724164 1.206933 0.151740 0.784753 1.911431 0.610189 0.549752 1.243221 1.542114 0.032783 0.877521 1.892121 1.220117 1.368170 1.057191 1.745730 0.000590 0.888243 0.522737 1.693551 0.310808 1.689964 0.484176 0.666906 1.357619 0.375399 0.583914 1.592626 1.973088 0.707861 0.598233 0.218928 0.039941
0.837702 0.162298 1.162298 1.837702 1.569914 1.322454 0.558598 1.595332 0.473051 0.000000 1.374776 0.029266 1.001616 1.457878 0.505526 0.621347 1.095537 1.802785 1.679984 0.624791 1.257804 1.615518 0.137138 0.076701 1.716272 1.069062 0.505835 1.350572 1.419070 1.693168 0.895119 0.584140 1.781219 0.473641 0.415191 0.995788 1.833398 0.162243 1.836984 0.957227 0.193855 1.830670 0.097652 1.056965 1.119574 1.553860 0.234809 1.071284 0.691979 0.512993
1.787521 1.212479 0.212479 0.787521 0.195138 1.302769 1.933375 0.220555 1.847828 1.374776 0.000000 1.404043 1.623608 1.167346 1.880302 1.996123 1.529687 0.428008 0.945240 1.999568 1.367420 0.240742 1.237638 1.298075 0.908951 0.305714 1.880611 1.274652 0.044294 0.932056 0.479657 0.790636 0.406442 1.848418 0.959585 1.629435 0.458622 1.537020 0.462208 1.667997 1.180921 0.794554 1.472428 1.568258 0.255202 0.179084 1.139967 1.553939 1.933245 1.887769
0.808436 0.191564 1.191564 1.808436 1.599180 1.293188 0.529332 1.624598 0.443785 0.029266 1.404043 0.000000 0.972350 1.428612 0.476260 0.592081 1.066270 1.832051 1.650718 0.595525 1.228538 1.644784 0.166404 0.105967 1.687006 1.098329 0.476568 1.321306 1.448336 1.663902 0.924385 0.613406 1.810485 0.444375 0.444458 0.966522 1.862665 0.132977 1.866251 0.927961 0.223121 1.801404 0.068385 1.027699 1.148841 1.583127 0.264076 1.042018 0.662713 0.483726
0.163914 1.163914 1.836086 0.836086 1.428470 0.320839 0.443017 1.403053 0.528565 1.001616 1.623608 0.972350 0.000000 0.456262 0.496090 0.380269 0.093921 1.195599 0.678368 0.376825 0.256188 1.382866 1.138754 1.078317 0.714657 1.929322 0.495781 0.348956 1.579314 0.691552 1.896735 1.585756 1.217165 0.527975 1.416807 0.005828 1.164986 0.839373 1.161400 0.044389 1.195471 0.829054 0.903964 0.055349 1.878810 1.444524 1.236425 0.069668 0.309637 0.488623
0.620176 1.620176 1.379824 0.379824 0.972208 0.135424 0.899280 0.946791 0.984827 1.457878 1.167346 1.428612 0.456262 0.000000 0.952352 0.836531 0.362341 0.739337 0.222106 0.833087 0.200074 0.926604 1.595016 1.534579 0.258394 1.473060 0.952043 0.107306 1.123052 0.235290 1.647003 1.957982 0.760903 0.984237 1.873069 0.462090 0.708724 1.295635 0.705138 0.500651 1.651733 0.372792 1.360226 0.400913 1.422548 0.988262 1.692687 0.386594 0.765899 0.944885
0.332176 0.667824 1.667824 1.332176 1.924560 0.816928 0.053072 1.899143 0.032475 0.505526 1.880302 0.476260 0.496090 0.952352 0.000000 0.115821 0.590011 1.691689 1.174458 0.119265 0.752278 1.878956 0.642664 0.582227 1.210747 1.574588 0.000309 0.845046 1.924596 1.187642 1.400645 1.089666 1.713255 0.031885 0.920717 0.490262 1.661076 0.343283 1.657490 0.451701 0.699381 1.325144 0.407874 0.551439 1.625100 1.940614 0.740335 0.565758 0.186453 0.007467
0.216355 0.783645 1.783645 1.216355 1.808739 0.701108 0.062748 1.783322 0.148296 0.621347 1.996123 0.592081 0.380269 0.836531 0.115821 0.000000 0.474190 1.575868 1.058637 0.003445 0.636457 1.763135 0.758485 0.698048 1.094926 1.690409 0.115512 0.729225 1.959583 1.071821 1.516466 1.205487 1.597435 0.147705 1.036538 0.374441 1.545255 0.459104 1.541669 0.335880 0.815202 1.209323 0.523695 0.435618 1.740921 1.824793 0.856156 0.449937 0.070632 0.108354
0.257835 1.257835 1.742165 0.742165 1.334549 0.226918 0.536938 1.309132 0.622485 1.095537 1.529687 1.066270 0.093921 0.362341 0.590011 0.474190 0.000000 1.101678 0.584447 0.470745 0.162267 1.288945 1.232675 1.172238 0.620736 1.835401 0.589702 0.255035 1.485393 0.597631 1.990656 1.679677 1.123245 0.621895 1.510728 0.099748 1.071065 0.933293 1.067479 0.138310 1.289392 0.735133 0.997885 0.038571 1.784889 1.350603 1.330346 0.024252 0.403558 0.582544
1.359513 1.640487 0.640487 0.359513 0.232871 0.874761 1.638617 0.207453 1.724164 1.802785 0.428008 1.832051 1.195599 0.739337 1.691689 1.575868 1.101678 0.000000 0.517231 1.572424 0.939411 0.187267 1.665647 1.726084 0.480943 0.733722 1.691381 0.846643 0.383715 0.504047 0.907666 1.218645 0.021566 1.723574 1.387593 1.201427 0.030613 1.965028 0.034199 1.239988 1.608930 0.366545 1.900437 1.140250 0.683211 0.248924 1.567976 1.125931 1.505236 1.684223
0.842282 1.842282 1.157718 0.157718 0.750102 0.357530 1.121385 0.724685 1.206933 1.679984 0.945240 1.650718 0.678368 0.222106 1.174458 1.058637 0.584447 0.517231 0.000000 1.055193 0.422180 0.704498 1.817122 1.756685 0.036289 1.250954 1.174149 0.329412 0.900946 0.013184 1.424897 1.735876 0.538797 1.206343 1.904825 0.684196 0.486618 1.517741 0.483032 0.722757 1.873839 0.150686 1.582332 0.623019 1.200442 0.766156 1.914793 0.608700 0.988005 1.166991
0.212911 0.787089 1.787089 1.212911 1.805295 0.697663 0.066193 1.779877 0.151740 0.624791 1.999568 0.595525 0.376825 0.833087 0.119265 0.003445 0.470745 1.572424 1.055193 0.000000 0.633012 1.759691 0.761929 0.701492 1.091481 1.693854 0.118957 0.725781 1.956138 1.068377 1.519911 1.208932 1.593990 0.151150 1.039983 0.370997 1.541810 0.462548 1.538224 0.332435 0.818646 1.205879 0.527140 0.432174 1.744366 1.821348 0.859601 0.446493 0.067188 0.111799
0.420102 1.420102 1.579898 0.579898 1.172282 0.064651 0.699205 1.146865 0.784753 1.257804 1.367420 1.228538 0.256188 0.200074 0.752278 0.636457 0.162267 0.939411 0.422180 0.633012 0.000000 1.126678 1.394942 1.334505 0.458469 1.673134 0.751969 0.092768 1.323126 0.435364 1.847077 1.841944 0.960977 0.784162 1.672995 0.262016 0.908798 1.095561 0.905212 0.300577 1.451659 0.572866 1.160152 0.200839 1.622622 1.188336 1.492613 0.186520 0.565825 0.744811
1.546780 1.453220 0.453220 0.546780 0.045604 1.062028 1.825883 0.020187 1.911431 1.615518 0.240742 1.644784 1.382866 0.926604 1.878956 1.763135 1.288945 0.187267 0.704498 1.759691 1.126678 0.000000 1.478380 1.538817 0.668209 0.546456 1.878647 1.033910 0.196448 0.691314 0.720399 1.031378 0.165701 1.910841 1.200327 1.388694 0.217880 1.777761 0.221466 1.427255 1.421663 0.553812 1.713170 1.327517 0.495944 0.061658 1.380709 1.313198 1.692503 1.871489
0.974840 0.025160 1.025160 1.974840 1.432776 1.459592 0.695736 1.458194 0.610189 0.137138 1.237638 0.166404 1.138754 1.595016 0.642664 0.758485 1.232675 1.665647 1.817122 0.761929 1.394942 1.478380 0.000000 0.060437 1.853410 0.931925 0.642973 1.487710 1.281932 1.830306 0.757981 0.447002 1.644081 0.610779 0.278054 1.132926 1.696260 0.299381 1.699846 1.094365 0.056717 1.967808 0.234790 1.194103 0.982436 1.416723 0.097671 1.208422 0.829117 0.650131
0.914403 0.085597 1.085597 1.914403 1.493213 1.399155 0.635300 1.518630 0.549752 0.076701 1.298075 0.105967 1.078317 1.534579 0.582227 0.698048 1.172238 1.726084 1.756685 0.701492 1.334505 1.538817 0.060437 0.000000 1.792974 0.992361 0.582536 1.427273 1.342369 1.769869 0.818418 0.507439 1.704518 0.550342 0.338490 1.072489 1.756697 0.238944 1.760283 1.033928 0.117154 1.907371 0.174353 1.133666 1.042873 1.477159 0.158108 1.147985 0.768680 0.589694
0.878570 1.878570 1.121430 0.121430 0.713813 0.393818 1.157674 0.688396 1.243221 1.716272 0.908951 1.687006 0.714657 0.258394 1.210747 1.094926 0.620736 0.480943 0.036289 1.091481 0.458469 0.668209 1.853410 1.792974 0.000000 1.214665 1.210438 0.365701 0.864657 0.023104 1.388608 1.699587 0.502509 1.242631 1.868536 0.720484 0.450329 1.554029 0.446743 0.759046 1.910128 0.114398 1.618621 0.659307 1.164153 0.729867 1.951082 0.644988 1.024294 1.203280
1.906765 0.906765 0.093235 1.093235 0.500852 1.608483 1.627661 0.526269 1.542114 1.069062 0.305714 1.098329 1.929322 1.473060 1.574588 1.690409 1.835401 0.733722 1.250954 1.693854 1.673134 0.546456 0.931925 0.992361 1.214665 0.000000 1.574897 1.580366 0.350008 1.237769 0.173943 0.484922 0.712156 1.542704 0.653871 1.935149 0.764336 1.231306 0.767922 1.973711 0.875207 1.100268 1.166714 1.873972 0.050512 0.484798 0.834253 1.859653 1.761041 1.582055
0.331867 0.668133 1.668133 1.331867 1.924251 0.816620 0.052764 1.898834 0.032783 0.505835 1.880611 0.476568 0.495781 0.952043 0.000309 0.115512 0.589702 1.691381 1.174149 0.118957 0.751969 1.878647 0.642973 0.582536 1.210438 1.574897 0.000000 0.844737 1.924905 1.187333 1.400954 1.089975 1.712947 0.032193 0.921026 0.489954 1.660767 0.343591 1.657181 0.451392 0.699690 1.324835 0.408183 0.551131 1.625409 1.940305 0.740644 0.565450 0.186144 0.007158
0.512870 1.512870 1.487130 0.487130 1.079514 0.028118 0.791974 1.054097 0.877521 1.350572 1.274652 1.321306 0.348956 0.107306 0.845046 0.729225 0.255035 0.846643 0.329412 0.725781 0.092768 1.033910 1.487710 1.427273 0.365701 1.580366 0.844737 0.000000 1.230358 0.342596 1.754309 1.934712 0.868209 0.876931 1.765763 0.354784 0.816030 1.188329 0.812444 0.393345 1.544427 0.480098 1.252920 0.293607 1.529854 1.095568 1.585381 0.279288 0.658593 0.837579
1.743228 1.256772 0.256772 0.743228 0.150844 1.258475 1.977669 0.176261 1.892121 1.419070 0.044294 1.448336 1.579314 1.123052 1.924596 1.959583 1.485393 0.383715 0.900946 1.956138 1.323126 0.196448 1.281932 1.342369 0.864657 0.350008 1.924905 1.230358 0.000000 0.887762 0.523951 0.834930 0.362148 1.892712 1.003879 1.585141 0.414328 1.581313 0.417914 1.623703 1.225215 0.750260 1.516722 1.523965 0.299496 0.134790 1.184261 1.509645 1.888951 1.932063
0.855466 1.855466 1.144534 0.144534 0.736918 0.370714 1.134570 0.711500 1.220117 1.693168 0.932056 1.663902 0.691552 0.235290 1.187642 1.071821 0.597631 0.504047 0.013184 1.068377 0.435364 0.691314 1.830306 1.769869 0.023104 1.237769 1.187333 0.342596 0.887762 0.000000 1.411713 1.722692 0.525613 1.219527 1.891640 0.697380 0.473434 1.530925 0.469848 0.735941 1.887023 0.137502 1.595516 0.636203 1.187258 0.752971 1.927977 0.621884 1.001189 1.180175
1.732821 0.732821 0.267179 1.267179 0.674795 1.782426 1.453718 0.700212 1.368170 0.895119 0.479657 0.924385 1.896735 1.647003 1.400645 1.516466 1.990656 0.907666 1.424897 1.519911 1.847077 0.720399 0.757981 0.818418 1.388608 0.173943 1.400954 1.754309 0.523951 1.411713 0.000000 0.310979 0.886099 1.368761 0.479928 1.890907 0.938279 1.057362 0.941865 1.852346 0.701264 1.274211 0.992771 1.952084 0.224455 0.658741 0.660310 1.966403 1.587098 1.408112
1.421842 0.421842 0.578158 1.578158 0.985774 1.906595 1.142739 1.011191 1.057191 0.584140 0.790636 0.613406 1.585756 1.957982 1.089666 1.205487 1.679677 1.218645 1.735876 1.208932 1.841944 1.031378 0.447002 0.507439 1.699587 0.484922 1.089975 1.934712 0.834930 1.722692 0.310979 0.000000 1.197078 1.057782 0.168949 1.579928 1.249258 0.746383 1.252844 1.541367 0.390285 1.585190 0.681792 1.641105 0.535434 0.969720 0.349331 1.655424 1.276119 1.097133
1.381079 1.618921 0.618921 0.381079 0.211305 0.896327 1.660183 0.185887 1.745730 1.781219 0.406442 1.810485 1.217165 0.760903 1.713255 1.597435 1.123245 0.021566 0.538797 1.593990 0.960977 0.165701 1.644081 1.704518 0.502509 0.712156 1.712947 0.868209 0.362148 0.525613 0.886099 1.197078 0.000000 1.745140 1.366027 1.222993 0.052180 1.943462 0.055766 1.261554 1.587364 0.388111 1.878870 1.161816 0.661644 0.227358 1.546409 1.147497 1.526802 1.705789
0.364061 0.635939 1.635939 1.364061 1.956445 0.848813 0.084957 1.931027 0.000590 0.473641 1.848418 0.444375 0.527975 0.984237 0.031885 0.147705 0.621895 1.723574 1.206343 0.151150 0.784162 1.910841 0.610779 0.550342 1.242631 1.542704 0.032193 0.876931 1.892712 1.219527 1.368761 1.057782 1.745140 0.000000 0.888833 0.522147 1.692960 0.311398 1.689374 0.483586 0.667496 1.357029 0.375990 0.583324 1.593216 1.972498 0.708451 0.597643 0.218338 0.039351
1.252894 0.252894 0.747106 1.747106 1.154723 1.737646 0.973790 1.180140 0.888243 0.415191 0.959585 0.444458 1.416807 1.873069 0.920717 1.036538 1.510728 1.387593 1.904825 1.039983 1.672995 1.200327 0.278054 0.338490 1.868536 0.653871 0.921026 1.765763 1.003879 1.891640 0.479928 0.168949 1.366027 0.888833 0.000000 1.410980 1.418207 0.577435 1.421793 1.372418 0.221336 1.754139 0.512843 1.472157 0.704383 1.138669 0.180382 1.486476 1.107170 0.928184
0.158086 1.158086 1.841914 0.841914 1.434298 0.326666 0.437190 1.408880 0.522737 0.995788 1.629435 0.966522 0.005828 0.462090 0.490262 0.374441 0.099748 1.201427 0.684196 0.370997 0.262016 1.388694 1.132926 1.072489 0.720484 1.935149 0.489954 0.354784 1.585141 0.697380 1.890907 1.579928 1.222993 0.522147 1.410980 0.000000 1.170813 0.833545 1.167227 0.038561 1.189643 0.834882 0.898137 0.061177 1.884637 1.450351 1.230598 0.075496 0.303809 0.482796
1.328900 1.671100 0.671100 0.328900 0.263484 0.844147 1.608003 0.238067 1.693551 1.833398 0.458622 1.862665 1.164986 0.708724 1.661076 1.545255 1.071065 0.030613 0.486618 1.541810 0.908798 0.217880 1.696260 1.756697 0.450329 0.764336 1.660767 0.816030 0.414328 0.473434 0.938279 1.249258 0.052180 1.692960 1.418207 1.170813 0.000000 1.995641 0.003586 1.209375 1.639543 0.335932 1.931050 1.109637 0.713824 0.279538 1.598589 1.095317 1.474623 1.653609
0.675459 0.324541 1.324541 1.675459 1.732157 1.160211 0.396355 1.757575 0.310808 0.162243 1.537020 0.132977 0.839373 1.295635 0.343283 0.459104 0.933293 1.965028 1.517741 0.462548 1.095561 1.777761 0.299381 0.238944 1.554029 1.231306 0.343591 1.188329 1.581313 1.530925 1.057362 0.746383 1.943462 0.311398 0.577435 0.833545 1.995641 0.000000 1.999228 0.794984 0.356098 1.668427 0.064591 0.894722 1.281818 1.716104 0.397053 0.909041 0.529736 0.350749
1.325314 1.674686 0.674686 0.325314 0.267070 0.840561 1.604417 0.241653 1.689964 1.836984 0.462208 1.866251 1.161400 0.705138 1.657490 1.541669 1.067479 0.034199 0.483032 1.538224 0.905212 0.221466 1.699846 1.760283 0.446743 0.767922 1.657181 0.812444 0.417914 0.469848 0.941865 1.252844 0.055766 1.689374 1.421793 1.167227 0.003586 1.999228 0.000000 1.205789 1.643129 0.332346 1.934636 1.106050 0.717410 0.283124 1.602175 1.091731 1.471037 1.650023
0.119525 1.119525 1.880475 0.880475 1.472859 0.365228 0.398628 1.447442 0.484176 0.957227 1.667997 0.927961 0.044389 0.500651 0.451701 0.335880 0.138310 1.239988 0.722757 0.332435 0.300577 1.427255 1.094365 1.033928 0.759046 1.973711 0.451392 0.393345 1.623703 0.735941 1.852346 1.541367 1.261554 0.483586 1.372418 0.038561 1.209375 0.794984 1.205789 0.000000 1.151082 0.873443 0.859575 0.099738 1.923199 1.488913 1.192036 0.114057 0.265248 0.444234
1.031557 0.031557 0.968443 1.968443 1.376059 1.516309 0.752454 1.401476 0.666906 0.193855 1.180921 0.223121 1.195471 1.651733 0.699381 0.815202 1.289392 1.608930 1.873839 0.818646 1.451659 1.421663 0.056717 0.117154 1.910128 0.875207 0.699690 1.544427 1.225215 1.887023 0.701264 0.390285 1.587364 0.667496 0.221336 1.189643 1.639543 0.356098 1.643129 1.151082 0.000000 1.975475 0.291507 1.250820 0.925719 1.360005 0.040954 1.265139 0.885834 0.706848
0.992968 1.992968 1.007032 0.007032 0.599416 0.508216 1.272072 0.573998 1.357619 1.830670 0.794554 1.801404 0.829054 0.372792 1.325144 1.209323 0.735133 0.366545 0.150686 1.205879 0.572866 0.553812 1.967808 1.907371 0.114398 1.100268 1.324835 0.480098 0.750260 0.137502 1.274211 1.585190 0.388111 1.357029 1.754139 0.834882 0.335932 1.668427 0.332346 0.873443 1.975475 0.000000 1.733018 0.773705 1.049756 0.615470 1.934521 0.759386 1.138691 1.317677
0.740050 0.259950 1.259950 1.740050 1.667566 1.224803 0.460947 1.692983 0.375399 0.097652 1.472428 0.068385 0.903964 1.360226 0.407874 0.523695 0.997885 1.900437 1.582332 0.527140 1.160152 1.713170 0.234790 0.174353 1.618621 1.166714 0.408183 1.252920 1.516722 1.595516 0.992771 0.681792 1.878870 0.375990 0.512843 0.898137 1.931050 0.064591 1.934636 0.859575 0.291507 1.733018 0.000000 0.959313 1.217226 1.651512 0.332461 0.973633 0.594327 0.415341
0.219263 1.219263 1.780737 0.780737 1.373121 0.265489 0.498367 1.347703 0.583914 1.056965 1.568258 1.027699 0.055349 0.400913 0.551439 0.435618 0.038571 1.140250 0.623019 0.432174 0.200839 1.327517 1.194103 1.133666 0.659307 1.873972 0.551131 0.293607 1.523965 0.636203 1.952084 1.641105 1.161816 0.583324 1.472157 0.061177 1.109637 0.894722 1.106050 0.099738 1.250820 0.773705 0.959313 0.000000 1.823460 1.389174 1.291775 0.014319 0.364986 0.543973
1.957276 0.957276 0.042724 1.042724 0.450340 1.557971 1.678173 0.475757 1.592626 1.119574 0.255202 1.148841 1.878810 1.422548 1.625100 1.740921 1.784889 0.683211 1.200442 1.744366 1.622622 0.495944 0.982436 1.042873 1.164153 0.050512 1.625409 1.529854 0.299496 1.187258 0.224455 0.535434 0.661644 1.593216 0.704383 1.884637 0.713824 1.281818 0.717410 1.923199 0.925719 1.049756 1.217226 1.823460 0.000000 0.434286 0.884765 1.809141 1.811553 1.632567
1.608437 1.391563 0.391563 0.608437 0.016054 1.123685 1.887541 0.041471 1.973088 1.553860 0.179084 1.583127 1.444524 0.988262 1.940614 1.824793 1.350603 0.248924 0.766156 1.821348 1.188336 0.061658 1.416723 1.477159 0.729867 0.484798 1.940305 1.095568 0.134790 0.752971 0.658741 0.969720 0.227358 1.972498 1.138669 1.450351 0.279538 1.716104 0.283124 1.488913 1.360005 0.615470 1.651512 1.389174 0.434286 0.000000 1.319051 1.374855 1.754161 1.933147
1.072511 0.072511 0.927489 1.927489 1.335105 1.557264 0.793408 1.360522 0.707861 0.234809 1.139967 0.264076 1.236425 1.692687 0.740335 0.856156 1.330346 1.567976 1.914793 0.859601 1.492613 1.380709 0.097671 0.158108 1.951082 0.834253 0.740644 1.585381 1.184261 1.927977 0.660310 0.349331 1.546409 0.708451 0.180382 1.230598 1.598589 0.397053 1.602175 1.192036 0.040954 1.934521 0.332461 1.291775 0.884765 1.319051 0.000000 1.306094 0.926788 0.747802
0.233582 1.233582 1.766418 0.766418 1.358802 0.251170 0.512686 1.333384 0.598233 1.071284 1.553939 1.042018 0.069668 0.386594 0.565758 0.449937 0.024252 1.125931 0.608700 0.446493 0.186520 1.313198 1.208422 1.147985 0.644988 1.859653 0.565450 0.279288 1.509645 0.621884 1.966403 1.655424 1.147497 0.597643 1.486476 0.075496 1.095317 0.909041 1.091731 0.114057 1.265139 0.759386 0.973633 0.014319 1.809141 1.374855 1.306094 0.000000 0.379305 0.558292
0.145723 0.854277 1.854277 1.145723 1.738107 0.630475 0.133380 1.712690 0.218928 0.691979 1.933245 0.662713 0.309637 0.765899 0.186453 0.070632 0.403558 1.505236 0.988005 0.067188 0.565825 1.692503 0.829117 0.768680 1.024294 1.761041 0.186144 0.658593 1.888951 1.001189 1.587098 1.276119 1.526802 0.218338 1.107170 0.303809 1.474623 0.529736 1.471037 0.265248 0.885834 1.138691 0.594327 0.364986 1.811553 1.754161 0.926788 0.379305 0.000000 0.178986
0.324709 0.675291 1.675291 1.324709 1.917093 0.809462 0.045606 1.891676 0.039941 0.512993 1.887769 0.483726 0.488623 0.944885 0.007467 0.108354 0.582544 1.684223 1.166991 0.111799 0.744811 1.871489 0.650131 0.589694 1.203280 1.582055 0.007158 0.837579 1.932063 1.180175 1.408112 1.097133 1.705789 0.039351 0.928184 0.482796 1.653609 0.350749 1.650023 0.444234 0.706848 1.317677 0.415341 0.543973 1.632567 1.933147 0.747802 0.558292 0.178986 0.000000
