10
0.000000 1.000000 2.000000 1.000000 1.569541 0.329319 0.735761 0.412372 1.878704 0.637760
1.000000 0.000000 1.000000 2.000000 1.430459 1.329319 0.264239 1.412372 1.121296 0.362240
2.000000 1.000000 0.000000 1.000000 0.430459 1.670681 1.264239 1.587628 0.121296 1.362240
1.000000 2.000000 1.000000 0.000000 0.569541 0.670681 1.735761 0.587628 0.878704 1.637760
1.569541 1.430459 0.430459 0.569541 0.000000 1.240222 1.694698 1.157169 0.309162 1.792698
0.329319 1.329319 1.670681 0.670681 1.240222 0.000000 1.065081 0.083053 1.549384 0.967080
0.735761 0.264239 1.264239 1.735761 1.694698 1.065081 0.000000 1.148133 1.385535 0.098001
0.412372 1.412372 1.587628 0.587628 1.157169 0.083053 1.148133 0.000000 1.466331 1.050132
1.878704 1.121296 0.121296 0.878704 0.309162 1.549384 1.385535 1.466331 0.000000 1.483536
0.637760 0.362240 1.362240 1.637760 1.792698 0.967080 0.098001 1.050132 1.483536 0.000000
