25
0.000000 1.000000 2.000000 1.000000 0.834359 0.544957 0.796630 0.810417 1.018519 1.527373 1.089553 1.959336 1.852440 1.416751 1.110701 1.925445 0.879723 1.728860 0.999158 1.639057 1.152006 0.181432 1.457991 0.339735 0.247154
1.000000 0.000000 1.000000 2.000000 1.834359 0.455043 0.203370 0.189583 1.981481 0.527373 0.089553 1.040664 1.147560 0.416751 1.889299 1.074555 0.120277 1.271140 0.000842 0.639057 1.847994 1.181432 0.457991 0.660265 0.752846
2.000000 1.000000 0.000000 1.000000 1.165641 1.455043 1.203370 1.189583 0.981481 0.472627 0.910447 0.040664 0.147560 0.583249 0.889299 0.074555 1.120277 0.271140 1.000842 0.360943 0.847994 1.818568 0.542009 1.660265 1.752846
1.000000 2.000000 1.000000 0.000000 0.165641 1.544957 1.796630 1.810417 0.018519 1.472627 1.910447 0.959336 0.852440 1.583249 0.110701 0.925445 1.879723 0.728860 1.999158 1.360943 0.152006 0.818568 1.542009 1.339735 1.247154
0.834359 1.834359 1.165641 0.165641 0.000000 1.379316 1.630989 1.644776 0.184160 1.638268 1.923912 1.124977 1.018081 1.748890 0.276342 1.091086 1.714082 0.894501 1.833517 1.526584 0.317647 0.652927 1.707650 1.174094 1.081513
0.544957 0.455043 1.455043 1.544957 1.379316 0.000000 0.251673 0.265460 1.563476 0.982416 0.544596 1.495707 1.602603 0.871794 1.655658 1.529598 0.334766 1.726183 0.454201 1.094100 1.696964 0.726389 0.913033 0.205222 0.297803
0.796630 0.203370 1.203370 1.796630 1.630989 0.251673 0.000000 0.013787 1.815149 0.730743 0.292923 1.244034 1.350930 0.620121 1.907331 1.277925 0.083093 1.474510 0.202528 0.842427 1.948637 0.978062 0.661360 0.456895 0.549476
0.810417 0.189583 1.189583 1.810417 1.644776 0.265460 0.013787 0.000000 1.828936 0.716956 0.279136 1.230247 1.337143 0.606334 1.921118 1.264138 0.069306 1.460723 0.188741 0.828640 1.962424 0.991849 0.647573 0.470682 0.563263
1.018519 1.981481 0.981481 0.018519 0.184160 1.563476 1.815149 1.828936 0.000000 1.454108 1.891928 0.940817 0.833921 1.564730 0.092183 0.906927 1.898241 0.710341 1.982324 1.342424 0.133488 0.837087 1.523491 1.358254 1.265673
1.527373 0.527373 0.472627 1.472627 1.638268 0.982416 0.730743 0.716956 1.454108 0.000000 0.437820 0.513291 0.620187 0.110622 1.361925 0.547181 0.647650 0.743767 0.528216 0.111684 1.320620 1.708805 0.069383 1.187638 1.280219
1.089553 0.089553 0.910447 1.910447 1.923912 0.544596 0.292923 0.279136 1.891928 0.437820 0.000000 0.951111 1.058007 0.327198 1.799745 0.985001 0.209830 1.181587 0.090396 0.549504 1.758440 1.270985 0.368437 0.749818 0.842399
1.959336 1.040664 0.040664 0.959336 1.124977 1.495707 1.244034 1.230247 0.940817 0.513291 0.951111 0.000000 0.106896 0.623913 0.848634 0.033890 1.160941 0.230476 1.041507 0.401607 0.807329 1.777904 0.582674 1.700929 1.793510
1.852440 1.147560 0.147560 0.852440 1.018081 1.602603 1.350930 1.337143 0.833921 0.620187 1.058007 0.106896 0.000000 0.730809 0.741739 0.073005 1.267837 0.123580 1.148402 0.508503 0.700433 1.671008 0.689570 1.807825 1.900406
1.416751 0.416751 0.583249 1.583249 1.748890 0.871794 0.620121 0.606334 1.564730 0.110622 0.327198 0.623913 0.730809 0.000000 1.472548 0.657804 0.537028 0.854389 0.417593 0.222306 1.431243 1.598183 0.041240 1.077016 1.169597
1.110701 1.889299 0.889299 0.110701 0.276342 1.655658 1.907331 1.921118 0.092183 1.361925 1.799745 0.848634 0.741739 1.472548 0.000000 0.814744 1.990424 0.618159 1.890141 1.250242 0.041305 0.929269 1.431308 1.450436 1.357855
1.925445 1.074555 0.074555 0.925445 1.091086 1.529598 1.277925 1.264138 0.906927 0.547181 0.985001 0.033890 0.073005 0.657804 0.814744 0.000000 1.194832 0.196585 1.075397 0.435498 0.773439 1.744013 0.616564 1.734820 1.827401
0.879723 0.120277 1.120277 1.879723 1.714082 0.334766 0.083093 0.069306 1.898241 0.647650 0.209830 1.160941 1.267837 0.537028 1.990424 1.194832 0.000000 1.391417 0.119435 0.759334 1.968271 1.061155 0.578268 0.539988 0.632569
1.728860 1.271140 0.271140 0.728860 0.894501 1.726183 1.474510 1.460723 0.710341 0.743767 1.181587 0.230476 0.123580 0.854389 0.618159 0.196585 1.391417 0.000000 1.271982 0.632083 0.576854 1.547428 0.813149 1.931405 1.976014
0.999158 0.000842 1.000842 1.999158 1.833517 0.454201 0.202528 0.188741 1.982324 0.528216 0.090396 1.041507 1.148402 0.417593 1.890141 1.075397 0.119435 1.271982 0.000000 0.639899 1.848836 1.180590 0.458833 0.659423 0.752004
1.639057 0.639057 0.360943 1.360943 1.526584 1.094100 0.842427 0.828640 1.342424 0.111684 0.549504 0.401607 0.508503 0.222306 1.250242 0.435498 0.759334 0.632083 0.639899 0.000000 1.208936 1.820489 0.181066 1.299322 1.391903
1.152006 1.847994 0.847994 0.152006 0.317647 1.696964 1.948637 1.962424 0.133488 1.320620 1.758440 0.807329 0.700433 1.431243 0.041305 0.773439 1.968271 0.576854 1.848836 1.208936 0.000000 0.970574 1.390003 1.491742 1.399160
0.181432 1.181432 1.818568 0.818568 0.652927 0.726389 0.978062 0.991849 0.837087 1.708805 1.270985 1.777904 1.671008 1.598183 0.929269 1.744013 1.061155 1.547428 1.180590 1.820489 0.970574 0.000000 1.639423 0.521167 0.428586
1.457991 0.457991 0.542009 1.542009 1.707650 0.913033 0.661360 0.647573 1.523491 0.069383 0.368437 0.582674 0.689570 0.041240 1.431308 0.616564 0.578268 0.813149 0.458833 0.181066 1.390003 1.639423 0.000000 1.118255 1.210837
0.339735 0.660265 1.660265 1.339735 1.174094 0.205222 0.456895 0.470682 1.358254 1.187638 0.749818 1.700929 1.807825 1.077016 1.450436 1.734820 0.539988 1.931405 0.659423 1.299322 1.491742 0.521167 1.118255 0.000000 0.092581
0.247154 0.752846 1.752846 1.247154 1.081513 0.297803 0.549476 0.563263 1.265673 1.280219 0.842399 1.793510 1.900406 1.169597 1.357855 1.827401 0.632569 1.976014 0.752004 1.391903 1.399160 0.428586 1.210837 0.092581 0.000000
