20
0.000000 1.000000 2.000000 1.000000 0.022484 0.282203 1.022245 0.398779 1.894961 0.468338 1.975619 0.825435 1.515480 0.600196 0.395589 0.698167 0.896943 1.844982 0.517325 1.564418
1.000000 0.000000 1.000000 2.000000 0.977516 0.717797 1.977755 0.601221 1.105039 1.468338 0.975619 1.825435 0.515480 0.399804 0.604411 0.301833 1.896943 1.155018 1.517325 0.564418
2.000000 1.000000 0.000000 1.000000 1.977516 1.717797 0.977755 1.601221 0.105039 1.531662 0.024381 1.174565 0.484520 1.399804 1.604411 1.301833 1.103057 0.155018 1.482675 0.435582
1.000000 2.000000 1.000000 0.000000 1.022484 1.282203 0.022245 1.398779 0.894961 0.531662 1.024381 0.174565 1.484520 1.600196 1.395589 1.698167 0.103057 0.844982 0.482675 1.435582
0.022484 0.977516 1.977516 1.022484 0.000000 0.259719 1.044730 0.376295 1.917445 0.490823 1.953134 0.847920 1.492996 0.577711 0.373104 0.675683 0.919427 1.867467 0.539809 1.541934
0.282203 0.717797 1.717797 1.282203 0.259719 0.000000 1.304448 0.116576 1.822836 0.750541 1.693415 1.107639 1.233277 0.317993 0.113385 0.415964 1.179146 1.872815 0.799528 1.282215
1.022245 1.977755 0.977755 0.022245 1.044730 1.304448 0.000000 1.421025 0.872715 0.553907 1.002136 0.196810 1.462275 1.622441 1.417834 1.720413 0.125303 0.822737 0.504921 1.413336
0.398779 0.601221 1.601221 1.398779 0.376295 0.116576 1.421025 0.000000 1.706260 0.867118 1.576839 1.224215 1.116701 0.201416 0.003191 0.299388 1.295722 1.756238 0.916104 1.165639
1.894961 1.105039 0.105039 0.894961 1.917445 1.822836 0.872715 1.706260 0.000000 1.426622 0.129421 1.069525 0.589559 1.504844 1.709451 1.406872 0.998018 0.049978 1.377636 0.540621
0.468338 1.468338 1.531662 0.531662 0.490823 0.750541 0.553907 0.867118 1.426622 0.000000 1.556043 0.357097 1.983818 1.068534 0.863927 1.166506 0.428605 1.376644 0.048986 1.967243
1.975619 0.975619 0.024381 1.024381 1.953134 1.693415 1.002136 1.576839 0.129421 1.556043 0.000000 1.198946 0.460139 1.375423 1.580030 1.277451 1.127439 0.179399 1.507057 0.411200
0.825435 1.825435 1.174565 0.174565 0.847920 1.107639 0.196810 1.224215 1.069525 0.357097 1.198946 0.000000 1.659084 1.425631 1.221024 1.523603 0.071507 1.019547 0.308111 1.610146
1.515480 0.515480 0.484520 1.484520 1.492996 1.233277 1.462275 1.116701 0.589559 1.983818 0.460139 1.659084 0.000000 0.915284 1.119891 0.817313 1.587577 0.639538 1.967195 0.048938
0.600196 0.399804 1.399804 1.600196 0.577711 0.317993 1.622441 0.201416 1.504844 1.068534 1.375423 1.425631 0.915284 0.000000 0.204607 0.097972 1.497138 1.554822 1.117520 0.964223
0.395589 0.604411 1.604411 1.395589 0.373104 0.113385 1.417834 0.003191 1.709451 0.863927 1.580030 1.221024 1.119891 0.204607 0.000000 0.302579 1.292531 1.759429 0.912913 1.168830
0.698167 0.301833 1.301833 1.698167 0.675683 0.415964 1.720413 0.299388 1.406872 1.166506 1.277451 1.523603 0.817313 0.097972 0.302579 0.000000 1.595110 1.456850 1.215492 0.866251
0.896943 1.896943 1.103057 0.103057 0.919427 1.179146 0.125303 1.295722 0.998018 0.428605 1.127439 0.071507 1.587577 1.497138 1.292531 1.595110 0.000000 0.948039 0.379618 1.538639
1.844982 1.155018 0.155018 0.844982 1.867467 1.872815 0.822737 1.756238 0.049978 1.376644 0.179399 1.019547 0.639538 1.554822 1.759429 1.456850 0.948039 0.000000 1.327658 0.590599
0.517325 1.517325 1.482675 0.482675 0.539809 0.799528 0.504921 0.916104 1.377636 0.048986 1.507057 0.308111 1.967195 1.117520 0.912913 1.215492 0.379618 1.327658 0.000000 1.918257
1.564418 0.564418 0.435582 1.435582 1.541934 1.282215 1.413336 1.165639 0.540621 1.967243 0.411200 1.610146 0.048938 0.964223 1.168830 0.866251 1.538639 0.590599 1.918257 0.000000
