40
0.000000 1.000000 2.000000 1.000000 0.741625 1.214468 0.458726 1.093457 0.803116 1.818369 1.654678 0.453754 0.541076 1.079622 1.386982 0.685915 1.822748 0.032320 1.911443 0.520583 1.760269 0.750698 0.136111 0.880992 0.322752 0.803256 0.401912 1.552339 0.563503 0.169905 1.230899 0.176682 1.251254 0.009407 1.038526 0.039013 1.460918 0.339773 1.397538 0.734029
1.000000 0.000000 1.000000 2.000000 1.741625 1.785532 1.458726 0.093457 0.196884 1.181631 0.654678 0.546246 1.541076 0.079622 1.613018 1.685915 1.177252 0.967680 1.088557 0.479417 1.239731 1.750698 0.863889 0.119008 0.677248 0.196744 1.401912 0.552339 1.563503 0.830095 1.769101 0.823318 1.748746 0.990593 0.038526 1.039013 1.539082 1.339773 0.397538 0.265971
2.000000 1.000000 0.000000 1.000000 1.258375 0.785532 1.541274 0.906543 1.196884 0.181631 0.345322 1.546246 1.458924 0.920378 0.613018 1.314085 0.177252 1.967680 0.088557 1.479417 0.239731 1.249302 1.863889 1.119008 1.677248 1.196744 1.598088 0.447661 1.436497 1.830095 0.769101 1.823318 0.748746 1.990593 0.961474 1.960987 0.539082 1.660227 0.602462 1.265971
1.000000 2.000000 1.000000 0.000000 0.258375 0.214468 0.541274 1.906543 1.803116 0.818369 1.345322 1.453754 0.458924 1.920378 0.386982 0.314085 0.822748 1.032320 0.911443 1.520583 0.760269 0.249302 1.136111 1.880992 1.322752 1.803256 0.598088 1.447661 0.436497 1.169905 0.230899 1.176682 0.251254 1.009407 1.961474 0.960987 0.460918 0.660227 1.602462 1.734029
0.741625 1.741625 1.258375 0.258375 0.000000 0.472844 0.282898 1.835081 1.544740 1.076745 1.603698 1.195379 0.200548 1.821247 0.645357 0.055710 1.081123 0.773944 1.169818 1.262208 1.018644 0.009073 0.877736 1.622617 1.064376 1.544881 0.339713 1.706036 0.178122 0.911530 0.489275 0.918306 0.509630 0.751032 1.780151 0.702612 0.719293 0.401852 1.860838 1.475654
1.214468 1.785532 0.785532 0.214468 0.472844 0.000000 0.755742 1.692075 1.982416 0.603901 1.130854 1.668223 0.673392 1.705909 0.172514 0.528554 0.608279 1.246788 0.696974 1.735051 0.545801 0.463771 1.350579 1.904540 1.537220 1.982276 0.812557 1.233193 0.650966 1.384374 0.016431 1.391150 0.036786 1.223875 1.747005 1.175456 0.246450 0.874695 1.387994 1.948497
0.458726 1.458726 1.541274 0.541274 0.282898 0.755742 0.000000 1.552183 1.261842 1.359643 1.886596 0.912481 0.082350 1.538349 0.928256 0.227188 1.364021 0.491046 1.452716 0.979309 1.301543 0.291971 0.594837 1.339718 0.781478 1.261982 0.056815 1.988935 0.104776 0.628632 0.772173 0.635408 0.792528 0.468133 1.497253 0.419714 1.002192 0.118953 1.856264 1.192755
1.093457 0.093457 0.906543 1.906543 1.835081 1.692075 1.552183 0.000000 0.290341 1.088174 0.561221 0.639702 1.634533 0.013834 1.519561 1.779371 1.083796 1.061137 0.995101 0.572874 1.146275 1.844154 0.957345 0.212464 0.770705 0.290201 1.495368 0.458882 1.656959 0.923551 1.675644 0.916775 1.655289 1.084049 0.054930 1.132469 1.445625 1.433230 0.304081 0.359428
0.803116 0.196884 1.196884 1.803116 1.544740 1.982416 1.261842 0.290341 0.000000 1.378515 0.851562 0.349361 1.344192 0.276507 1.809902 1.489030 1.374137 0.770796 1.285442 0.282533 1.436615 1.553813 0.667005 0.077877 0.480364 0.000140 1.205027 0.749223 1.366618 0.633210 1.965985 0.626434 1.945630 0.793709 0.235411 0.842128 1.735966 1.142889 0.594422 0.069087
1.818369 1.181631 0.181631 0.818369 1.076745 0.603901 1.359643 1.088174 1.378515 0.000000 0.526953 1.727876 1.277293 1.102008 0.431387 1.132455 0.004378 1.850689 0.093073 1.661047 0.058101 1.067672 1.954481 1.300638 1.858879 1.378374 1.416458 0.629291 1.254867 1.988275 0.587470 1.995051 0.567115 1.827777 1.143104 1.779357 0.357451 1.478596 0.784093 1.447601
1.654678 0.654678 0.345322 1.345322 1.603698 1.130854 1.886596 0.561221 0.851562 0.526953 0.000000 1.200924 1.804246 0.575055 0.958340 1.659408 0.522574 1.622358 0.433880 1.134095 0.585053 1.594624 1.518567 0.773686 1.331926 0.851422 1.943411 0.102339 1.781820 1.484772 1.114423 1.477996 1.094068 1.645271 0.616151 1.693691 0.884404 1.994451 0.257140 0.920649
0.453754 0.546246 1.546246 1.453754 1.195379 1.668223 0.912481 0.639702 0.349361 1.727876 1.200924 0.000000 0.994831 0.625868 1.840736 1.139669 1.723498 0.421435 1.634803 0.066829 1.785977 1.204452 0.317643 0.427238 0.131003 0.349502 0.855666 1.098585 1.017257 0.283849 1.684654 0.277073 1.705009 0.444347 0.584772 0.492767 1.914672 0.793527 0.943783 0.280275
0.541076 1.541076 1.458924 0.458924 0.200548 0.673392 0.082350 1.634533 1.344192 1.277293 1.804246 0.994831 0.000000 1.620699 0.845906 0.144838 1.281671 0.573396 1.370366 1.061659 1.219192 0.209621 0.677188 1.422069 0.863828 1.344333 0.139165 1.906584 0.022426 0.710982 0.689823 0.717758 0.710178 0.550484 1.579603 0.502064 0.919842 0.201303 1.938614 1.275105
1.079622 0.079622 0.920378 1.920378 1.821247 1.705909 1.538349 0.013834 0.276507 1.102008 0.575055 0.625868 1.620699 0.000000 1.533395 1.765537 1.097630 1.047303 1.008935 0.559039 1.160109 1.830320 0.943511 0.198630 0.756871 0.276366 1.481534 0.472717 1.643125 0.909717 1.689478 0.902941 1.669123 1.070215 0.041096 1.118635 1.459460 1.419396 0.317915 0.345593
1.386982 1.613018 0.613018 0.386982 0.645357 0.172514 0.928256 1.519561 1.809902 0.431387 0.958340 1.840736 0.845906 1.533395 0.000000 0.701068 0.435766 1.419302 0.524460 1.907565 0.373287 0.636284 1.523093 1.732026 1.709734 1.809762 0.985071 1.060679 0.823480 1.556888 0.156083 1.563664 0.135728 1.396389 1.574491 1.347969 0.073936 1.047209 1.215480 1.878989
0.685915 1.685915 1.314085 0.314085 0.055710 0.528554 0.227188 1.779371 1.489030 1.132455 1.659408 1.139669 0.144838 1.765537 0.701068 0.000000 1.136833 0.718234 1.225528 1.206498 1.074354 0.064783 0.822026 1.566907 1.008666 1.489171 0.284003 1.761746 0.122412 0.855820 0.544985 0.862596 0.565340 0.695322 1.724441 0.646902 0.775003 0.346141 1.916548 1.419944
1.822748 1.177252 0.177252 0.822748 1.081123 0.608279 1.364021 1.083796 1.374137 0.004378 0.522574 1.723498 1.281671 1.097630 0.435766 1.136833 0.000000 1.855067 0.088695 1.656669 0.062479 1.072050 1.958859 1.296260 1.854501 1.373996 1.420836 0.624913 1.259245 1.992653 0.591848 1.999429 0.571493 1.832155 1.138726 1.783735 0.361830 1.482975 0.779715 1.443223
0.032320 0.967680 1.967680 1.032320 0.773944 1.246788 0.491046 1.061137 0.770796 1.850689 1.622358 0.421435 0.573396 1.047303 1.419302 0.718234 1.855067 0.000000 1.943762 0.488263 1.792588 0.783017 0.103792 0.848673 0.290432 0.770936 0.434231 1.520019 0.595822 0.137586 1.263219 0.144362 1.283574 0.022912 1.006207 0.071332 1.493238 0.372093 1.365218 0.701709
1.911443 1.088557 0.088557 0.911443 1.169818 0.696974 1.452716 0.995101 1.285442 0.093073 0.433880 1.634803 1.370366 1.008935 0.524460 1.225528 0.088695 1.943762 0.000000 1.567974 0.151174 1.160745 1.952446 1.207565 1.765806 1.285301 1.509531 0.536218 1.347940 1.918652 0.680543 1.911876 0.660188 1.920850 1.050031 1.872430 0.450525 1.571669 0.691020 1.354528
0.520583 0.479417 1.479417 1.520583 1.262208 1.735051 0.979309 0.572874 0.282533 1.661047 1.134095 0.066829 1.061659 0.559039 1.907565 1.206498 1.656669 0.488263 1.567974 0.000000 1.719148 1.271281 0.384472 0.360409 0.197831 0.282673 0.922495 1.031756 1.084086 0.350678 1.751482 0.343901 1.771837 0.511176 0.517943 0.559596 1.981501 0.860356 0.876955 0.213446
1.760269 1.239731 0.239731 0.760269 1.018644 0.545801 1.301543 1.146275 1.436615 0.058101 0.585053 1.785977 1.219192 1.160109 0.373287 1.074354 0.062479 1.792588 0.151174 1.719148 0.000000 1.009571 1.896380 1.358739 1.916979 1.436475 1.358357 0.687392 1.196766 1.930174 0.529369 1.936951 0.509015 1.769676 1.201205 1.721256 0.299351 1.420496 0.842194 1.505702
0.750698 1.750698 1.249302 0.249302 0.009073 0.463771 0.291971 1.844154 1.553813 1.067672 1.594624 1.204452 0.209621 1.830320 0.636284 0.064783 1.072050 0.783017 1.160745 1.271281 1.009571 0.000000 0.886809 1.631690 1.073449 1.553954 0.348786 1.696963 0.187195 0.920603 0.480202 0.927379 0.500557 0.760105 1.789224 0.711685 0.710220 0.410925 1.851765 1.484727
0.136111 0.863889 1.863889 1.136111 0.877736 1.350579 0.594837 0.957345 0.667005 1.954481 1.518567 0.317643 0.677188 0.943511 1.523093 0.822026 1.958859 0.103792 1.952446 0.384472 1.896380 0.886809 0.000000 0.744881 0.186641 0.667145 0.538023 1.416228 0.699614 0.033794 1.367011 0.040571 1.387365 0.126704 0.902415 0.175124 1.597029 0.475884 1.261426 0.597918
0.880992 0.119008 1.119008 1.880992 1.622617 1.904540 1.339718 0.212464 0.077877 1.300638 0.773686 0.427238 1.422069 0.198630 1.732026 1.566907 1.296260 0.848673 1.207565 0.360409 1.358739 1.631690 0.744881 0.000000 0.558241 0.077736 1.282904 0.671347 1.444495 0.711087 1.888108 0.704311 1.867754 0.871585 0.157534 0.920005 1.658090 1.220765 0.516545 0.146963
0.322752 0.677248 1.677248 1.322752 1.064376 1.537220 0.781478 0.770705 0.480364 1.858879 1.331926 0.131003 0.863828 0.756871 1.709734 1.008666 1.854501 0.290432 1.765806 0.197831 1.916979 1.073449 0.186641 0.558241 0.000000 0.480504 0.724663 1.229587 0.886254 0.152846 1.553651 0.146070 1.574006 0.313345 0.715775 0.361764 1.783670 0.662525 1.074786 0.411277
0.803256 0.196744 1.196744 1.803256 1.544881 1.982276 1.261982 0.290201 0.000140 1.378374 0.851422 0.349502 1.344333 0.276366 1.809762 1.489171 1.373996 0.770936 1.285301 0.282673 1.436475 1.553954 0.667145 0.077736 0.480504 0.000000 1.205168 0.749083 1.366759 0.633351 1.965845 0.626574 1.945490 0.793849 0.235270 0.842269 1.735826 1.143029 0.594282 0.069227
0.401912 1.401912 1.598088 0.598088 0.339713 0.812557 0.056815 1.495368 1.205027 1.416458 1.943411 0.855666 0.139165 1.481534 0.985071 0.284003 1.420836 0.434231 1.509531 0.922495 1.358357 0.348786 0.538023 1.282904 0.724663 1.205168 0.000000 1.954251 0.161591 0.571817 0.828988 0.578593 0.849343 0.411319 1.440438 0.362899 1.059006 0.062138 1.799449 1.135941
1.552339 0.552339 0.447661 1.447661 1.706036 1.233193 1.988935 0.458882 0.749223 0.629291 0.102339 1.098585 1.906584 0.472717 1.060679 1.761746 0.624913 1.520019 0.536218 1.031756 0.687392 1.696963 1.416228 0.671347 1.229587 0.749083 1.954251 0.000000 1.884158 1.382434 1.216762 1.375657 1.196407 1.542932 0.513813 1.591352 0.986743 1.892112 0.154801 0.818310
0.563503 1.563503 1.436497 0.436497 0.178122 0.650966 0.104776 1.656959 1.366618 1.254867 1.781820 1.017257 0.022426 1.643125 0.823480 0.122412 1.259245 0.595822 1.347940 1.084086 1.196766 0.187195 0.699614 1.444495 0.886254 1.366759 0.161591 1.884158 0.000000 0.733408 0.667397 0.740184 0.687752 0.572910 1.602029 0.524490 0.897415 0.223729 1.961040 1.297532
0.169905 0.830095 1.830095 1.169905 0.911530 1.384374 0.628632 0.923551 0.633210 1.988275 1.484772 0.283849 0.710982 0.909717 1.556888 0.855820 1.992653 0.137586 1.918652 0.350678 1.930174 0.920603 0.033794 0.711087 0.152846 0.633351 0.571817 1.382434 0.733408 0.000000 1.400805 0.006776 1.421160 0.160498 0.868621 0.208918 1.630823 0.509679 1.227632 0.564124
1.230899 1.769101 0.769101 0.230899 0.489275 0.016431 0.772173 1.675644 1.965985 0.587470 1.114423 1.684654 0.689823 1.689478 0.156083 0.544985 0.591848 1.263219 0.680543 1.751482 0.529369 0.480202 1.367011 1.888108 1.553651 1.965845 0.828988 1.216762 0.667397 1.400805 0.000000 1.407581 0.020355 1.240307 1.730574 1.191887 0.230019 0.891126 1.371563 1.964928
0.176682 0.823318 1.823318 1.176682 0.918306 1.391150 0.635408 0.916775 0.626434 1.995051 1.477996 0.277073 0.717758 0.902941 1.563664 0.862596 1.999429 0.144362 1.911876 0.343901 1.936951 0.927379 0.040571 0.704311 0.146070 0.626574 0.578593 1.375657 0.740184 0.006776 1.407581 0.000000 1.427936 0.167275 0.861845 0.215694 1.637600 0.516455 1.220856 0.557347
1.251254 1.748746 0.748746 0.251254 0.509630 0.036786 0.792528 1.655289 1.945630 0.567115 1.094068 1.705009 0.710178 1.669123 0.135728 0.565340 0.571493 1.283574 0.660188 1.771837 0.509015 0.500557 1.387365 1.867754 1.574006 1.945490 0.849343 1.196407 0.687752 1.421160 0.020355 1.427936 0.000000 1.260661 1.710219 1.212242 0.209664 0.911481 1.351208 1.985283
0.009407 0.990593 1.990593 1.009407 0.751032 1.223875 0.468133 1.084049 0.793709 1.827777 1.645271 0.444347 0.550484 1.070215 1.396389 0.695322 1.832155 0.022912 1.920850 0.511176 1.769676 0.760105 0.126704 0.871585 0.313345 0.793849 0.411319 1.542932 0.572910 0.160498 1.240307 0.167275 1.260661 0.000000 1.029119 0.048420 1.470325 0.349180 1.388130 0.724622
1.038526 0.038526 0.961474 1.961474 1.780151 1.747005 1.497253 0.054930 0.235411 1.143104 0.616151 0.584772 1.579603 0.041096 1.574491 1.724441 1.138726 1.006207 1.050031 0.517943 1.201205 1.789224 0.902415 0.157534 0.715775 0.235270 1.440438 0.513813 1.602029 0.868621 1.730574 0.861845 1.710219 1.029119 0.000000 1.077539 1.500556 1.378300 0.359011 0.304497
0.039013 1.039013 1.960987 0.960987 0.702612 1.175456 0.419714 1.132469 0.842128 1.779357 1.693691 0.492767 0.502064 1.118635 1.347969 0.646902 1.783735 0.071332 1.872430 0.559596 1.721256 0.711685 0.175124 0.920005 0.361764 0.842269 0.362899 1.591352 0.524490 0.208918 1.191887 0.215694 1.212242 0.048420 1.077539 0.000000 1.421905 0.300760 1.436550 0.773042
1.460918 1.539082 0.539082 0.460918 0.719293 0.246450 1.002192 1.445625 1.735966 0.357451 0.884404 1.914672 0.919842 1.459460 0.073936 0.775003 0.361830 1.493238 0.450525 1.981501 0.299351 0.710220 1.597029 1.658090 1.783670 1.735826 1.059006 0.986743 0.897415 1.630823 0.230019 1.637600 0.209664 1.470325 1.500556 1.421905 0.000000 1.121145 1.141544 1.805053
0.339773 1.339773 1.660227 0.660227 0.401852 0.874695 0.118953 1.433230 1.142889 1.478596 1.994451 0.793527 0.201303 1.419396 1.047209 0.346141 1.482975 0.372093 1.571669 0.860356 1.420496 0.410925 0.475884 1.220765 0.662525 1.143029 0.062138 1.892112 0.223729 0.509679 0.891126 0.516455 0.911481 0.349180 1.378300 0.300760 1.121145 0.000000 1.737311 1.073802
1.397538 0.397538 0.602462 1.602462 1.860838 1.387994 1.856264 0.304081 0.594422 0.784093 0.257140 0.943783 1.938614 0.317915 1.215480 1.916548 0.779715 1.365218 0.691020 0.876955 0.842194 1.851765 1.261426 0.516545 1.074786 0.594282 1.799449 0.154801 1.961040 1.227632 1.371563 1.220856 1.351208 1.388130 0.359011 1.436550 1.141544 1.737311 0.000000 0.663509
0.734029 0.265971 1.265971 1.734029 1.475654 1.948497 1.192755 0.359428 0.069087 1.447601 0.920649 0.280275 1.275105 0.345593 1.878989 1.419944 1.443223 0.701709 1.354528 0.213446 1.505702 1.484727 0.597918 0.146963 0.411277 0.069227 1.135941 0.818310 1.297532 0.564124 1.964928 0.557347 1.985283 0.724622 0.304497 0.773042 1.805053 1.073802 0.663509 0.000000
