25
0.000000 1.000000 2.000000 1.000000 1.693074 1.265441 0.608181 0.186207 1.936093 1.052640 0.384275 1.262307 1.654754 0.209140 0.821476 0.995494 1.275188 1.565529 1.042712 1.651731 0.527682 0.724069 1.111788 0.596285 1.792174
1.000000 0.000000 1.000000 2.000000 1.306926 1.734559 1.608181 1.186207 1.063907 1.947360 0.615725 1.737693 0.654754 0.790860 0.178524 1.995494 0.275188 1.434471 1.957288 1.348269 0.472318 0.275931 0.111788 1.596285 1.207826
2.000000 1.000000 0.000000 1.000000 0.306926 0.734559 1.391819 1.813793 0.063907 0.947360 1.615725 0.737693 0.345246 1.790860 1.178524 1.004506 0.724812 0.434471 0.957288 0.348269 1.472318 1.275931 0.888212 1.403715 0.207826
1.000000 2.000000 1.000000 0.000000 0.693074 0.265441 0.391819 0.813793 0.936093 0.052640 1.384275 0.262307 1.345246 1.209140 1.821476 0.004506 1.724812 0.565529 0.042712 0.651731 1.527682 1.724069 1.888212 0.403715 0.792174
1.693074 1.306926 0.306926 0.693074 0.000000 0.427633 1.084893 1.506867 0.243019 0.640434 1.922651 0.430767 0.652172 1.902214 1.485450 0.697580 1.031738 0.127545 0.650362 0.041343 1.779245 1.582857 1.195139 1.096789 0.099100
1.265441 1.734559 0.734559 0.265441 0.427633 0.000000 0.657261 1.079235 0.670651 0.212801 1.649716 0.003134 1.079805 1.474581 1.913083 0.269948 1.459371 0.300088 0.222729 0.386290 1.793123 1.989510 1.622771 0.669156 0.526732
0.608181 1.608181 1.391819 0.391819 1.084893 0.657261 0.000000 0.421974 1.327912 0.444459 0.992456 0.654126 1.737065 0.817321 1.429657 0.387313 1.883369 0.957348 0.434532 1.043550 1.135862 1.332250 1.719968 0.011896 1.183993
0.186207 1.186207 1.813793 0.813793 1.506867 1.079235 0.421974 0.000000 1.749886 0.866433 0.570482 1.076100 1.840960 0.395347 1.007683 0.809287 1.461394 1.379322 0.856506 1.465524 0.713888 0.910276 1.297994 0.410078 1.605967
1.936093 1.063907 0.063907 0.936093 0.243019 0.670651 1.327912 1.749886 0.000000 0.883453 1.679632 0.673786 0.409154 1.854767 1.242431 0.940599 0.788720 0.370564 0.893380 0.284362 1.536226 1.339838 0.952120 1.339808 0.143919
1.052640 1.947360 0.947360 0.052640 0.640434 0.212801 0.444459 0.866433 0.883453 0.000000 1.436915 0.209667 1.292606 1.261780 1.874116 0.057146 1.672172 0.512889 0.009928 0.599091 1.580322 1.776709 1.835572 0.456355 0.739533
0.384275 0.615725 1.615725 1.384275 1.922651 1.649716 0.992456 0.570482 1.679632 1.436915 0.000000 1.646582 1.270479 0.175135 0.437201 1.379769 0.890913 1.949804 1.426987 1.963994 0.143407 0.339794 0.727513 0.980560 1.823552
1.262307 1.737693 0.737693 0.262307 0.430767 0.003134 0.654126 1.076100 0.673786 0.209667 1.646582 0.000000 1.082939 1.471447 1.916217 0.266813 1.462505 0.303222 0.219595 0.389424 1.789989 1.986376 1.625905 0.666022 0.529867
1.654754 0.654754 0.345246 1.345246 0.652172 1.079805 1.737065 1.840960 0.409154 1.292606 1.270479 1.082939 0.000000 1.445614 0.833278 1.349752 0.379566 0.779717 1.302534 0.693515 1.127072 0.930685 0.542966 1.748961 0.553073
0.209140 0.790860 1.790860 1.209140 1.902214 1.474581 0.817321 0.395347 1.854767 1.261780 0.175135 1.471447 1.445614 0.000000 0.612336 1.204634 1.066048 1.774669 1.251852 1.860871 0.318542 0.514929 0.902647 0.805425 1.998686
0.821476 0.178524 1.178524 1.821476 1.485450 1.913083 1.429657 1.007683 1.242431 1.874116 0.437201 1.916217 0.833278 0.612336 0.000000 1.816970 0.453712 1.612995 1.864188 1.526793 0.293794 0.097407 0.290312 1.417761 1.386351
0.995494 1.995494 1.004506 0.004506 0.697580 0.269948 0.387313 0.809287 0.940599 0.057146 1.379769 0.266813 1.349752 1.204634 1.816970 0.000000 1.729318 0.570035 0.047219 0.656237 1.523175 1.719563 1.892719 0.399209 0.796680
1.275188 0.275188 0.724812 1.724812 1.031738 1.459371 1.883369 1.461394 0.788720 1.672172 0.890913 1.462505 0.379566 1.066048 0.453712 1.729318 0.000000 1.159283 1.682100 1.073081 0.747506 0.551119 0.163400 1.871473 0.932639
1.565529 1.434471 0.434471 0.565529 0.127545 0.300088 0.957348 1.379322 0.370564 0.512889 1.949804 0.303222 0.779717 1.774669 1.612995 0.570035 1.159283 0.000000 0.522817 0.086202 1.906789 1.710402 1.322683 0.969244 0.226644
1.042712 1.957288 0.957288 0.042712 0.650362 0.222729 0.434532 0.856506 0.893380 0.009928 1.426987 0.219595 1.302534 1.251852 1.864188 0.047219 1.682100 0.522817 0.000000 0.609018 1.570394 1.766781 1.845500 0.446427 0.749461
1.651731 1.348269 0.348269 0.651731 0.041343 0.386290 1.043550 1.465524 0.284362 0.599091 1.963994 0.389424 0.693515 1.860871 1.526793 0.656237 1.073081 0.086202 0.609018 0.000000 1.820588 1.624200 1.236482 1.055446 0.140443
0.527682 0.472318 1.472318 1.527682 1.779245 1.793123 1.135862 0.713888 1.536226 1.580322 0.143407 1.789989 1.127072 0.318542 0.293794 1.523175 0.747506 1.906789 1.570394 1.820588 0.000000 0.196387 0.584106 1.123967 1.680145
0.724069 0.275931 1.275931 1.724069 1.582857 1.989510 1.332250 0.910276 1.339838 1.776709 0.339794 1.986376 0.930685 0.514929 0.097407 1.719563 0.551119 1.710402 1.766781 1.624200 0.196387 0.000000 0.387719 1.320354 1.483757
1.111788 0.111788 0.888212 1.888212 1.195139 1.622771 1.719968 1.297994 0.952120 1.835572 0.727513 1.625905 0.542966 0.902647 0.290312 1.892719 0.163400 1.322683 1.845500 1.236482 0.584106 0.387719 0.000000 1.708072 1.096039
0.596285 1.596285 1.403715 0.403715 1.096789 0.669156 0.011896 0.410078 1.339808 0.456355 0.980560 0.666022 1.748961 0.805425 1.417761 0.399209 1.871473 0.969244 0.446427 1.055446 1.123967 1.320354 1.708072 0.000000 1.195889
1.792174 1.207826 0.207826 0.792174 0.099100 0.526732 1.183993 1.605967 0.143919 0.739533 1.823552 0.529867 0.553073 1.998686 1.386351 0.796680 0.932639 0.226644 0.749461 0.140443 1.680145 1.483757 1.096039 1.195889 0.000000
