15
0.000000 1.000000 2.000000 1.000000 1.322295 1.268615 0.815435 0.322189 1.495198 0.559419 1.089315 0.607541 0.915468 1.749204 0.158665
1.000000 0.000000 1.000000 2.000000 1.677705 0.268615 1.815435 1.322189 0.495198 1.559419 0.089315 0.392459 0.084532 0.749204 0.841335
2.000000 1.000000 0.000000 1.000000 0.677705 0.731385 1.184565 1.677811 0.504802 1.440581 0.910685 1.392459 1.084532 0.250796 1.841335
1.000000 2.000000 1.000000 0.000000 0.322295 1.731385 0.184565 0.677811 1.504802 0.440581 1.910685 1.607541 1.915468 1.250796 1.158665
1.322295 1.677705 0.677705 0.322295 0.000000 1.409090 0.506860 1.000106 1.182507 0.762876 1.588390 1.929836 1.762237 0.928501 1.480960
1.268615 0.268615 0.731385 1.731385 1.409090 0.000000 1.915950 1.590804 0.226584 1.828033 0.179299 0.661074 0.353147 0.480589 1.109950
0.815435 1.815435 1.184565 0.184565 0.506860 1.915950 0.000000 0.493246 1.689366 0.256017 1.904751 1.422976 1.730903 1.435361 0.974100
0.322189 1.322189 1.677811 0.677811 1.000106 1.590804 0.493246 0.000000 1.817387 0.237230 1.411504 0.929730 1.237657 1.928607 0.480854
1.495198 0.495198 0.504802 1.504802 1.182507 0.226584 1.689366 1.817387 0.000000 1.945383 0.405883 0.887657 0.579731 0.254006 1.336534
0.559419 1.559419 1.440581 0.440581 0.762876 1.828033 0.256017 0.237230 1.945383 0.000000 1.648734 1.166959 1.474886 1.691378 0.718083
1.089315 0.089315 0.910685 1.910685 1.588390 0.179299 1.904751 1.411504 0.405883 1.648734 0.000000 0.481774 0.173848 0.659889 0.930651
0.607541 0.392459 1.392459 1.607541 1.929836 0.661074 1.422976 0.929730 0.887657 1.166959 0.481774 0.000000 0.307927 1.141663 0.448876
0.915468 0.084532 1.084532 1.915468 1.762237 0.353147 1.730903 1.237657 0.579731 1.474886 0.173848 0.307927 0.000000 0.833736 0.756803
1.749204 0.749204 0.250796 1.250796 0.928501 0.480589 1.435361 1.928607 0.254006 1.691378 0.659889 1.141663 0.833736 0.000000 1.590539
0.158665 0.841335 1.841335 1.158665 1.480960 1.109950 0.974100 0.480854 1.336534 0.718083 0.930651 0.448876 0.756803 1.590539 0.000000
