15
0.000000 1.000000 2.000000 1.000000 0.805298 1.228410 0.937479 0.538925 1.030637 0.381717 1.668224 0.955970 0.412450 1.544265 0.295691
1.000000 0.000000 1.000000 2.000000 0.194702 1.771590 0.062521 0.461075 1.969363 1.381717 1.331776 0.044030 0.587550 0.544265 0.704309
2.000000 1.000000 0.000000 1.000000 1.194702 0.771590 1.062521 1.461075 0.969363 1.618283 0.331776 1.044030 1.587550 0.455735 1.704309
1.000000 2.000000 1.000000 0.000000 1.805298 0.228410 1.937479 1.538925 0.030637 0.618283 0.668224 1.955970 1.412450 1.455735 1.295691
0.805298 0.194702 1.194702 1.805298 0.000000 1.966292 0.132181 0.266373 1.835936 1.187015 1.526478 0.150672 0.392848 0.738967 0.509607
1.228410 1.771590 0.771590 0.228410 1.966292 0.000000 1.834111 1.767335 0.197772 0.846692 0.439814 1.815620 1.640860 1.227325 1.524101
0.937479 0.062521 1.062521 1.937479 0.132181 1.834111 0.000000 0.398554 1.968116 1.319196 1.394297 0.018491 0.525029 0.606786 0.641788
0.538925 0.461075 1.461075 1.538925 0.266373 1.767335 0.398554 0.000000 1.569563 0.920643 1.792851 0.417045 0.126476 1.005340 0.243235
1.030637 1.969363 0.969363 0.030637 1.835936 0.197772 1.968116 1.569563 0.000000 0.648920 0.637586 1.986608 1.443087 1.425098 1.326328
0.381717 1.381717 1.618283 0.618283 1.187015 0.846692 1.319196 0.920643 0.648920 0.000000 1.286506 1.337687 0.794167 1.925982 0.677408
1.668224 1.331776 0.331776 0.668224 1.526478 0.439814 1.394297 1.792851 0.637586 1.286506 0.000000 1.375806 1.919327 0.787511 1.963914
0.955970 0.044030 1.044030 1.955970 0.150672 1.815620 0.018491 0.417045 1.986608 1.337687 1.375806 0.000000 0.543520 0.588295 0.660279
0.412450 0.587550 1.587550 1.412450 0.392848 1.640860 0.525029 0.126476 1.443087 0.794167 1.919327 0.543520 0.000000 1.131815 0.116759
1.544265 0.544265 0.455735 1.455735 0.738967 1.227325 0.606786 1.005340 1.425098 1.925982 0.787511 0.588295 1.131815 0.000000 1.248574
0.295691 0.704309 1.704309 1.295691 0.509607 1.524101 0.641788 0.243235 1.326328 0.677408 1.963914 0.660279 0.116759 1.248574 0.000000
