50
0.000000 1.000000 2.000000 1.000000 0.193154 0.719089 0.289419 0.381508 0.965022 0.445230 0.060749 0.911868 1.254872 0.956118 0.796480 0.152286 0.686524 1.574159 1.762178 0.775536 1.303197 0.053594 1.848412 1.011264 1.204143 1.185149 0.694625 0.992496 1.581178 0.592425 0.367305 0.540412 0.697403 0.209063 1.864919 0.641163 0.484309 1.781515 1.462062 0.581656 0.237277 0.157359 1.174600 0.135957 0.044523 0.655959 0.933043 1.516968 1.765076 1.239043
1.000000 0.000000 1.000000 2.000000 0.806846 0.280911 0.710581 1.381508 0.034978 1.445230 0.939251 0.088132 1.745128 1.956118 1.796480 0.847714 0.313476 1.425841 0.762178 0.224464 1.696803 1.053594 0.848412 0.011264 0.204143 0.185149 1.694625 1.992496 0.581178 1.592425 1.367305 0.459588 0.302597 0.790937 1.135081 1.641163 0.515691 1.218485 0.462062 0.418344 1.237277 1.157359 1.825400 0.864043 0.955477 1.655959 0.066957 1.483032 0.765076 1.760957
2.000000 1.000000 0.000000 1.000000 1.806846 1.280911 1.710581 1.618492 1.034978 1.554770 1.939251 1.088132 0.745128 1.043882 1.203520 1.847714 1.313476 0.425841 0.237822 1.224464 0.696803 1.946406 0.151588 0.988736 0.795857 0.814851 1.305375 1.007504 0.418822 1.407575 1.632695 1.459588 1.302597 1.790937 0.135081 1.358837 1.515691 0.218485 0.537938 1.418344 1.762723 1.842641 0.825400 1.864043 1.955477 1.344041 1.066957 0.483032 0.234924 0.760957
1.000000 2.000000 1.000000 0.000000 1.193154 1.719089 1.289419 0.618492 1.965022 0.554770 1.060749 1.911868 0.254872 0.043882 0.203520 1.152286 1.686524 0.574159 1.237822 1.775536 0.303197 0.946406 1.151588 1.988736 1.795857 1.814851 0.305375 0.007504 1.418822 0.407575 0.632695 1.540412 1.697403 1.209063 0.864919 0.358837 1.484309 0.781515 1.537938 1.581656 0.762723 0.842641 0.174600 1.135957 1.044523 0.344041 1.933043 0.516968 1.234924 0.239043
0.193154 0.806846 1.806846 1.193154 0.000000 0.525935 0.096265 0.574663 0.771868 0.638385 0.132406 0.718713 1.448027 1.149272 0.989635 0.040869 0.493369 1.767313 1.569024 0.582381 1.496351 0.246748 1.655258 0.818109 1.010989 0.991995 0.887779 1.185650 1.388023 0.785579 0.560459 0.347257 0.504249 0.015909 1.941927 0.834317 0.291155 1.974669 1.268907 0.388501 0.430431 0.350513 1.367755 0.057198 0.148631 0.849114 0.739889 1.710122 1.571922 1.432198
0.719089 0.280911 1.280911 1.719089 0.525935 0.000000 0.429670 1.100598 0.245933 1.164319 0.658341 0.192778 1.973962 1.675207 1.515570 0.566804 0.032566 1.706752 1.043089 0.056446 1.977714 0.772683 1.129323 0.292174 0.485054 0.466060 1.413714 1.711585 0.862089 1.311514 1.086394 0.178678 0.021686 0.510026 1.415992 1.360252 0.234780 1.499396 0.742973 0.137434 0.956366 0.876448 1.893690 0.583132 0.674566 1.375048 0.213954 1.763943 1.045987 1.958133
0.289419 0.710581 1.710581 1.289419 0.096265 0.429670 0.000000 0.670928 0.675603 0.734649 0.228671 0.622448 1.544292 1.245537 1.085900 0.137134 0.397104 1.863578 1.472759 0.486116 1.592616 0.343013 1.558993 0.721844 0.914724 0.895730 0.984044 1.281915 1.291759 0.881844 0.656724 0.250992 0.407984 0.080356 1.845662 0.930582 0.194890 1.929066 1.172643 0.292236 0.526696 0.446778 1.464020 0.153462 0.244896 0.945378 0.643624 1.806387 1.475657 1.528463
0.381508 1.381508 1.618492 0.618492 0.574663 1.100598 0.670928 0.000000 1.346531 0.063722 0.442257 1.293376 0.873364 0.574610 0.414972 0.533794 1.068032 1.192650 1.856313 1.157044 0.921688 0.327915 1.770079 1.392772 1.585652 1.566658 0.313116 0.610987 1.962686 0.210916 0.014203 0.921920 1.078912 0.590572 1.483411 0.259654 0.865818 1.400006 1.843570 0.963164 0.144231 0.224149 0.793092 0.517465 0.426031 0.274451 1.314551 1.135459 1.853416 0.857535
0.965022 0.034978 1.034978 1.965022 0.771868 0.245933 0.675603 1.346531 0.000000 1.410253 0.904274 0.053155 1.780105 1.921140 1.761503 0.812737 0.278499 1.460819 0.797156 0.189487 1.731781 1.018616 0.883390 0.046241 0.239121 0.220127 1.659647 1.957518 0.616155 1.557447 1.332327 0.424611 0.267619 0.755959 1.170059 1.606185 0.480713 1.253463 0.497039 0.383367 1.202299 1.122381 1.860377 0.829066 0.920499 1.620982 0.031979 1.518010 0.800054 1.795934
0.445230 1.445230 1.554770 0.554770 0.638385 1.164319 0.734649 0.063722 1.410253 0.000000 0.505979 1.357098 0.809642 0.510888 0.351250 0.597516 1.131754 1.128928 1.792592 1.220766 0.857966 0.391637 1.706358 1.456494 1.649373 1.630379 0.249395 0.547266 1.973592 0.147195 0.077925 0.985642 1.142633 0.654293 1.419689 0.195932 0.929539 1.336284 1.907292 1.026886 0.207953 0.287871 0.729370 0.581187 0.489753 0.210729 1.378273 1.071737 1.789694 0.793813
0.060749 0.939251 1.939251 1.060749 0.132406 0.658341 0.228671 0.442257 0.904274 0.505979 0.000000 0.851119 1.315621 1.016867 0.857229 0.091537 0.625775 1.634907 1.701430 0.714787 1.363945 0.114342 1.787663 0.950515 1.143395 1.124401 0.755374 1.053245 1.520429 0.653173 0.428054 0.479663 0.636654 0.148314 1.925668 0.701911 0.423560 1.842263 1.401313 0.520907 0.298026 0.218108 1.235349 0.075208 0.016226 0.716708 0.872294 1.577716 1.704327 1.299792
0.911868 0.088132 1.088132 1.911868 0.718713 0.192778 0.622448 1.293376 0.053155 1.357098 0.851119 0.000000 1.833260 1.867986 1.708348 0.759582 0.225344 1.513974 0.850311 0.136332 1.784936 0.965461 0.936545 0.099396 0.292276 0.273282 1.606492 1.904363 0.669310 1.504292 1.279173 0.371456 0.214464 0.702804 1.223213 1.553030 0.427558 1.306618 0.550194 0.330212 1.149145 1.069227 1.913532 0.775911 0.867345 1.567827 0.021175 1.571165 0.853208 1.849089
1.254872 1.745128 0.745128 0.254872 1.448027 1.973962 1.544292 0.873364 1.780105 0.809642 1.315621 1.833260 0.000000 0.298754 0.458392 1.407158 1.941396 0.319286 0.982949 1.969592 0.048324 1.201279 0.896716 1.733864 1.540984 1.559978 0.560247 0.262377 1.163950 0.662448 0.887567 1.795284 1.952275 1.463935 0.610047 0.613710 1.739181 0.526642 1.283066 1.836528 1.017595 1.097513 0.080272 1.390829 1.299395 0.598913 1.812085 0.262095 0.980052 0.015829
0.956118 1.956118 1.043882 0.043882 1.149272 1.675207 1.245537 0.574610 1.921140 0.510888 1.016867 1.867986 0.298754 0.000000 0.159638 1.108404 1.642642 0.618041 1.281704 1.731654 0.347078 0.902524 1.195470 1.967382 1.839739 1.858733 0.261493 0.036378 1.462704 0.363693 0.588813 1.496530 1.653521 1.165181 0.908801 0.314955 1.440427 0.825397 1.581820 1.537774 0.718841 0.798759 0.218482 1.092075 1.000641 0.300159 1.889161 0.560850 1.278806 0.282925
0.796480 1.796480 1.203520 0.203520 0.989635 1.515570 1.085900 0.414972 1.761503 0.351250 0.857229 1.708348 0.458392 0.159638 0.000000 0.948766 1.483004 0.777678 1.441341 1.572016 0.506716 0.742887 1.355107 1.807744 1.999376 1.981630 0.101856 0.196015 1.622342 0.204056 0.429175 1.336892 1.493884 1.005544 1.068439 0.155318 1.280790 0.985034 1.741458 1.378136 0.559203 0.639121 0.378120 0.932437 0.841003 0.140521 1.729523 0.720487 1.438444 0.442563
0.152286 0.847714 1.847714 1.152286 0.040869 0.566804 0.137134 0.533794 0.812737 0.597516 0.091537 0.759582 1.407158 1.108404 0.948766 0.000000 0.534238 1.726444 1.609893 0.623250 1.455482 0.205879 1.696127 0.858978 1.051858 1.032864 0.846910 1.144781 1.428892 0.744710 0.519591 0.388126 0.545118 0.056778 1.982795 0.793448 0.332024 1.933800 1.309776 0.429370 0.389563 0.309645 1.326886 0.016329 0.107763 0.808245 0.780757 1.669253 1.612790 1.391329
0.686524 0.313476 1.313476 1.686524 0.493369 0.032566 0.397104 1.068032 0.278499 1.131754 0.625775 0.225344 1.941396 1.642642 1.483004 0.534238 0.000000 1.739318 1.075655 0.089012 1.989720 0.740117 1.161889 0.324740 0.517620 0.498626 1.381148 1.679019 0.894654 1.278948 1.053829 0.146112 0.010879 0.477460 1.448557 1.327686 0.202214 1.531962 0.775538 0.104868 0.923801 0.843883 1.861124 0.550567 0.642001 1.342483 0.246519 1.796509 1.078552 1.925567
1.574159 1.425841 0.425841 0.574159 1.767313 1.706752 1.863578 1.192650 1.460819 1.128928 1.634907 1.513974 0.319286 0.618041 0.777678 1.726444 1.739318 0.000000 0.663663 1.650306 0.270962 1.520565 0.577429 1.414578 1.221698 1.240692 0.879534 0.581663 0.844664 0.981734 1.206854 1.885430 1.728438 1.783222 0.290760 0.932996 1.941532 0.207356 0.963780 1.844186 1.336882 1.416800 0.399558 1.710115 1.618682 0.918199 1.492798 0.057191 0.660765 0.335115
1.762178 0.762178 0.237822 1.237822 1.569024 1.043089 1.472759 1.856313 0.797156 1.792592 1.701430 0.850311 0.982949 1.281704 1.441341 1.609893 1.075655 0.663663 0.000000 0.986643 0.934625 1.815772 0.086234 0.750915 0.558035 0.577029 1.543197 1.245326 0.181000 1.645397 1.870517 1.221767 1.064775 1.553115 0.372903 1.596659 1.277869 0.456307 0.300116 1.180523 1.999455 1.919537 1.063221 1.626221 1.717655 1.581863 0.829135 0.720854 0.002898 0.998778
0.775536 0.224464 1.224464 1.775536 0.582381 0.056446 0.486116 1.157044 0.189487 1.220766 0.714787 0.136332 1.969592 1.731654 1.572016 0.623250 0.089012 1.650306 0.986643 0.000000 1.921268 0.829129 1.072876 0.235728 0.428608 0.409614 1.470160 1.768031 0.805642 1.367960 1.142841 0.235124 0.078133 0.566472 1.359545 1.416698 0.291226 1.442950 0.686526 0.193880 1.012813 0.932895 1.950136 0.639579 0.731013 1.431495 0.157507 1.707497 0.989540 1.985421
1.303197 1.696803 0.696803 0.303197 1.496351 1.977714 1.592616 0.921688 1.731781 0.857966 1.363945 1.784936 0.048324 0.347078 0.506716 1.455482 1.989720 0.270962 0.934625 1.921268 0.000000 1.249603 0.848391 1.685540 1.492660 1.511654 0.608572 0.310701 1.115626 0.710772 0.935891 1.843608 1.999400 1.512260 0.561722 0.662034 1.787506 0.478318 1.234742 1.884852 1.065919 1.145837 0.128596 1.439153 1.347719 0.647237 1.763760 0.213771 0.931728 0.064153
0.053594 1.053594 1.946406 0.946406 0.246748 0.772683 0.343013 0.327915 1.018616 0.391637 0.114342 0.965461 1.201279 0.902524 0.742887 0.205879 0.740117 1.520565 1.815772 0.829129 1.249603 0.000000 1.902006 1.064857 1.257737 1.238743 0.641031 0.938902 1.634771 0.538831 0.313712 0.594005 0.750997 0.262657 1.811325 0.587569 0.537903 1.727921 1.515655 0.635249 0.183684 0.103765 1.121007 0.189550 0.098116 0.602366 0.986637 1.463374 1.818669 1.185450
1.848412 0.848412 0.151588 1.151588 1.655258 1.129323 1.558993 1.770079 0.883390 1.706358 1.787663 0.936545 0.896716 1.195470 1.355107 1.696127 1.161889 0.577429 0.086234 1.072876 0.848391 1.902006 0.000000 0.837148 0.644269 0.663263 1.456963 1.159092 0.267234 1.559163 1.784283 1.308000 1.151009 1.639349 0.286669 1.510425 1.364103 0.370073 0.386350 1.266757 1.914311 1.994229 0.976988 1.712455 1.803889 1.495629 0.915369 0.634620 0.083336 0.912545
1.011264 0.011264 0.988736 1.988736 0.818109 0.292174 0.721844 1.392772 0.046241 1.456494 0.950515 0.099396 1.733864 1.967382 1.807744 0.858978 0.324740 1.414578 0.750915 0.235728 1.685540 1.064857 0.837148 0.000000 0.192880 0.173886 1.705889 1.996241 0.569914 1.603688 1.378569 0.470852 0.313861 0.802200 1.123817 1.652426 0.526954 1.207222 0.450798 0.429608 1.248541 1.168623 1.814136 0.875307 0.966741 1.667223 0.078221 1.471769 0.753812 1.749693
1.204143 0.204143 0.795857 1.795857 1.010989 0.485054 0.914724 1.585652 0.239121 1.649373 1.143395 0.292276 1.540984 1.839739 1.999376 1.051858 0.517620 1.221698 0.558035 0.428608 1.492660 1.257737 0.644269 0.192880 0.000000 0.018994 1.898768 1.803361 0.377035 1.796568 1.571448 0.663732 0.506740 0.995080 0.930938 1.845306 0.719834 1.014342 0.257919 0.622488 1.441420 1.361502 1.621256 1.068186 1.159620 1.860102 0.271100 1.278889 0.560933 1.556813
1.185149 0.185149 0.814851 1.814851 0.991995 0.466060 0.895730 1.566658 0.220127 1.630379 1.124401 0.273282 1.559978 1.858733 1.981630 1.032864 0.498626 1.240692 0.577029 0.409614 1.511654 1.238743 0.663263 0.173886 0.018994 0.000000 1.879774 1.822355 0.396029 1.777574 1.552454 0.644738 0.487746 0.976086 0.949932 1.826312 0.700840 1.033336 0.276913 0.603494 1.422426 1.342508 1.640250 1.049192 1.140626 1.841109 0.252106 1.297883 0.579927 1.575807
0.694625 1.694625 1.305375 0.305375 0.887779 1.413714 0.984044 0.313116 1.659647 0.249395 0.755374 1.606492 0.560247 0.261493 0.101856 0.846910 1.381148 0.879534 1.543197 1.470160 0.608572 0.641031 1.456963 1.705889 1.898768 1.879774 0.000000 0.297871 1.724197 0.102200 0.327320 1.235037 1.392028 0.903688 1.170294 0.053462 1.178934 1.086890 1.843313 1.276280 0.457348 0.537266 0.479975 0.830582 0.739148 0.038666 1.627668 0.822343 1.540299 0.544418
0.992496 1.992496 1.007504 0.007504 1.185650 1.711585 1.281915 0.610987 1.957518 0.547266 1.053245 1.904363 0.262377 0.036378 0.196015 1.144781 1.679019 0.581663 1.245326 1.768031 0.310701 0.938902 1.159092 1.996241 1.803361 1.822355 0.297871 0.000000 1.426326 0.400071 0.625191 1.532908 1.689899 1.201559 0.872423 0.351333 1.476805 0.789019 1.545442 1.574151 0.755219 0.835137 0.182105 1.128453 1.037019 0.336537 1.925539 0.524472 1.242428 0.246548
1.581178 0.581178 0.418822 1.418822 1.388023 0.862089 1.291759 1.962686 0.616155 1.973592 1.520429 0.669310 1.163950 1.462704 1.622342 1.428892 0.894654 0.844664 0.181000 0.805642 1.115626 1.634771 0.267234 0.569914 0.377035 0.396029 1.724197 1.426326 0.000000 1.826397 1.948483 1.040766 0.883775 1.372115 0.553903 1.777660 1.096869 0.637308 0.119116 0.999522 1.818455 1.738537 1.244222 1.445221 1.536655 1.762863 0.648135 0.901855 0.183898 1.179779
0.592425 1.592425 1.407575 0.407575 0.785579 1.311514 0.881844 0.210916 1.557447 0.147195 0.653173 1.504292 0.662448 0.363693 0.204056 0.744710 1.278948 0.981734 1.645397 1.367960 0.710772 0.538831 1.559163 1.603688 1.796568 1.777574 0.102200 0.400071 1.826397 0.000000 0.225120 1.132836 1.289828 0.801488 1.272494 0.048738 1.076734 1.189090 1.945513 1.174080 0.355148 0.435066 0.582176 0.728382 0.636948 0.063534 1.525468 0.924543 1.642499 0.646619
0.367305 1.367305 1.632695 0.632695 0.560459 1.086394 0.656724 0.014203 1.332327 0.077925 0.428054 1.279173 0.887567 0.588813 0.429175 0.519591 1.053829 1.206854 1.870517 1.142841 0.935891 0.313712 1.784283 1.378569 1.571448 1.552454 0.327320 0.625191 1.948483 0.225120 0.000000 0.907717 1.064708 0.576368 1.497614 0.273858 0.851614 1.414209 1.829367 0.948961 0.130028 0.209946 0.807295 0.503262 0.411828 0.288654 1.300348 1.149662 1.867619 0.871738
0.540412 0.459588 1.459588 1.540412 0.347257 0.178678 0.250992 0.921920 0.424611 0.985642 0.479663 0.371456 1.795284 1.496530 1.336892 0.388126 0.146112 1.885430 1.221767 0.235124 1.843608 0.594005 1.308000 0.470852 0.663732 0.644738 1.235037 1.532908 1.040766 1.132836 0.907717 0.000000 0.156991 0.331349 1.594669 1.181574 0.056103 1.678074 0.921650 0.041244 0.777689 0.697771 1.715012 0.404455 0.495889 1.196371 0.392631 1.942621 1.224664 1.779455
0.697403 0.302597 1.302597 1.697403 0.504249 0.021686 0.407984 1.078912 0.267619 1.142633 0.636654 0.214464 1.952275 1.653521 1.493884 0.545118 0.010879 1.728438 1.064775 0.078133 1.999400 0.750997 1.151009 0.313861 0.506740 0.487746 1.392028 1.689899 0.883775 1.289828 1.064708 0.156991 0.000000 0.488340 1.437678 1.338566 0.213094 1.521082 0.764659 0.115748 0.934680 0.854762 1.872003 0.561446 0.652880 1.353362 0.235640 1.785629 1.067673 1.936446
0.209063 0.790937 1.790937 1.209063 0.015909 0.510026 0.080356 0.590572 0.755959 0.654293 0.148314 0.702804 1.463935 1.165181 1.005544 0.056778 0.477460 1.783222 1.553115 0.566472 1.512260 0.262657 1.639349 0.802200 0.995080 0.976086 0.903688 1.201559 1.372115 0.801488 0.576368 0.331349 0.488340 0.000000 1.926018 0.850226 0.275246 1.990578 1.252999 0.372592 0.446340 0.366422 1.383664 0.073106 0.164540 0.865022 0.723980 1.726031 1.556013 1.448106
1.864919 1.135081 0.135081 0.864919 1.941927 1.415992 1.845662 1.483411 1.170059 1.419689 1.925668 1.223213 0.610047 0.908801 1.068439 1.982795 1.448557 0.290760 0.372903 1.359545 0.561722 1.811325 0.286669 1.123817 0.930938 0.949932 1.170294 0.872423 0.553903 1.272494 1.497614 1.594669 1.437678 1.926018 0.000000 1.223756 1.650772 0.083404 0.673019 1.553425 1.627642 1.707560 0.690319 1.999124 1.909442 1.208960 1.202038 0.347951 0.370005 0.625876
0.641163 1.641163 1.358837 0.358837 0.834317 1.360252 0.930582 0.259654 1.606185 0.195932 0.701911 1.553030 0.613710 0.314955 0.155318 0.793448 1.327686 0.932996 1.596659 1.416698 0.662034 0.587569 1.510425 1.652426 1.845306 1.826312 0.053462 0.351333 1.777660 0.048738 0.273858 1.181574 1.338566 0.850226 1.223756 0.000000 1.125472 1.140352 1.896776 1.222818 0.403886 0.483804 0.533438 0.777119 0.685686 0.014797 1.574206 0.875805 1.593761 0.597881
0.484309 0.515691 1.515691 1.484309 0.291155 0.234780 0.194890 0.865818 0.480713 0.929539 0.423560 0.427558 1.739181 1.440427 1.280790 0.332024 0.202214 1.941532 1.277869 0.291226 1.787506 0.537903 1.364103 0.526954 0.719834 0.700840 1.178934 1.476805 1.096869 1.076734 0.851614 0.056103 0.213094 0.275246 1.650772 1.125472 0.000000 1.734176 0.977753 0.097346 0.721586 0.641668 1.658910 0.348352 0.439786 1.140268 0.448734 1.998723 1.280767 1.723352
1.781515 1.218485 0.218485 0.781515 1.974669 1.499396 1.929066 1.400006 1.253463 1.336284 1.842263 1.306618 0.526642 0.825397 0.985034 1.933800 1.531962 0.207356 0.456307 1.442950 0.478318 1.727921 0.370073 1.207222 1.014342 1.033336 1.086890 0.789019 0.637308 1.189090 1.414209 1.678074 1.521082 1.990578 0.083404 1.140352 1.734176 0.000000 0.756424 1.636830 1.544238 1.624156 0.606914 1.917471 1.826038 1.125555 1.285442 0.264547 0.453409 0.542471
1.462062 0.462062 0.537938 1.537938 1.268907 0.742973 1.172643 1.843570 0.497039 1.907292 1.401313 0.550194 1.283066 1.581820 1.741458 1.309776 0.775538 0.963780 0.300116 0.686526 1.234742 1.515655 0.386350 0.450798 0.257919 0.276913 1.843313 1.545442 0.119116 1.945513 1.829367 0.921650 0.764659 1.252999 0.673019 1.896776 0.977753 0.756424 0.000000 0.880406 1.699339 1.619421 1.363338 1.326105 1.417539 1.881979 0.529019 1.020971 0.303014 1.298895
0.581656 0.418344 1.418344 1.581656 0.388501 0.137434 0.292236 0.963164 0.383367 1.026886 0.520907 0.330212 1.836528 1.537774 1.378136 0.429370 0.104868 1.844186 1.180523 0.193880 1.884852 0.635249 1.266757 0.429608 0.622488 0.603494 1.276280 1.574151 0.999522 1.174080 0.948961 0.041244 0.115748 0.372592 1.553425 1.222818 0.097346 1.636830 0.880406 0.000000 0.818933 0.739015 1.756256 0.445699 0.537133 1.237615 0.351387 1.901377 1.183420 1.820699
0.237277 1.237277 1.762723 0.762723 0.430431 0.956366 0.526696 0.144231 1.202299 0.207953 0.298026 1.149145 1.017595 0.718841 0.559203 0.389563 0.923801 1.336882 1.999455 1.012813 1.065919 0.183684 1.914311 1.248541 1.441420 1.422426 0.457348 0.755219 1.818455 0.355148 0.130028 0.777689 0.934680 0.446340 1.627642 0.403886 0.721586 1.544238 1.699339 0.818933 0.000000 0.079918 0.937323 0.373234 0.281800 0.418682 1.170320 1.279690 1.997647 1.001766
0.157359 1.157359 1.842641 0.842641 0.350513 0.876448 0.446778 0.224149 1.122381 0.287871 0.218108 1.069227 1.097513 0.798759 0.639121 0.309645 0.843883 1.416800 1.919537 0.932895 1.145837 0.103765 1.994229 1.168623 1.361502 1.342508 0.537266 0.835137 1.738537 0.435066 0.209946 0.697771 0.854762 0.366422 1.707560 0.483804 0.641668 1.624156 1.619421 0.739015 0.079918 0.000000 1.017241 0.293316 0.201882 0.498600 1.090402 1.359609 1.922435 1.081684
1.174600 1.825400 0.825400 0.174600 1.367755 1.893690 1.464020 0.793092 1.860377 0.729370 1.235349 1.913532 0.080272 0.218482 0.378120 1.326886 1.861124 0.399558 1.063221 1.950136 0.128596 1.121007 0.976988 1.814136 1.621256 1.640250 0.479975 0.182105 1.244222 0.582176 0.807295 1.715012 1.872003 1.383664 0.690319 0.533438 1.658910 0.606914 1.363338 1.756256 0.937323 1.017241 0.000000 1.310557 1.219123 0.518641 1.892357 0.342367 1.060324 0.064443
0.135957 0.864043 1.864043 1.135957 0.057198 0.583132 0.153462 0.517465 0.829066 0.581187 0.075208 0.775911 1.390829 1.092075 0.932437 0.016329 0.550567 1.710115 1.626221 0.639579 1.439153 0.189550 1.712455 0.875307 1.068186 1.049192 0.830582 1.128453 1.445221 0.728382 0.503262 0.404455 0.561446 0.073106 1.999124 0.777119 0.348352 1.917471 1.326105 0.445699 0.373234 0.293316 1.310557 0.000000 0.091434 0.791916 0.797086 1.652924 1.629119 1.375000
0.044523 0.955477 1.955477 1.044523 0.148631 0.674566 0.244896 0.426031 0.920499 0.489753 0.016226 0.867345 1.299395 1.000641 0.841003 0.107763 0.642001 1.618682 1.717655 0.731013 1.347719 0.098116 1.803889 0.966741 1.159620 1.140626 0.739148 1.037019 1.536655 0.636948 0.411828 0.495889 0.652880 0.164540 1.909442 0.685686 0.439786 1.826038 1.417539 0.537133 0.281800 0.201882 1.219123 0.091434 0.000000 0.700482 0.888520 1.561490 1.720553 1.283566
0.655959 1.655959 1.344041 0.344041 0.849114 1.375048 0.945378 0.274451 1.620982 0.210729 0.716708 1.567827 0.598913 0.300159 0.140521 0.808245 1.342483 0.918199 1.581863 1.431495 0.647237 0.602366 1.495629 1.667223 1.860102 1.841109 0.038666 0.336537 1.762863 0.063534 0.288654 1.196371 1.353362 0.865022 1.208960 0.014797 1.140268 1.125555 1.881979 1.237615 0.418682 0.498600 0.518641 0.791916 0.700482 0.000000 1.589002 0.861008 1.578965 0.583084
0.933043 0.066957 1.066957 1.933043 0.739889 0.213954 0.643624 1.314551 0.031979 1.378273 0.872294 0.021175 1.812085 1.889161 1.729523 0.780757 0.246519 1.492798 0.829135 0.157507 1.763760 0.986637 0.915369 0.078221 0.271100 0.252106 1.627668 1.925539 0.648135 1.525468 1.300348 0.392631 0.235640 0.723980 1.202038 1.574206 0.448734 1.285442 0.529019 0.351387 1.170320 1.090402 1.892357 0.797086 0.888520 1.589002 0.000000 1.549989 0.832033 1.827914
1.516968 1.483032 0.483032 0.516968 1.710122 1.763943 1.806387 1.135459 1.518010 1.071737 1.577716 1.571165 0.262095 0.560850 0.720487 1.669253 1.796509 0.057191 0.720854 1.707497 0.213771 1.463374 0.634620 1.471769 1.278889 1.297883 0.822343 0.524472 0.901855 0.924543 1.149662 1.942621 1.785629 1.726031 0.347951 0.875805 1.998723 0.264547 1.020971 1.901377 1.279690 1.359609 0.342367 1.652924 1.561490 0.861008 1.549989 0.000000 0.717957 0.277924
1.765076 0.765076 0.234924 1.234924 1.571922 1.045987 1.475657 1.853416 0.800054 1.789694 1.704327 0.853208 0.980052 1.278806 1.438444 1.612790 1.078552 0.660765 0.002898 0.989540 0.931728 1.818669 0.083336 0.753812 0.560933 0.579927 1.540299 1.242428 0.183898 1.642499 1.867619 1.224664 1.067673 1.556013 0.370005 1.593761 1.280767 0.453409 0.303014 1.183420 1.997647 1.922435 1.060324 1.629119 1.720553 1.578965 0.832033 0.717957 0.000000 0.995881
1.239043 1.760957 0.760957 0.239043 1.432198 1.958133 1.528463 0.857535 1.795934 0.793813 1.299792 1.849089 0.015829 0.282925 0.442563 1.391329 1.925567 0.335115 0.998778 1.985421 0.064153 1.185450 0.912545 1.749693 1.556813 1.575807 0.544418 0.246548 1.179779 0.646619 0.871738 1.779455 1.936446 1.448106 0.625876 0.597881 1.723352 0.542471 1.298895 1.820699 1.001766 1.081684 0.064443 1.375000 1.283566 0.583084 1.827914 0.277924 0.995881 0.000000
