20
0.000000 1.000000 2.000000 1.000000 1.512907 1.516239 0.633791 1.619629 1.852019 1.411781 0.245158 0.443616 1.180298 1.190281 1.353582 0.594975 1.365873 0.377776 1.233142 0.031700
1.000000 0.000000 1.000000 2.000000 1.487093 0.516239 0.366209 0.619629 1.147981 0.411781 1.245158 0.556384 0.180298 1.809719 1.646418 0.405025 1.634127 1.377776 0.233142 1.031700
2.000000 1.000000 0.000000 1.000000 0.487093 0.483761 1.366209 0.380371 0.147981 0.588219 1.754842 1.556384 0.819702 0.809719 0.646418 1.405025 0.634127 1.622224 0.766858 1.968300
1.000000 2.000000 1.000000 0.000000 0.512907 1.483761 1.633791 1.380371 0.852019 1.588219 0.754842 1.443616 1.819702 0.190281 0.353582 1.594975 0.365873 0.622224 1.766858 0.968300
1.512907 1.487093 0.487093 0.512907 0.000000 0.970853 1.853302 0.867463 0.339112 1.075312 1.267749 1.956523 1.306795 0.322627 0.159325 1.892118 0.147035 1.135131 1.253951 1.481207
1.516239 0.516239 0.483761 1.483761 0.970853 0.000000 0.882449 0.103390 0.631741 0.104459 1.761397 1.072624 0.335941 1.293480 1.130179 0.921265 1.117888 1.894016 0.283098 1.547939
0.633791 0.366209 1.366209 1.633791 1.853302 0.882449 0.000000 0.985839 1.514190 0.777990 0.878949 0.190175 0.546507 1.824071 1.987373 0.038816 1.999663 1.011567 0.599351 0.665491
1.619629 0.619629 0.380371 1.380371 0.867463 0.103390 0.985839 0.000000 0.528351 0.207849 1.864787 1.176014 0.439331 1.190090 1.026789 1.024655 1.014498 1.997406 0.386487 1.651329
1.852019 1.147981 0.147981 0.852019 0.339112 0.631741 1.514190 0.528351 0.000000 0.736200 1.606861 1.704365 0.967683 0.661739 0.498437 1.553006 0.486147 1.474243 0.914839 1.820319
1.411781 0.411781 0.588219 1.588219 1.075312 0.104459 0.777990 0.207849 0.736200 0.000000 1.656939 0.968165 0.231483 1.397939 1.234637 0.816806 1.222347 1.789557 0.178639 1.443481
0.245158 1.245158 1.754842 0.754842 1.267749 1.761397 0.878949 1.864787 1.606861 1.656939 0.000000 0.688773 1.425456 0.945123 1.108424 0.840132 1.120715 0.132619 1.478300 0.213458
0.443616 0.556384 1.556384 1.443616 1.956523 1.072624 0.190175 1.176014 1.704365 0.968165 0.688773 0.000000 0.736682 1.633896 1.797198 0.151359 1.809488 0.821392 0.789526 0.475316
1.180298 0.180298 0.819702 1.819702 1.306795 0.335941 0.546507 0.439331 0.967683 0.231483 1.425456 0.736682 0.000000 1.629421 1.466120 0.585323 1.453829 1.558074 0.052844 1.211998
1.190281 1.809719 0.809719 0.190281 0.322627 1.293480 1.824071 1.190090 0.661739 1.397939 0.945123 1.633896 1.629421 0.000000 0.163301 1.785255 0.175592 0.812504 1.576577 1.158581
1.353582 1.646418 0.646418 0.353582 0.159325 1.130179 1.987373 1.026789 0.498437 1.234637 1.108424 1.797198 1.466120 0.163301 0.000000 1.948557 0.012291 0.975806 1.413276 1.321882
0.594975 0.405025 1.405025 1.594975 1.892118 0.921265 0.038816 1.024655 1.553006 0.816806 0.840132 0.151359 0.585323 1.785255 1.948557 0.000000 1.960847 0.972751 0.638167 0.626675
1.365873 1.634127 0.634127 0.365873 0.147035 1.117888 1.999663 1.014498 0.486147 1.222347 1.120715 1.809488 1.453829 0.175592 0.012291 1.960847 0.000000 0.988096 1.400985 1.334173
0.377776 1.377776 1.622224 0.622224 1.135131 1.894016 1.011567 1.997406 1.474243 1.789557 0.132619 0.821392 1.558074 0.812504 0.975806 0.972751 0.988096 0.000000 1.610918 0.346076
1.233142 0.233142 0.766858 1.766858 1.253951 0.283098 0.599351 0.386487 0.914839 0.178639 1.478300 0.789526 0.052844 1.576577 1.413276 0.638167 1.400985 1.610918 0.000000 1.264842
0.031700 1.031700 1.968300 0.968300 1.481207 1.547939 0.665491 1.651329 1.820319 1.443481 0.213458 0.475316 1.211998 1.158581 1.321882 0.626675 1.334173 0.346076 1.264842 0.000000
