20
0.000000 1.000000 2.000000 1.000000 0.917476 0.380651 1.045262 0.010249 0.283509 0.127085 0.283134 0.173576 1.581420 0.460751 0.464929 0.298226 0.911381 0.490120 1.036602 1.990917
1.000000 0.000000 1.000000 2.000000 1.917476 0.619349 1.954738 0.989751 1.283509 1.127085 1.283134 1.173576 1.418580 1.460751 0.535071 0.701774 1.911381 0.509880 1.963398 0.990917
2.000000 1.000000 0.000000 1.000000 1.082524 1.619349 0.954738 1.989751 1.716491 1.872915 1.716866 1.826424 0.418580 1.539249 1.535071 1.701774 1.088619 1.509880 0.963398 0.009083
1.000000 2.000000 1.000000 0.000000 0.082524 1.380651 0.045262 1.010249 0.716491 0.872915 0.716866 0.826424 0.581420 0.539249 1.464929 1.298226 0.088619 1.490120 0.036602 1.009083
0.917476 1.917476 1.082524 0.082524 0.000000 1.298127 0.127786 0.927725 0.633967 0.790391 0.634342 0.743900 0.663944 0.456725 1.382405 1.215702 0.006095 1.407596 0.119126 1.091607
0.380651 0.619349 1.619349 1.380651 1.298127 0.000000 1.425913 0.370402 0.664160 0.507736 0.663785 0.554227 1.962071 0.841402 0.084278 0.082425 1.292032 0.109469 1.417253 1.610266
1.045262 1.954738 0.954738 0.045262 0.127786 1.425913 0.000000 1.055511 0.761753 0.918177 0.762128 0.871686 0.536158 0.584511 1.510191 1.343488 0.133881 1.535382 0.008660 0.963821
0.010249 0.989751 1.989751 1.010249 0.927725 0.370402 1.055511 0.000000 0.293758 0.137334 0.293383 0.183825 1.591669 0.471000 0.454680 0.287977 0.921630 0.479871 1.046851 1.980668
0.283509 1.283509 1.716491 0.716491 0.633967 0.664160 0.761753 0.293758 0.000000 0.156424 0.000375 0.109933 1.297911 0.177242 0.748438 0.581735 0.627872 0.773629 0.753093 1.725574
0.127085 1.127085 1.872915 0.872915 0.790391 0.507736 0.918177 0.137334 0.156424 0.000000 0.156049 0.046491 1.454335 0.333666 0.592014 0.425311 0.784296 0.617205 0.909517 1.881998
0.283134 1.283134 1.716866 0.716866 0.634342 0.663785 0.762128 0.293383 0.000375 0.156049 0.000000 0.109558 1.298286 0.177617 0.748063 0.581361 0.628247 0.773254 0.753467 1.725949
0.173576 1.173576 1.826424 0.826424 0.743900 0.554227 0.871686 0.183825 0.109933 0.046491 0.109558 0.000000 1.407844 0.287175 0.638505 0.471802 0.737805 0.663696 0.863026 1.835507
1.581420 1.418580 0.418580 0.581420 0.663944 1.962071 0.536158 1.591669 1.297911 1.454335 1.298286 1.407844 0.000000 1.120669 1.953651 1.879646 0.670039 1.928460 0.544818 0.427663
0.460751 1.460751 1.539249 0.539249 0.456725 0.841402 0.584511 0.471000 0.177242 0.333666 0.177617 0.287175 1.120669 0.000000 0.925680 0.758977 0.450630 0.950871 0.575851 1.548332
0.464929 0.535071 1.535071 1.464929 1.382405 0.084278 1.510191 0.454680 0.748438 0.592014 0.748063 0.638505 1.953651 0.925680 0.000000 0.166703 1.376310 0.025191 1.501531 1.525988
0.298226 0.701774 1.701774 1.298226 1.215702 0.082425 1.343488 0.287977 0.581735 0.425311 0.581361 0.471802 1.879646 0.758977 0.166703 0.000000 1.209607 0.191894 1.334828 1.692691
0.911381 1.911381 1.088619 0.088619 0.006095 1.292032 0.133881 0.921630 0.627872 0.784296 0.628247 0.737805 0.670039 0.450630 1.376310 1.209607 0.000000 1.401501 0.125221 1.097702
0.490120 0.509880 1.509880 1.490120 1.407596 0.109469 1.535382 0.479871 0.773629 0.617205 0.773254 0.663696 1.928460 0.950871 0.025191 0.191894 1.401501 0.000000 1.526722 1.500797
1.036602 1.963398 0.963398 0.036602 0.119126 1.417253 0.008660 1.046851 0.753093 0.909517 0.753467 0.863026 0.544818 0.575851 1.501531 1.334828 0.125221 1.526722 0.000000 0.972481
1.990917 0.990917 0.009083 1.009083 1.091607 1.610266 0.963821 1.980668 1.725574 1.881998 1.725949 1.835507 0.427663 1.548332 1.525988 1.692691 1.097702 1.500797 0.972481 0.000000
