30
0.000000 1.000000 2.000000 1.000000 1.423054 1.544554 1.473288 1.284818 1.921897 0.645530 1.355035 0.140196 1.715866 0.579784 0.043692 0.612407 1.546377 0.675609 0.215573 1.046197 0.782446 0.330990 0.850816 1.787986 0.526011 0.392958 0.916673 1.929264 0.784312 1.574859
1.000000 0.000000 1.000000 2.000000 1.576946 1.455446 1.526712 1.715182 1.078103 1.645530 1.644965 0.859804 0.715866 0.420216 1.043692 1.612407 0.546377 1.675609 0.784427 0.046197 0.217554 0.669010 1.850816 1.212014 1.526011 0.607042 1.916673 1.070736 1.784312 0.574859
2.000000 1.000000 0.000000 1.000000 0.576946 0.455446 0.526712 0.715182 0.078103 1.354470 0.644965 1.859804 0.284134 1.420216 1.956308 1.387593 0.453623 1.324391 1.784427 0.953803 1.217554 1.669010 1.149184 0.212014 1.473989 1.607042 1.083327 0.070736 1.215688 0.425141
1.000000 2.000000 1.000000 0.000000 0.423054 0.544554 0.473288 0.284818 0.921897 0.354470 0.355035 1.140196 1.284134 1.579784 0.956308 0.387593 1.453623 0.324391 1.215573 1.953803 1.782446 1.330990 0.149184 0.787986 0.473989 1.392958 0.083327 0.929264 0.215688 1.425141
1.423054 1.576946 0.576946 0.423054 0.000000 0.121500 0.050234 0.138236 0.498843 0.777524 0.068019 1.563250 0.861080 1.997162 1.379362 0.810647 1.030569 0.747445 1.638628 1.530749 1.794500 1.754045 0.572238 0.364932 0.897043 1.816012 0.506382 0.506210 0.638742 1.002087
1.544554 1.455446 0.455446 0.544554 0.121500 0.000000 0.071266 0.259736 0.377343 0.899024 0.189519 1.684750 0.739580 1.875662 1.500862 0.932147 0.909069 0.868945 1.760127 1.409249 1.673000 1.875544 0.693737 0.243432 1.018543 1.937512 0.627881 0.384710 0.760241 0.880587
1.473288 1.526712 0.526712 0.473288 0.050234 0.071266 0.000000 0.188470 0.448609 0.827758 0.118253 1.613484 0.810846 1.946928 1.429596 0.860881 0.980335 0.797679 1.688861 1.480515 1.744266 1.804278 0.622471 0.314698 0.947277 1.866246 0.556615 0.455976 0.688975 0.951853
1.284818 1.715182 0.715182 0.284818 0.138236 0.259736 0.188470 0.000000 0.637079 0.639288 0.070217 1.425014 0.999316 1.864602 1.241126 0.672411 1.168805 0.609209 1.500392 1.668985 1.932736 1.615809 0.434002 0.503168 0.758807 1.677776 0.368146 0.644446 0.500506 1.140323
1.921897 1.078103 0.078103 0.921897 0.498843 0.377343 0.448609 0.637079 0.000000 1.276367 0.566862 1.937907 0.362237 1.498319 1.878205 1.309490 0.531726 1.246288 1.862529 1.031906 1.295657 1.747112 1.071081 0.133911 1.395886 1.685145 1.005225 0.007367 1.137585 0.503244
0.645530 1.645530 1.354470 0.354470 0.777524 0.899024 0.827758 0.639288 1.276367 0.000000 0.709505 0.785726 1.638603 1.225314 0.601838 0.033123 1.808093 0.030079 0.861104 1.691727 1.427976 0.976521 0.205286 1.142456 0.119519 1.038488 0.271142 1.283734 0.138782 1.779610
1.355035 1.644965 0.644965 0.355035 0.068019 0.189519 0.118253 0.070217 0.566862 0.709505 0.000000 1.495231 0.929099 1.934819 1.311343 0.742628 1.098588 0.679426 1.570609 1.598768 1.862519 1.686026 0.504219 0.432951 0.829024 1.747993 0.438363 0.574229 0.570723 1.070106
0.140196 0.859804 1.859804 1.140196 1.563250 1.684750 1.613484 1.425014 1.937907 0.785726 1.495231 0.000000 1.575670 0.439588 0.183888 0.752603 1.406181 0.815805 0.075377 0.906001 0.642250 0.190794 0.991013 1.928182 0.666207 0.252762 1.056869 1.930540 0.924509 1.434663
1.715866 0.715866 0.284134 1.284134 0.861080 0.739580 0.810846 0.999316 0.362237 1.638603 0.929099 1.575670 0.000000 1.136082 1.759558 1.671727 0.169489 1.608525 1.500293 0.669669 0.933420 1.384876 1.433317 0.496148 1.758123 1.322908 1.367461 0.354869 1.499821 0.141007
0.579784 0.420216 1.420216 1.579784 1.997162 1.875662 1.946928 1.864602 1.498319 1.225314 1.934819 0.439588 1.136082 0.000000 0.623476 1.192191 0.966593 1.255393 0.364210 0.466413 0.202662 0.248793 1.430600 1.632230 1.105795 0.186826 1.496456 1.490952 1.364096 0.995075
0.043692 1.043692 1.956308 0.956308 1.379362 1.500862 1.429596 1.241126 1.878205 0.601838 1.311343 0.183888 1.759558 0.623476 0.000000 0.568715 1.590069 0.631917 0.259265 1.089889 0.826138 0.374682 0.807124 1.744294 0.482319 0.436650 0.872981 1.885572 0.740621 1.618551
0.612407 1.612407 1.387593 0.387593 0.810647 0.932147 0.860881 0.672411 1.309490 0.033123 0.742628 0.752603 1.671727 1.192191 0.568715 0.000000 1.841216 0.063202 0.827981 1.658604 1.394853 0.943397 0.238409 1.175579 0.086396 1.005365 0.304266 1.316857 0.171905 1.812734
1.546377 0.546377 0.453623 1.453623 1.030569 0.909069 0.980335 1.168805 0.531726 1.808093 1.098588 1.406181 0.169489 0.966593 1.590069 1.841216 0.000000 1.778014 1.330803 0.500180 0.763931 1.215386 1.602807 0.665637 1.927612 1.153419 1.536951 0.524359 1.669311 0.028482
0.675609 1.675609 1.324391 0.324391 0.747445 0.868945 0.797679 0.609209 1.246288 0.030079 0.679426 0.815805 1.608525 1.255393 0.631917 0.063202 1.778014 0.000000 0.891183 1.721806 1.458055 1.006600 0.175207 1.112377 0.149598 1.068567 0.241063 1.253655 0.108703 1.749532
0.215573 0.784427 1.784427 1.215573 1.638628 1.760127 1.688861 1.500392 1.862529 0.861104 1.570609 0.075377 1.500293 0.364210 0.259265 0.827981 1.330803 0.891183 0.000000 0.830623 0.566872 0.115417 1.066390 1.996440 0.741585 0.177384 1.132246 1.855162 0.999886 1.359286
1.046197 0.046197 0.953803 1.953803 1.530749 1.409249 1.480515 1.668985 1.031906 1.691727 1.598768 0.906001 0.669669 0.466413 1.089889 1.658604 0.500180 1.721806 0.830623 0.000000 0.263751 0.715207 1.897013 1.165817 1.572208 0.653239 1.962870 1.024539 1.830509 0.528662
0.782446 0.217554 1.217554 1.782446 1.794500 1.673000 1.744266 1.932736 1.295657 1.427976 1.862519 0.642250 0.933420 0.202662 0.826138 1.394853 0.763931 1.458055 0.566872 0.263751 0.000000 0.451455 1.633262 1.429568 1.308457 0.389488 1.699118 1.288290 1.566758 0.792413
0.330990 0.669010 1.669010 1.330990 1.754045 1.875544 1.804278 1.615809 1.747112 0.976521 1.686026 0.190794 1.384876 0.248793 0.374682 0.943397 1.215386 1.006600 0.115417 0.715207 0.451455 0.000000 1.181807 1.881023 0.857002 0.061967 1.247663 1.739745 1.115303 1.243869
0.850816 1.850816 1.149184 0.149184 0.572238 0.693737 0.622471 0.434002 1.071081 0.205286 0.504219 0.991013 1.433317 1.430600 0.807124 0.238409 1.602807 0.175207 1.066390 1.897013 1.633262 1.181807 0.000000 0.937170 0.324805 1.243774 0.065856 1.078448 0.066504 1.574324
1.787986 1.212014 0.212014 0.787986 0.364932 0.243432 0.314698 0.503168 0.133911 1.142456 0.432951 1.928182 0.496148 1.632230 1.744294 1.175579 0.665637 1.112377 1.996440 1.165817 1.429568 1.881023 0.937170 0.000000 1.261975 1.819056 0.871314 0.141278 1.003674 0.637155
0.526011 1.526011 1.473989 0.473989 0.897043 1.018543 0.947277 0.758807 1.395886 0.119519 0.829024 0.666207 1.758123 1.105795 0.482319 0.086396 1.927612 0.149598 0.741585 1.572208 1.308457 0.857002 0.324805 1.261975 0.000000 0.918969 0.390661 1.403253 0.258301 1.899129
0.392958 0.607042 1.607042 1.392958 1.816012 1.937512 1.866246 1.677776 1.685145 1.038488 1.747993 0.252762 1.322908 0.186826 0.436650 1.005365 1.153419 1.068567 0.177384 0.653239 0.389488 0.061967 1.243774 1.819056 0.918969 0.000000 1.309630 1.677778 1.177270 1.181902
0.916673 1.916673 1.083327 0.083327 0.506382 0.627881 0.556615 0.368146 1.005225 0.271142 0.438363 1.056869 1.367461 1.496456 0.872981 0.304266 1.536951 0.241063 1.132246 1.962870 1.699118 1.247663 0.065856 0.871314 0.390661 1.309630 0.000000 1.012592 0.132360 1.508468
1.929264 1.070736 0.070736 0.929264 0.506210 0.384710 0.455976 0.644446 0.007367 1.283734 0.574229 1.930540 0.354869 1.490952 1.885572 1.316857 0.524359 1.253655 1.855162 1.024539 1.288290 1.739745 1.078448 0.141278 1.403253 1.677778 1.012592 0.000000 1.144952 0.495876
0.784312 1.784312 1.215688 0.215688 0.638742 0.760241 0.688975 0.500506 1.137585 0.138782 0.570723 0.924509 1.499821 1.364096 0.740621 0.171905 1.669311 0.108703 0.999886 1.830509 1.566758 1.115303 0.066504 1.003674 0.258301 1.177270 0.132360 1.144952 0.000000 1.640828
1.574859 0.574859 0.425141 1.425141 1.002087 0.880587 0.951853 1.140323 0.503244 1.779610 1.070106 1.434663 0.141007 0.995075 1.618551 1.812734 0.028482 1.749532 1.359286 0.528662 0.792413 1.243869 1.574324 0.637155 1.899129 1.181902 1.508468 0.495876 1.640828 0.000000
