35
0.000000 1.000000 2.000000 1.000000 1.133201 1.660710 0.376945 1.519151 0.200290 1.861329 0.996933 1.690327 1.088755 1.285236 0.765512 0.200128 0.063376 1.031430 1.789953 1.219321 0.781442 0.730023 0.896031 1.305966 0.371996 1.255043 1.136537 0.370790 1.538259 0.079699 0.489077 0.016860 0.361367 0.172491 0.729750
1.000000 0.000000 1.000000 2.000000 1.866799 0.660710 1.376945 0.519151 1.200290 1.138671 1.996933 0.690327 1.911245 0.285236 0.234488 1.200128 0.936624 1.968570 1.210047 1.780679 1.781442 1.730023 1.896031 0.305966 1.371996 0.255043 0.136537 1.370790 1.461741 1.079699 1.489077 1.016860 0.638633 1.172491 0.270250
2.000000 1.000000 0.000000 1.000000 0.866799 0.339290 1.623055 0.480849 1.799710 0.138671 1.003067 0.309673 0.911245 0.714764 1.234488 1.799872 1.936624 0.968570 0.210047 0.780679 1.218558 1.269977 1.103969 0.694034 1.628004 0.744957 0.863463 1.629210 0.461741 1.920301 1.510923 1.983140 1.638633 1.827509 1.270250
1.000000 2.000000 1.000000 0.000000 0.133201 1.339290 0.623055 1.480849 0.799710 0.861329 0.003067 1.309673 0.088755 1.714764 1.765512 0.799872 1.063376 0.031430 0.789953 0.219321 0.218558 0.269977 0.103969 1.694034 0.628004 1.744957 1.863463 0.629210 0.538259 0.920301 0.510923 0.983140 1.361367 0.827509 1.729750
1.133201 1.866799 0.866799 0.133201 0.000000 1.206089 0.756256 1.347648 0.932911 0.728128 0.136268 1.176472 0.044446 1.581563 1.898713 0.933073 1.196577 0.101771 0.656752 0.086121 0.351759 0.403177 0.237170 1.560833 0.761204 1.611756 1.730263 0.762411 0.405058 1.053502 0.644124 1.116341 1.494567 0.960710 1.862951
1.660710 0.660710 0.339290 1.339290 1.206089 0.000000 1.962345 0.141559 1.861000 0.477961 1.342357 0.029617 1.250535 0.375475 0.895198 1.860838 1.597334 1.307860 0.549337 1.119968 1.557848 1.609266 1.443259 0.354744 1.967293 0.405667 0.524174 1.968500 0.801031 1.740410 1.850212 1.677570 1.299344 1.833202 0.930961
0.376945 1.376945 1.623055 0.623055 0.756256 1.962345 0.000000 1.896095 0.176655 1.484384 0.619988 1.932729 0.711810 1.662180 1.142457 0.176817 0.440321 0.654485 1.413008 0.842377 0.404497 0.353079 0.519086 1.682911 0.004948 1.631988 1.513481 0.006155 1.161314 0.297245 0.112133 0.360084 0.738311 0.204453 1.106694
1.519151 0.519151 0.480849 1.480849 1.347648 0.141559 1.896095 0.000000 1.719441 0.619520 1.483917 0.171176 1.392095 0.233915 0.753638 1.719279 1.455774 1.449420 0.690896 1.261528 1.699407 1.750826 1.584818 0.213185 1.891147 0.264107 0.382614 1.889941 0.942590 1.598850 1.991772 1.536011 1.157784 1.691642 0.789401
0.200290 1.200290 1.799710 0.799710 0.932911 1.861000 0.176655 1.719441 0.000000 1.661039 0.796643 1.890617 0.888465 1.485526 0.965802 0.000162 0.263666 0.831140 1.589663 1.019032 0.581152 0.529734 0.695741 1.506256 0.171707 1.455333 1.336826 0.170500 1.337969 0.120591 0.288787 0.183430 0.561656 0.027799 0.930040
1.861329 1.138671 0.138671 0.861329 0.728128 0.477961 1.484384 0.619520 1.661039 0.000000 0.864396 0.448344 0.772574 0.853435 1.373159 1.661201 1.924705 0.829899 0.071376 0.642007 1.079887 1.131305 0.965298 0.832705 1.489332 0.883628 1.002135 1.490539 0.323070 1.781630 1.372252 1.844469 1.777305 1.688838 1.408921
0.996933 1.996933 1.003067 0.003067 0.136268 1.342357 0.619988 1.483917 0.796643 0.864396 0.000000 1.312741 0.091822 1.717832 1.762445 0.796805 1.060309 0.034497 0.793020 0.222389 0.215491 0.266909 0.100902 1.697101 0.624936 1.748024 1.866531 0.626143 0.541326 0.917233 0.507855 0.980072 1.358299 0.824441 1.726682
1.690327 0.690327 0.309673 1.309673 1.176472 0.029617 1.932729 0.171176 1.890617 0.448344 1.312741 0.000000 1.220919 0.405091 0.924815 1.890455 1.626951 1.278244 0.519720 1.090352 1.528231 1.579650 1.413642 0.384361 1.937677 0.435284 0.553790 1.938883 0.771414 1.770026 1.820596 1.707187 1.328960 1.862818 0.960577
1.088755 1.911245 0.911245 0.088755 0.044446 1.250535 0.711810 1.392095 0.888465 0.772574 0.091822 1.220919 0.000000 1.626010 1.854267 0.888627 1.152131 0.057325 0.701198 0.130567 0.307313 0.358731 0.192724 1.605279 0.716758 1.656202 1.774709 0.717965 0.449504 1.009055 0.599677 1.071894 1.450121 0.916263 1.818504
1.285236 0.285236 0.714764 1.714764 1.581563 0.375475 1.662180 0.233915 1.485526 0.853435 1.717832 0.405091 1.626010 0.000000 0.519723 1.485364 1.221859 1.683335 0.924811 1.495443 1.933322 1.984741 1.818733 0.020731 1.657232 0.030192 0.148699 1.656026 1.176505 1.364935 1.774313 1.302096 0.923869 1.457727 0.555486
0.765512 0.234488 1.234488 1.765512 1.898713 0.895198 1.142457 0.753638 0.965802 1.373159 1.762445 0.924815 1.854267 0.519723 0.000000 0.965640 0.702136 1.796942 1.444535 1.984834 1.546954 1.495536 1.661543 0.540454 1.137509 0.489531 0.371024 1.136302 1.696229 0.845212 1.254590 0.782372 0.404146 0.938004 0.035763
0.200128 1.200128 1.799872 0.799872 0.933073 1.860838 0.176817 1.719279 0.000162 1.661201 0.796805 1.890455 0.888627 1.485364 0.965640 0.000000 0.263504 0.831302 1.589825 1.019194 0.581314 0.529896 0.695903 1.506094 0.171869 1.455171 1.336664 0.170662 1.338131 0.120429 0.288949 0.183268 0.561495 0.027637 0.929878
0.063376 0.936624 1.936624 1.063376 1.196577 1.597334 0.440321 1.455774 0.263666 1.924705 1.060309 1.626951 1.152131 1.221859 0.702136 0.263504 0.000000 1.094806 1.853329 1.282698 0.844818 0.793400 0.959407 1.242590 0.435373 1.191667 1.073160 0.434166 1.601635 0.143076 0.552454 0.080236 0.297990 0.235868 0.666373
1.031430 1.968570 0.968570 0.031430 0.101771 1.307860 0.654485 1.449420 0.831140 0.829899 0.034497 1.278244 0.057325 1.683335 1.796942 0.831302 1.094806 0.000000 0.758523 0.187892 0.249988 0.301406 0.135399 1.662604 0.659433 1.713527 1.832034 0.660640 0.506829 0.951730 0.542352 1.014569 1.392796 0.858938 1.761179
1.789953 1.210047 0.210047 0.789953 0.656752 0.549337 1.413008 0.690896 1.589663 0.071376 0.793020 0.519720 0.701198 0.924811 1.444535 1.589825 1.853329 0.758523 0.000000 0.570632 1.008511 1.059930 0.893922 0.904081 1.417957 0.955004 1.073510 1.419163 0.251694 1.710254 1.300876 1.773093 1.848680 1.617462 1.480297
1.219321 1.780679 0.780679 0.219321 0.086121 1.119968 0.842377 1.261528 1.019032 0.642007 0.222389 1.090352 0.130567 1.495443 1.984834 1.019194 1.282698 0.187892 0.570632 0.000000 0.437880 0.489298 0.323290 1.474712 0.847325 1.525635 1.644142 0.848532 0.318937 1.139622 0.730244 1.202461 1.580688 1.046830 1.949071
0.781442 1.781442 1.218558 0.218558 0.351759 1.557848 0.404497 1.699407 0.581152 1.079887 0.215491 1.528231 0.307313 1.933322 1.546954 0.581314 0.844818 0.249988 1.008511 0.437880 0.000000 0.051418 0.114589 1.912592 0.409445 1.963515 1.917978 0.410652 0.756817 0.701743 0.292365 0.764582 1.142809 0.608951 1.511192
0.730023 1.730023 1.269977 0.269977 0.403177 1.609266 0.353079 1.750826 0.529734 1.131305 0.266909 1.579650 0.358731 1.984741 1.495536 0.529896 0.793400 0.301406 1.059930 0.489298 0.051418 0.000000 0.166008 1.964010 0.358027 1.985067 1.866560 0.359233 0.808235 0.650324 0.240946 0.713163 1.091390 0.557532 1.459773
0.896031 1.896031 1.103969 0.103969 0.237170 1.443259 0.519086 1.584818 0.695741 0.965298 0.100902 1.413642 0.192724 1.818733 1.661543 0.695903 0.959407 0.135399 0.893922 0.323290 0.114589 0.166008 0.000000 1.798003 0.524035 1.848926 1.967433 0.525241 0.642228 0.816332 0.406954 0.879171 1.257398 0.723540 1.625781
1.305966 0.305966 0.694034 1.694034 1.560833 0.354744 1.682911 0.213185 1.506256 0.832705 1.697101 0.384361 1.605279 0.020731 0.540454 1.506094 1.242590 1.662604 0.904081 1.474712 1.912592 1.964010 1.798003 0.000000 1.677963 0.050923 0.169430 1.676756 1.155775 1.385666 1.795044 1.322826 0.944600 1.478458 0.576217
0.371996 1.371996 1.628004 0.628004 0.761204 1.967293 0.004948 1.891147 0.171707 1.489332 0.624936 1.937677 0.716758 1.657232 1.137509 0.171869 0.435373 0.659433 1.417957 0.847325 0.409445 0.358027 0.524035 1.677963 0.000000 1.627040 1.508533 0.001206 1.166262 0.292297 0.117081 0.355136 0.733363 0.199505 1.101746
1.255043 0.255043 0.744957 1.744957 1.611756 0.405667 1.631988 0.264107 1.455333 0.883628 1.748024 0.435284 1.656202 0.030192 0.489531 1.455171 1.191667 1.713527 0.955004 1.525635 1.963515 1.985067 1.848926 0.050923 1.627040 0.000000 0.118507 1.625833 1.206698 1.334743 1.744121 1.271903 0.893677 1.427535 0.525294
1.136537 0.136537 0.863463 1.863463 1.730263 0.524174 1.513481 0.382614 1.336826 1.002135 1.866531 0.553790 1.774709 0.148699 0.371024 1.336664 1.073160 1.832034 1.073510 1.644142 1.917978 1.866560 1.967433 0.169430 1.508533 0.118507 0.000000 1.507326 1.325205 1.216236 1.625614 1.153397 0.775170 1.309028 0.406787
0.370790 1.370790 1.629210 0.629210 0.762411 1.968500 0.006155 1.889941 0.170500 1.490539 0.626143 1.938883 0.717965 1.656026 1.136302 0.170662 0.434166 0.660640 1.419163 0.848532 0.410652 0.359233 0.525241 1.676756 0.001206 1.625833 1.507326 0.000000 1.167469 0.291091 0.118287 0.353930 0.732157 0.198299 1.100540
1.538259 1.461741 0.461741 0.538259 0.405058 0.801031 1.161314 0.942590 1.337969 0.323070 0.541326 0.771414 0.449504 1.176505 1.696229 1.338131 1.601635 0.506829 0.251694 0.318937 0.756817 0.808235 0.642228 1.155775 1.166262 1.206698 1.325205 1.167469 0.000000 1.458560 1.049182 1.521399 1.899625 1.365768 1.731991
0.079699 1.079699 1.920301 0.920301 1.053502 1.740410 0.297245 1.598850 0.120591 1.781630 0.917233 1.770026 1.009055 1.364935 0.845212 0.120429 0.143076 0.951730 1.710254 1.139622 0.701743 0.650324 0.816332 1.385666 0.292297 1.334743 1.216236 0.291091 1.458560 0.000000 0.409378 0.062839 0.441066 0.092792 0.809449
0.489077 1.489077 1.510923 0.510923 0.644124 1.850212 0.112133 1.991772 0.288787 1.372252 0.507855 1.820596 0.599677 1.774313 1.254590 0.288949 0.552454 0.542352 1.300876 0.730244 0.292365 0.240946 0.406954 1.795044 0.117081 1.744121 1.625614 0.118287 1.049182 0.409378 0.000000 0.472217 0.850444 0.316586 1.218827
0.016860 1.016860 1.983140 0.983140 1.116341 1.677570 0.360084 1.536011 0.183430 1.844469 0.980072 1.707187 1.071894 1.302096 0.782372 0.183268 0.080236 1.014569 1.773093 1.202461 0.764582 0.713163 0.879171 1.322826 0.355136 1.271903 1.153397 0.353930 1.521399 0.062839 0.472217 0.000000 0.378227 0.155631 0.746610
0.361367 0.638633 1.638633 1.361367 1.494567 1.299344 0.738311 1.157784 0.561656 1.777305 1.358299 1.328960 1.450121 0.923869 0.404146 0.561495 0.297990 1.392796 1.848680 1.580688 1.142809 1.091390 1.257398 0.944600 0.733363 0.893677 0.775170 0.732157 1.899625 0.441066 0.850444 0.378227 0.000000 0.533858 0.368383
0.172491 1.172491 1.827509 0.827509 0.960710 1.833202 0.204453 1.691642 0.027799 1.688838 0.824441 1.862818 0.916263 1.457727 0.938004 0.027637 0.235868 0.858938 1.617462 1.046830 0.608951 0.557532 0.723540 1.478458 0.199505 1.427535 1.309028 0.198299 1.365768 0.092792 0.316586 0.155631 0.533858 0.000000 0.902241
0.729750 0.270250 1.270250 1.729750 1.862951 0.930961 1.106694 0.789401 0.930040 1.408921 1.726682 0.960577 1.818504 0.555486 0.035763 0.929878 0.666373 1.761179 1.480297 1.949071 1.511192 1.459773 1.625781 0.576217 1.101746 0.525294 0.406787 1.100540 1.731991 0.809449 1.218827 0.746610 0.368383 0.902241 0.000000
