35
0.000000 1.000000 2.000000 1.000000 0.373016 1.419725 1.105492 0.066509 1.464956 1.847346 0.963621 1.999635 1.640641 0.935913 1.094462 0.924882 1.509461 1.266350 0.640299 0.847481 1.660674 0.657109 0.006987 1.626961 1.167009 0.767383 1.776469 0.560598 0.405374 1.866592 1.763283 0.552923 1.171377 0.929639 0.442919
1.000000 0.000000 1.000000 2.000000 0.626984 0.419725 0.105492 0.933491 0.464956 1.152654 0.036379 1.000365 1.359359 1.935913 0.094462 0.075118 1.490539 1.733650 1.640299 1.847481 0.660674 0.342891 0.993013 0.626961 0.167009 0.232617 1.223531 0.439402 1.405374 0.866592 0.763283 0.447077 0.171377 1.929639 0.557081
2.000000 1.000000 0.000000 1.000000 1.626984 0.580275 0.894508 1.933491 0.535044 0.152654 1.036379 0.000365 0.359359 1.064087 0.905538 1.075118 0.490539 0.733650 1.359701 1.152519 0.339326 1.342891 1.993013 0.373039 0.832991 1.232617 0.223531 1.439402 1.594626 0.133408 0.236717 1.447077 0.828623 1.070361 1.557081
1.000000 2.000000 1.000000 0.000000 1.373016 1.580275 1.894508 1.066509 1.535044 0.847346 1.963621 0.999635 0.640641 0.064087 1.905538 1.924882 0.509461 0.266350 0.359701 0.152519 1.339326 1.657109 1.006987 1.373039 1.832991 1.767383 0.776469 1.560598 0.594626 1.133408 1.236717 1.552923 1.828623 0.070361 1.442919
0.373016 0.626984 1.626984 1.373016 0.000000 1.046708 0.732476 0.306508 1.091939 1.779638 0.590605 1.627348 1.986343 1.308929 0.721446 0.551866 1.882477 1.639366 1.013316 1.220498 1.287658 0.284092 0.366029 1.253944 0.793993 0.394367 1.850515 0.187581 0.778390 1.493575 1.390266 0.179907 0.798360 1.302655 0.069903
1.419725 0.419725 0.580275 1.580275 1.046708 0.000000 0.314233 1.353216 0.045231 0.732929 0.456103 0.580640 0.939634 1.644362 0.325262 0.494843 1.070815 1.313925 1.939976 1.732794 0.240950 0.762616 1.412738 0.207236 0.252715 0.652342 0.803806 0.859127 1.825098 0.446867 0.343558 0.866802 0.248348 1.650637 0.976806
1.105492 0.105492 0.894508 1.894508 0.732476 0.314233 0.000000 1.038983 0.359464 1.047162 0.141871 0.894873 1.253867 1.958595 0.011030 0.180610 1.385047 1.628158 1.745791 1.952973 0.555182 0.448383 1.098505 0.521469 0.061517 0.338109 1.118039 0.544894 1.510866 0.761100 0.657791 0.552569 0.065885 1.964869 0.662573
0.066509 0.933491 1.933491 1.066509 0.306508 1.353216 1.038983 0.000000 1.398447 1.913855 0.897113 1.933856 1.707149 1.002422 1.027954 0.858373 1.575969 1.332858 0.706808 0.913990 1.594166 0.590600 0.059521 1.560452 1.100501 0.700875 1.842977 0.494089 0.471882 1.800083 1.696774 0.486414 1.104868 0.996147 0.376410
1.464956 0.464956 0.535044 1.535044 1.091939 0.045231 0.359464 1.398447 0.000000 0.687698 0.501334 0.535409 0.894404 1.599131 0.370493 0.540074 1.025584 1.268695 1.894745 1.687563 0.195719 0.807847 1.457968 0.162005 0.297946 0.697572 0.758576 0.904358 1.870329 0.401636 0.298327 0.912033 0.293579 1.605406 1.022037
1.847346 1.152654 0.152654 0.847346 1.779638 0.732929 1.047162 1.913855 0.687698 0.000000 1.189033 0.152289 0.206705 0.911433 1.058192 1.227772 0.337885 0.580996 1.207047 0.999865 0.491980 1.495545 1.854333 0.525693 0.985645 1.385271 0.070877 1.592056 1.441972 0.286062 0.389371 1.599731 0.981277 0.917707 1.709735
0.963621 0.036379 1.036379 1.963621 0.590605 0.456103 0.141871 0.897113 0.501334 1.189033 0.000000 1.036744 1.395738 1.899534 0.130841 0.038739 1.526918 1.770029 1.603921 1.811103 0.697053 0.306512 0.956634 0.663340 0.203388 0.196238 1.259910 0.403024 1.368995 0.902970 0.799661 0.410698 0.207755 1.893260 0.520702
1.999635 1.000365 0.000365 0.999635 1.627348 0.580640 0.894873 1.933856 0.535409 0.152289 1.036744 0.000000 0.358994 1.063722 0.905902 1.075483 0.490174 0.733285 1.359336 1.152154 0.339691 1.343256 1.993378 0.373404 0.833356 1.232982 0.223166 1.439767 1.594261 0.133773 0.237082 1.447442 0.828988 1.069996 1.557446
1.640641 1.359359 0.359359 0.640641 1.986343 0.939634 1.253867 1.707149 0.894404 0.206705 1.395738 0.358994 0.000000 0.704728 1.264897 1.434477 0.131180 0.374291 1.000341 0.793160 0.698685 1.702250 1.647628 0.732398 1.192350 1.591976 0.135828 1.798761 1.235267 0.492768 0.596076 1.806436 1.187982 0.711002 1.916440
0.935913 1.935913 1.064087 0.064087 1.308929 1.644362 1.958595 1.002422 1.599131 0.911433 1.899534 1.063722 0.704728 0.000000 1.969625 1.860795 0.573548 0.330437 0.295614 0.088432 1.403413 1.593022 0.942900 1.437126 1.897078 1.703296 0.840556 1.496511 0.530539 1.197495 1.300804 1.488836 1.892710 0.006274 1.378832
1.094462 0.094462 0.905538 1.905538 0.721446 0.325262 0.011030 1.027954 0.370493 1.058192 0.130841 0.905902 1.264897 1.969625 0.000000 0.169580 1.396077 1.639188 1.734762 1.941944 0.566212 0.437354 1.087475 0.532499 0.072547 0.327079 1.129069 0.533865 1.499836 0.772129 0.668820 0.541539 0.076914 1.975899 0.651543
0.924882 0.075118 1.075118 1.924882 0.551866 0.494843 0.180610 0.858373 0.540074 1.227772 0.038739 1.075483 1.434477 1.860795 0.169580 0.000000 1.565657 1.808768 1.565181 1.772363 0.735792 0.267773 0.917895 0.702079 0.242127 0.157499 1.298649 0.364284 1.330256 0.941710 0.838401 0.371959 0.246495 1.854521 0.481963
1.509461 1.490539 0.490539 0.509461 1.882477 1.070815 1.385047 1.575969 1.025584 0.337885 1.526918 0.490174 0.131180 0.573548 1.396077 1.565657 0.000000 0.243111 0.869161 0.661979 0.829865 1.833430 1.516448 0.863578 1.323530 1.723156 0.267008 1.929942 1.104087 0.623948 0.727256 1.937616 1.319163 0.579822 1.952380
1.266350 1.733650 0.733650 0.266350 1.639366 1.313925 1.628158 1.332858 1.268695 0.580996 1.770029 0.733285 0.374291 0.330437 1.639188 1.808768 0.243111 0.000000 0.626050 0.418869 1.072976 1.923459 1.273337 1.106689 1.566641 1.966267 0.510119 1.826948 0.860976 0.867059 0.970367 1.819273 1.562273 0.336711 1.709269
0.640299 1.640299 1.359701 0.359701 1.013316 1.939976 1.745791 0.706808 1.894745 1.207047 1.603921 1.359336 1.000341 0.295614 1.734762 1.565181 0.869161 0.626050 0.000000 0.207182 1.699026 1.297408 0.647287 1.732740 1.807309 1.407683 1.136169 1.200897 0.234926 1.493109 1.596418 1.193222 1.811676 0.289339 1.083218
0.847481 1.847481 1.152519 0.152519 1.220498 1.732794 1.952973 0.913990 1.687563 0.999865 1.811103 1.152154 0.793160 0.088432 1.941944 1.772363 0.661979 0.418869 0.207182 0.000000 1.491844 1.504590 0.854468 1.525558 1.985510 1.614864 0.928988 1.408079 0.442108 1.285927 1.389236 1.400404 1.981142 0.082157 1.290400
1.660674 0.660674 0.339326 1.339326 1.287658 0.240950 0.555182 1.594166 0.195719 0.491980 0.697053 0.339691 0.698685 1.403413 0.566212 0.735792 0.829865 1.072976 1.699026 1.491844 0.000000 1.003565 1.653687 0.033713 0.493665 0.893291 0.562857 1.100077 1.933952 0.205917 0.102608 1.107751 0.489298 1.409687 1.217755
0.657109 0.342891 1.342891 1.657109 0.284092 0.762616 0.448383 0.590600 0.807847 1.495545 0.306512 1.343256 1.702250 1.593022 0.437354 0.267773 1.833430 1.923459 1.297408 1.504590 1.003565 0.000000 0.650122 0.969852 0.509900 0.110274 1.566422 0.096511 1.062483 1.209483 1.106174 0.104186 0.514268 1.586748 0.214190
0.006987 0.993013 1.993013 1.006987 0.366029 1.412738 1.098505 0.059521 1.457968 1.854333 0.956634 1.993378 1.647628 0.942900 1.087475 0.917895 1.516448 1.273337 0.647287 0.854468 1.653687 0.650122 0.000000 1.619974 1.160022 0.760396 1.783456 0.553611 0.412361 1.859604 1.756296 0.545936 1.164390 0.936626 0.435932
1.626961 0.626961 0.373039 1.373039 1.253944 0.207236 0.521469 1.560452 0.162005 0.525693 0.663340 0.373404 0.732398 1.437126 0.532499 0.702079 0.863578 1.106689 1.732740 1.525558 0.033713 0.969852 1.619974 0.000000 0.459952 0.859578 0.596570 1.066363 1.967665 0.239631 0.136322 1.074038 0.455584 1.443400 1.184042
1.167009 0.167009 0.832991 1.832991 0.793993 0.252715 0.061517 1.100501 0.297946 0.985645 0.203388 0.833356 1.192350 1.897078 0.072547 0.242127 1.323530 1.566641 1.807309 1.985510 0.493665 0.509900 1.160022 0.459952 0.000000 0.399626 1.056522 0.606411 1.572383 0.699582 0.596274 0.614086 0.004367 1.903352 0.724090
0.767383 0.232617 1.232617 1.767383 0.394367 0.652342 0.338109 0.700875 0.697572 1.385271 0.196238 1.232982 1.591976 1.703296 0.327079 0.157499 1.723156 1.966267 1.407683 1.614864 0.893291 0.110274 0.760396 0.859578 0.399626 0.000000 1.456148 0.206785 1.172757 1.099208 0.995900 0.214460 0.403994 1.697022 0.324464
1.776469 1.223531 0.223531 0.776469 1.850515 0.803806 1.118039 1.842977 0.758576 0.070877 1.259910 0.223166 0.135828 0.840556 1.129069 1.298649 0.267008 0.510119 1.136169 0.928988 0.562857 1.566422 1.783456 0.596570 1.056522 1.456148 0.000000 1.662933 1.371095 0.356940 0.460248 1.670608 1.052155 0.846830 1.780612
0.560598 0.439402 1.439402 1.560598 0.187581 0.859127 0.544894 0.494089 0.904358 1.592056 0.403024 1.439767 1.798761 1.496511 0.533865 0.364284 1.929942 1.826948 1.200897 1.408079 1.100077 0.096511 0.553611 1.066363 0.606411 0.206785 1.662933 0.000000 0.965971 1.305994 1.202685 0.007675 0.610779 1.490236 0.117679
0.405374 1.405374 1.594626 0.594626 0.778390 1.825098 1.510866 0.471882 1.870329 1.441972 1.368995 1.594261 1.235267 0.530539 1.499836 1.330256 1.104087 0.860976 0.234926 0.442108 1.933952 1.062483 0.412361 1.967665 1.572383 1.172757 1.371095 0.965971 0.000000 1.728035 1.831344 0.958297 1.576750 0.524265 0.848293
1.866592 0.866592 0.133408 1.133408 1.493575 0.446867 0.761100 1.800083 0.401636 0.286062 0.902970 0.133773 0.492768 1.197495 0.772129 0.941710 0.623948 0.867059 1.493109 1.285927 0.205917 1.209483 1.859604 0.239631 0.699582 1.099208 0.356940 1.305994 1.728035 0.000000 0.103309 1.313669 0.695215 1.203770 1.423673
1.763283 0.763283 0.236717 1.236717 1.390266 0.343558 0.657791 1.696774 0.298327 0.389371 0.799661 0.237082 0.596076 1.300804 0.668820 0.838401 0.727256 0.970367 1.596418 1.389236 0.102608 1.106174 1.756296 0.136322 0.596274 0.995900 0.460248 1.202685 1.831344 0.103309 0.000000 1.210360 0.591906 1.307078 1.320364
0.552923 0.447077 1.447077 1.552923 0.179907 0.866802 0.552569 0.486414 0.912033 1.599731 0.410698 1.447442 1.806436 1.488836 0.541539 0.371959 1.937616 1.819273 1.193222 1.400404 1.107751 0.104186 0.545936 1.074038 0.614086 0.214460 1.670608 0.007675 0.958297 1.313669 1.210360 0.000000 0.618454 1.482562 0.110004
1.171377 0.171377 0.828623 1.828623 0.798360 0.248348 0.065885 1.104868 0.293579 0.981277 0.207755 0.828988 1.187982 1.892710 0.076914 0.246495 1.319163 1.562273 1.811676 1.981142 0.489298 0.514268 1.164390 0.455584 0.004367 0.403994 1.052155 0.610779 1.576750 0.695215 0.591906 0.618454 0.000000 1.898985 0.728458
0.929639 1.929639 1.070361 0.070361 1.302655 1.650637 1.964869 0.996147 1.605406 0.917707 1.893260 1.069996 0.711002 0.006274 1.975899 1.854521 0.579822 0.336711 0.289339 0.082157 1.409687 1.586748 0.936626 1.443400 1.903352 1.697022 0.846830 1.490236 0.524265 1.203770 1.307078 1.482562 1.898985 0.000000 1.372558
0.442919 0.557081 1.557081 1.442919 0.069903 0.976806 0.662573 0.376410 1.022037 1.709735 0.520702 1.557446 1.916440 1.378832 0.651543 0.481963 1.952380 1.709269 1.083218 1.290400 1.217755 0.214190 0.435932 1.184042 0.724090 0.324464 1.780612 0.117679 0.848293 1.423673 1.320364 0.110004 0.728458 1.372558 0.000000
