25
0.000000 1.000000 2.000000 1.000000 0.758286 1.829545 1.007424 1.765139 1.252636 0.890514 0.216648 0.409545 0.228660 1.961044 0.254537 0.235977 1.497539 1.926720 1.562277 0.369680 1.416979 1.918506 0.105796 1.424956 0.443047
1.000000 0.000000 1.000000 2.000000 0.241714 0.829545 0.007424 0.765139 1.747364 1.890514 0.783352 0.590455 0.771340 0.961044 1.254537 0.764023 1.502461 0.926720 1.437723 1.369680 0.416979 1.081494 0.894204 1.575044 0.556953
2.000000 1.000000 0.000000 1.000000 1.241714 0.170455 0.992576 0.234861 0.747364 1.109486 1.783352 1.590455 1.771340 0.038956 1.745463 1.764023 0.502461 0.073280 0.437723 1.630320 0.583021 0.081494 1.894204 0.575044 1.556953
1.000000 2.000000 1.000000 0.000000 1.758286 1.170455 1.992576 1.234861 0.252636 0.109486 1.216648 1.409545 1.228660 1.038956 0.745463 1.235977 0.497539 1.073280 0.562277 0.630320 1.583021 0.918506 1.105796 0.424956 1.443047
0.758286 0.241714 1.241714 1.758286 0.000000 1.071258 0.249138 1.006853 1.989078 1.648801 0.541638 0.348741 0.529626 1.202757 1.012823 0.522310 1.744174 1.168434 1.679436 1.127966 0.658693 1.323208 0.652490 1.816758 0.315239
1.829545 0.829545 0.170455 1.170455 1.071258 0.000000 0.822120 0.064406 0.917819 1.279941 1.612896 1.420000 1.600885 0.131499 1.915919 1.593568 0.672916 0.097176 0.608178 1.800776 0.412565 0.251950 1.723748 0.745500 1.386497
1.007424 0.007424 0.992576 1.992576 0.249138 0.822120 0.000000 0.757714 1.739939 1.897939 0.790776 0.597879 0.778765 0.953619 1.261961 0.771448 1.495036 0.919296 1.430298 1.377104 0.409555 1.074070 0.901628 1.567620 0.564377
1.765139 0.765139 0.234861 1.234861 1.006853 0.064406 0.757714 0.000000 0.982225 1.344347 1.548491 1.355594 1.536479 0.195905 1.980324 1.529162 0.737322 0.161582 0.672584 1.865182 0.348160 0.316355 1.659343 0.809905 1.322091
1.252636 1.747364 0.747364 0.252636 1.989078 0.917819 1.739939 0.982225 0.000000 0.362122 1.469284 1.662181 1.481296 0.786320 0.998099 1.488613 0.244903 0.820643 0.309641 0.882957 1.330385 0.665870 1.358432 0.172319 1.695684
0.890514 1.890514 1.109486 0.109486 1.648801 1.279941 1.897939 1.344347 0.362122 0.000000 1.107163 1.300059 1.119174 1.148442 0.635978 1.126491 0.607025 1.182765 0.671763 0.520835 1.692506 1.027991 0.996311 0.534441 1.333562
0.216648 0.783352 1.783352 1.216648 0.541638 1.612896 0.790776 1.548491 1.469284 1.107163 0.000000 0.192897 0.012012 1.744395 0.471185 0.019328 1.714188 1.710072 1.778926 0.586328 1.200331 1.864846 0.110852 1.641604 0.226399
0.409545 0.590455 1.590455 1.409545 0.348741 1.420000 0.597879 1.355594 1.662181 1.300059 0.192897 0.000000 0.180885 1.551499 0.664082 0.173568 1.907084 1.517175 1.971822 0.779224 1.007434 1.671949 0.303749 1.834501 0.033503
0.228660 0.771340 1.771340 1.228660 0.529626 1.600885 0.778765 1.536479 1.481296 1.119174 0.012012 0.180885 0.000000 1.732384 0.483197 0.007317 1.726199 1.698061 1.790937 0.598339 1.188320 1.852835 0.122864 1.653615 0.214388
1.961044 0.961044 0.038956 1.038956 1.202757 0.131499 0.953619 0.195905 0.786320 1.148442 1.744395 1.551499 1.732384 0.000000 1.784420 1.725067 0.541417 0.034323 0.476679 1.669277 0.544064 0.120451 1.855247 0.614001 1.517996
0.254537 1.254537 1.745463 0.745463 1.012823 1.915919 1.261961 1.980324 0.998099 0.635978 0.471185 0.664082 0.483197 1.784420 0.000000 0.490513 1.243003 1.818743 1.307741 0.115143 1.671516 1.663969 0.360333 1.170419 0.697584
0.235977 0.764023 1.764023 1.235977 0.522310 1.593568 0.771448 1.529162 1.488613 1.126491 0.019328 0.173568 0.007317 1.725067 0.490513 0.000000 1.733516 1.690744 1.798254 0.605656 1.181003 1.845518 0.130180 1.660932 0.207071
1.497539 1.502461 0.502461 0.497539 1.744174 0.672916 1.495036 0.737322 0.244903 0.607025 1.714188 1.907084 1.726199 0.541417 1.243003 1.733516 0.000000 0.575740 0.064738 1.127860 1.085481 0.420966 1.603336 0.072584 1.940587
1.926720 0.926720 0.073280 1.073280 1.168434 0.097176 0.919296 0.161582 0.820643 1.182765 1.710072 1.517175 1.698061 0.034323 1.818743 1.690744 0.575740 0.000000 0.511002 1.703600 0.509741 0.154774 1.820924 0.648324 1.483673
1.562277 1.437723 0.437723 0.562277 1.679436 0.608178 1.430298 0.672584 0.309641 0.671763 1.778926 1.971822 1.790937 0.476679 1.307741 1.798254 0.064738 0.511002 0.000000 1.192598 1.020743 0.356228 1.668074 0.137322 1.994675
0.369680 1.369680 1.630320 0.630320 1.127966 1.800776 1.377104 1.865182 0.882957 0.520835 0.586328 0.779224 0.598339 1.669277 0.115143 0.605656 1.127860 1.703600 1.192598 0.000000 1.786659 1.548826 0.475476 1.055276 0.812727
1.416979 0.416979 0.583021 1.583021 0.658693 0.412565 0.409555 0.348160 1.330385 1.692506 1.200331 1.007434 1.188320 0.544064 1.671516 1.181003 1.085481 0.509741 1.020743 1.786659 0.000000 0.664515 1.311183 1.158065 0.973932
1.918506 1.081494 0.081494 0.918506 1.323208 0.251950 1.074070 0.316355 0.665870 1.027991 1.864846 1.671949 1.852835 0.120451 1.663969 1.845518 0.420966 0.154774 0.356228 1.548826 0.664515 0.000000 1.975698 0.493550 1.638447
0.105796 0.894204 1.894204 1.105796 0.652490 1.723748 0.901628 1.659343 1.358432 0.996311 0.110852 0.303749 0.122864 1.855247 0.360333 0.130180 1.603336 1.820924 1.668074 0.475476 1.311183 1.975698 0.000000 1.530752 0.337251
1.424956 1.575044 0.575044 0.424956 1.816758 0.745500 1.567620 0.809905 0.172319 0.534441 1.641604 1.834501 1.653615 0.614001 1.170419 1.660932 0.072584 0.648324 0.137322 1.055276 1.158065 0.493550 1.530752 0.000000 1.868003
0.443047 0.556953 1.556953 1.443047 0.315239 1.386497 0.564377 1.322091 1.695684 1.333562 0.226399 0.033503 0.214388 1.517996 0.697584 0.207071 1.940587 1.483673 1.994675 0.812727 0.973932 1.638447 0.337251 1.868003 0.000000
