10
0.000000 1.000000 2.000000 1.000000 1.475539 0.549358 1.585454 0.528163 1.621855 1.129520
1.000000 0.000000 1.000000 2.000000 1.524461 0.450642 1.414546 0.471837 0.621855 0.129520
2.000000 1.000000 0.000000 1.000000 0.524461 1.450642 0.414546 1.471837 0.378145 0.870480
1.000000 2.000000 1.000000 0.000000 0.475539 1.549358 0.585454 1.528163 1.378145 1.870480
1.475539 1.524461 0.524461 0.475539 0.000000 1.975103 0.109915 1.996297 0.902606 1.394941
0.549358 0.450642 1.450642 1.549358 1.975103 0.000000 1.865188 0.021194 1.072498 0.580162
1.585454 1.414546 0.414546 0.585454 0.109915 1.865188 0.000000 1.886382 0.792691 1.285026
0.528163 0.471837 1.471837 1.528163 1.996297 0.021194 1.886382 0.000000 1.093692 0.601356
1.621855 0.621855 0.378145 1.378145 0.902606 1.072498 0.792691 1.093692 0.000000 0.492336
1.129520 0.129520 0.870480 1.870480 1.394941 0.580162 1.285026 0.601356 0.492336 0.000000
