25
0.000000 1.000000 2.000000 1.000000 0.460842 1.417648 0.709871 0.699376 0.629785 0.058100 1.544779 1.204633 1.480500 1.234726 0.286855 0.669638 1.254975 1.052085 0.087163 1.874579 1.184810 0.045448 1.433676 1.324497 1.772001
1.000000 0.000000 1.000000 2.000000 0.539158 0.417648 1.709871 0.300624 0.370215 0.941900 1.455221 1.795367 0.480500 0.234726 0.713145 1.669638 0.254975 1.947915 0.912837 0.874579 1.815190 1.045448 0.433676 1.675503 0.772001
2.000000 1.000000 0.000000 1.000000 1.539158 0.582352 1.290129 1.300624 1.370215 1.941900 0.455221 0.795367 0.519500 0.765274 1.713145 1.330362 0.745025 0.947915 1.912837 0.125421 0.815190 1.954552 0.566324 0.675503 0.227999
1.000000 2.000000 1.000000 0.000000 1.460842 1.582352 0.290129 1.699376 1.629785 1.058100 0.544779 0.204633 1.519500 1.765274 1.286855 0.330362 1.745025 0.052085 1.087163 1.125421 0.184810 0.954552 1.566324 0.324497 1.227999
0.460842 0.539158 1.539158 1.460842 0.000000 0.956806 1.170713 0.238534 0.168943 0.402742 1.994379 1.665475 1.019658 0.773884 0.173987 1.130480 0.794133 1.512927 0.373679 1.413737 1.645652 0.506290 0.972834 1.785339 1.311159
1.417648 0.417648 0.582352 1.582352 0.956806 0.000000 1.872480 0.718273 0.787864 1.359548 1.037572 1.377719 0.062852 0.182923 1.130794 1.912714 0.162673 1.530267 1.330485 0.456930 1.397542 1.463096 0.016028 1.257854 0.354353
0.709871 1.709871 1.290129 0.290129 1.170713 1.872480 0.000000 1.409247 1.339656 0.767972 0.834908 0.494762 1.809628 1.944597 0.996726 0.040233 1.964847 0.342214 0.797034 1.415550 0.474939 0.664423 1.856453 0.614626 1.518128
0.699376 0.300624 1.300624 1.699376 0.238534 0.718273 1.409247 0.000000 0.069591 0.641275 1.755845 1.904009 0.781125 0.535350 0.412521 1.369014 0.555600 1.751461 0.612213 1.175203 1.884186 0.744824 0.734300 1.976127 1.072625
0.629785 0.370215 1.370215 1.629785 0.168943 0.787864 1.339656 0.069591 0.000000 0.571684 1.825436 1.834418 0.850716 0.604941 0.342930 1.299423 0.625191 1.681870 0.542622 1.244794 1.814595 0.675233 0.803891 1.954282 1.142216
0.058100 0.941900 1.941900 1.058100 0.402742 1.359548 0.767972 0.641275 0.571684 0.000000 1.602880 1.262733 1.422400 1.176625 0.228754 0.727739 1.196875 1.110185 0.029063 1.816478 1.242910 0.103549 1.375576 1.382598 1.713901
1.544779 1.455221 0.455221 0.544779 1.994379 1.037572 0.834908 1.755845 1.825436 1.602880 0.000000 0.340146 0.974720 1.220495 1.831634 0.875141 1.200245 0.492694 1.631942 0.580642 0.359969 1.499331 1.021545 0.220282 0.683220
1.204633 1.795367 0.795367 0.204633 1.665475 1.377719 0.494762 1.904009 1.834418 1.262733 0.340146 0.000000 1.314867 1.560641 1.491488 0.534995 1.540392 0.152548 1.291796 0.920788 0.019823 1.159185 1.361691 0.119864 1.023366
1.480500 0.480500 0.519500 1.519500 1.019658 0.062852 1.809628 0.781125 0.850716 1.422400 0.974720 1.314867 0.000000 0.245775 1.193646 1.849861 0.225525 1.467415 1.393337 0.394078 1.334690 1.525949 0.046824 1.195002 0.291501
1.234726 0.234726 0.765274 1.765274 0.773884 0.182923 1.944597 0.535350 0.604941 1.176625 1.220495 1.560641 0.245775 0.000000 0.947871 1.904364 0.020250 1.713189 1.147563 0.639853 1.580464 1.280174 0.198950 1.440777 0.537275
0.286855 0.713145 1.713145 1.286855 0.173987 1.130794 0.996726 0.412521 0.342930 0.228754 1.831634 1.491488 1.193646 0.947871 0.000000 0.956493 0.968121 1.338940 0.199692 1.587724 1.471665 0.332303 1.146821 1.611352 1.485146
0.669638 1.669638 1.330362 0.330362 1.130480 1.912714 0.040233 1.369014 1.299423 0.727739 0.875141 0.534995 1.849861 1.904364 0.956493 0.000000 1.924613 0.382447 0.756801 1.455783 0.515172 0.624190 1.896686 0.654859 1.558361
1.254975 0.254975 0.745025 1.745025 0.794133 0.162673 1.964847 0.555600 0.625191 1.196875 1.200245 1.540392 0.225525 0.020250 0.968121 1.924613 0.000000 1.692940 1.167812 0.619603 1.560215 1.300424 0.178701 1.420527 0.517026
1.052085 1.947915 0.947915 0.052085 1.512927 1.530267 0.342214 1.751461 1.681870 1.110185 0.492694 0.152548 1.467415 1.713189 1.338940 0.382447 1.692940 0.000000 1.139248 1.073336 0.132725 1.006637 1.514239 0.272412 1.175914
0.087163 0.912837 1.912837 1.087163 0.373679 1.330485 0.797034 0.612213 0.542622 0.029063 1.631942 1.291796 1.393337 1.147563 0.199692 0.756801 1.167812 1.139248 0.000000 1.787416 1.271973 0.132611 1.346513 1.411661 1.684838
1.874579 0.874579 0.125421 1.125421 1.413737 0.456930 1.415550 1.175203 1.244794 1.816478 0.580642 0.920788 0.394078 0.639853 1.587724 1.455783 0.619603 1.073336 1.787416 0.000000 0.940611 1.920027 0.440903 0.800924 0.102578
1.184810 1.815190 0.815190 0.184810 1.645652 1.397542 0.474939 1.884186 1.814595 1.242910 0.359969 0.019823 1.334690 1.580464 1.471665 0.515172 1.560215 0.132725 1.271973 0.940611 0.000000 1.139362 1.381514 0.139688 1.043189
0.045448 1.045448 1.954552 0.954552 0.506290 1.463096 0.664423 0.744824 0.675233 0.103549 1.499331 1.159185 1.525949 1.280174 0.332303 0.624190 1.300424 1.006637 0.132611 1.920027 1.139362 0.000000 1.479124 1.279049 1.817449
1.433676 0.433676 0.566324 1.566324 0.972834 0.016028 1.856453 0.734300 0.803891 1.375576 1.021545 1.361691 0.046824 0.198950 1.146821 1.896686 0.178701 1.514239 1.346513 0.440903 1.381514 1.479124 0.000000 1.241827 0.338325
1.324497 1.675503 0.675503 0.324497 1.785339 1.257854 0.614626 1.976127 1.954282 1.382598 0.220282 0.119864 1.195002 1.440777 1.611352 0.654859 1.420527 0.272412 1.411661 0.800924 0.139688 1.279049 1.241827 0.000000 0.903501
1.772001 0.772001 0.227999 1.227999 1.311159 0.354353 1.518128 1.072625 1.142216 1.713901 0.683220 1.023366 0.291501 0.537275 1.485146 1.558361 0.517026 1.175914 1.684838 0.102578 1.043189 1.817449 0.338325 0.903501 0.000000
