35
0.000000 1.000000 2.000000 1.000000 0.809727 0.688327 1.366724 1.737396 0.763821 1.531834 1.377983 1.713712 0.354117 1.125478 1.096853 1.126285 0.469653 0.108569 1.651573 0.499486 0.160569 0.428312 0.090223 0.534713 0.878217 0.212089 0.310424 0.234221 1.808008 0.001480 1.452472 0.988086 1.535643 0.328174 0.747499
1.000000 0.000000 1.000000 2.000000 0.190273 0.311673 1.633276 1.262604 0.236179 0.531834 1.622017 0.713712 1.354117 1.874522 1.903147 0.126285 0.530347 0.891431 0.651573 0.500514 0.839431 0.571688 0.909777 1.534713 1.878217 1.212089 0.689576 0.765779 0.808008 0.998520 1.547528 1.988086 0.535643 0.671826 1.747499
2.000000 1.000000 0.000000 1.000000 1.190273 1.311673 0.633276 0.262604 1.236179 0.468166 0.622017 0.286288 1.645883 0.874522 0.903147 0.873715 1.530347 1.891431 0.348427 1.500514 1.839431 1.571688 1.909777 1.465287 1.121783 1.787911 1.689576 1.765779 0.191992 1.998520 0.547528 1.011914 0.464357 1.671826 1.252501
1.000000 2.000000 1.000000 0.000000 1.809727 1.688327 0.366724 0.737396 1.763821 1.468166 0.377983 1.286288 0.645883 0.125478 0.096853 1.873715 1.469653 1.108569 1.348427 1.499486 1.160569 1.428312 1.090223 0.465287 0.121783 0.787911 1.310424 1.234221 1.191992 1.001480 0.452472 0.011914 1.464357 1.328174 0.252501
0.809727 0.190273 1.190273 1.809727 0.000000 0.121400 1.823549 1.452877 0.045906 0.722106 1.812290 0.903984 1.163844 1.935206 1.906581 0.316557 0.340074 0.701158 0.841845 0.310241 0.649159 0.381415 0.719505 1.344440 1.687945 1.021817 0.499303 0.575506 0.998281 0.808247 1.737800 1.797813 0.725915 0.481553 1.557227
0.688327 0.311673 1.311673 1.688327 0.121400 0.000000 1.944949 1.574277 0.075494 0.843507 1.933690 1.025384 1.042444 1.813806 1.785181 0.437957 0.218674 0.579758 0.963245 0.188841 0.527759 0.260015 0.598105 1.223040 1.566545 0.900417 0.377903 0.454106 1.119681 0.686847 1.859200 1.676413 0.847315 0.360153 1.435827
1.366724 1.633276 0.633276 0.366724 1.823549 1.944949 0.000000 0.370672 1.869455 1.101442 0.011259 0.919564 1.012607 0.241246 0.269871 1.506992 1.836377 1.475293 0.981704 1.866210 1.527293 1.795036 1.456947 0.832011 0.488506 1.154635 1.677148 1.600945 0.825268 1.368204 0.085749 0.378638 1.097634 1.694898 0.619225
1.737396 1.262604 0.262604 0.737396 1.452877 1.574277 0.370672 0.000000 1.498782 0.730770 0.359414 0.548892 1.383279 0.611918 0.640543 1.136319 1.792950 1.845965 0.611031 1.763118 1.897965 1.834292 1.827619 1.202683 0.859179 1.525307 1.952180 1.971618 0.454596 1.738876 0.284924 0.749310 0.726961 1.934430 0.989897
0.763821 0.236179 1.236179 1.763821 0.045906 0.075494 1.869455 1.498782 0.000000 0.768012 1.858196 0.949890 1.117938 1.889300 1.860675 0.362463 0.294168 0.655252 0.887751 0.264335 0.603253 0.335509 0.673599 1.298534 1.642039 0.975911 0.453397 0.529600 1.044187 0.762341 1.783706 1.751907 0.771821 0.435647 1.511321
1.531834 0.531834 0.468166 1.468166 0.722106 0.843507 1.101442 0.730770 0.768012 0.000000 1.090184 0.181878 1.885951 1.342688 1.371313 0.405549 1.062180 1.423265 0.119739 1.032348 1.371265 1.103522 1.441611 1.933453 1.589949 1.743923 1.221410 1.297612 0.276174 1.530354 1.015694 1.480080 0.003809 1.203660 1.720667
1.377983 1.622017 0.622017 0.377983 1.812290 1.933690 0.011259 0.359414 1.858196 1.090184 0.000000 0.908306 1.023866 0.252504 0.281129 1.495733 1.847636 1.486551 0.970445 1.877469 1.538551 1.806294 1.468205 0.843270 0.499765 1.165893 1.688406 1.612204 0.814009 1.379463 0.074490 0.389896 1.086375 1.706157 0.630483
1.713712 0.713712 0.286288 1.286288 0.903984 1.025384 0.919564 0.548892 0.949890 0.181878 0.908306 0.000000 1.932171 1.160810 1.189435 0.587427 1.244058 1.605143 0.062139 1.214226 1.553143 1.285400 1.623489 1.751575 1.408071 1.925801 1.403288 1.479490 0.094296 1.712232 0.833816 1.298202 0.178069 1.385538 1.538789
0.354117 1.354117 1.645883 0.645883 1.163844 1.042444 1.012607 1.383279 1.117938 1.885951 1.023866 1.932171 0.000000 0.771361 0.742736 1.480401 0.823770 0.462686 1.994310 0.853603 0.514686 0.782429 0.444340 0.180596 0.524100 0.142028 0.664541 0.588338 1.837875 0.355597 1.098356 0.633969 1.889760 0.682291 0.393382
1.125478 1.874522 0.874522 0.125478 1.935206 1.813806 0.241246 0.611918 1.889300 1.342688 0.252504 1.160810 0.771361 0.000000 0.028625 1.748237 1.595132 1.234047 1.222949 1.624964 1.286047 1.553790 1.215701 0.590766 0.247261 0.913389 1.435902 1.359700 1.066514 1.126959 0.326994 0.137392 1.338879 1.453652 0.377979
1.096853 1.903147 0.903147 0.096853 1.906581 1.785181 0.269871 0.640543 1.860675 1.371313 0.281129 1.189435 0.742736 0.028625 0.000000 1.776862 1.566507 1.205422 1.251574 1.596339 1.257422 1.525165 1.187076 0.562141 0.218636 0.884764 1.407277 1.331075 1.095139 1.098333 0.355619 0.108767 1.367504 1.425027 0.349354
1.126285 0.126285 0.873715 1.873715 0.316557 0.437957 1.506992 1.136319 0.362463 0.405549 1.495733 0.587427 1.480401 1.748237 1.776862 0.000000 0.656631 1.017716 0.525288 0.626798 0.965716 0.697973 1.036062 1.660997 1.995498 1.338374 0.815861 0.892063 0.681724 1.124804 1.421243 1.885629 0.409358 0.798110 1.873784
0.469653 0.530347 1.530347 1.469653 0.340074 0.218674 1.836377 1.792950 0.294168 1.062180 1.847636 1.244058 0.823770 1.595132 1.566507 0.656631 0.000000 0.361085 1.181919 0.029833 0.309085 0.041341 0.379431 1.004366 1.347871 0.681743 0.159229 0.235432 1.338355 0.468173 1.922126 1.457739 1.065989 0.141479 1.217153
0.108569 0.891431 1.891431 1.108569 0.701158 0.579758 1.475293 1.845965 0.655252 1.423265 1.486551 1.605143 0.462686 1.234047 1.205422 1.017716 0.361085 0.000000 1.543004 0.390917 0.052000 0.319743 0.018346 0.643282 0.986786 0.320658 0.201855 0.125653 1.699439 0.107089 1.561041 1.096655 1.427074 0.219605 0.856068
1.651573 0.651573 0.348427 1.348427 0.841845 0.963245 0.981704 0.611031 0.887751 0.119739 0.970445 0.062139 1.994310 1.222949 1.251574 0.525288 1.181919 1.543004 0.000000 1.152087 1.491004 1.223261 1.561350 1.813715 1.470210 1.863662 1.341149 1.417351 0.156436 1.650092 0.895955 1.360341 0.115930 1.323399 1.600928
0.499486 0.500514 1.500514 1.499486 0.310241 0.188841 1.866210 1.763118 0.264335 1.032348 1.877469 1.214226 0.853603 1.624964 1.596339 0.626798 0.029833 0.390917 1.152087 0.000000 0.338917 0.071174 0.409263 1.034199 1.377703 0.711575 0.189062 0.265265 1.308522 0.498006 1.951959 1.487572 1.036157 0.171312 1.246985
0.160569 0.839431 1.839431 1.160569 0.649159 0.527759 1.527293 1.897965 0.603253 1.371265 1.538551 1.553143 0.514686 1.286047 1.257422 0.965716 0.309085 0.052000 1.491004 0.338917 0.000000 0.267743 0.070346 0.695282 1.038786 0.372658 0.149855 0.073653 1.647439 0.159089 1.613041 1.148655 1.375074 0.167605 0.908068
0.428312 0.571688 1.571688 1.428312 0.381415 0.260015 1.795036 1.834292 0.335509 1.103522 1.806294 1.285400 0.782429 1.553790 1.525165 0.697973 0.041341 0.319743 1.223261 0.071174 0.267743 0.000000 0.338089 0.963025 1.306529 0.640401 0.117888 0.194090 1.379696 0.426832 1.880784 1.416398 1.107331 0.100138 1.175811
0.090223 0.909777 1.909777 1.090223 0.719505 0.598105 1.456947 1.827619 0.673599 1.441611 1.468205 1.623489 0.444340 1.215701 1.187076 1.036062 0.379431 0.018346 1.561350 0.409263 0.070346 0.338089 0.000000 0.624935 0.968440 0.302312 0.220201 0.143999 1.717785 0.088742 1.542695 1.078309 1.445420 0.237951 0.837722
0.534713 1.534713 1.465287 0.465287 1.344440 1.223040 0.832011 1.202683 1.298534 1.933453 0.843270 1.751575 0.180596 0.590766 0.562141 1.660997 1.004366 0.643282 1.813715 1.034199 0.695282 0.963025 0.624935 0.000000 0.343505 0.322623 0.845137 0.768934 1.657279 0.536193 0.917760 0.453373 1.929645 0.862887 0.212787
0.878217 1.878217 1.121783 0.121783 1.687945 1.566545 0.488506 0.859179 1.642039 1.589949 0.499765 1.408071 0.524100 0.247261 0.218636 1.995498 1.347871 0.986786 1.470210 1.377703 1.038786 1.306529 0.968440 0.343505 0.000000 0.666128 1.188641 1.112439 1.313774 0.879698 0.574255 0.109869 1.586140 1.206391 0.130718
0.212089 1.212089 1.787911 0.787911 1.021817 0.900417 1.154635 1.525307 0.975911 1.743923 1.165893 1.925801 0.142028 0.913389 0.884764 1.338374 0.681743 0.320658 1.863662 0.711575 0.372658 0.640401 0.302312 0.322623 0.666128 0.000000 0.522513 0.446311 1.979903 0.213570 1.240383 0.775997 1.747732 0.540263 0.535410
0.310424 0.689576 1.689576 1.310424 0.499303 0.377903 1.677148 1.952180 0.453397 1.221410 1.688406 1.403288 0.664541 1.435902 1.407277 0.815861 0.159229 0.201855 1.341149 0.189062 0.149855 0.117888 0.220201 0.845137 1.188641 0.522513 0.000000 0.076202 1.497584 0.308944 1.762896 1.298510 1.225219 0.017750 1.057923
0.234221 0.765779 1.765779 1.234221 0.575506 0.454106 1.600945 1.971618 0.529600 1.297612 1.612204 1.479490 0.588338 1.359700 1.331075 0.892063 0.235432 0.125653 1.417351 0.265265 0.073653 0.194090 0.143999 0.768934 1.112439 0.446311 0.076202 0.000000 1.573787 0.232741 1.686694 1.222308 1.301421 0.093953 0.981721
1.808008 0.808008 0.191992 1.191992 0.998281 1.119681 0.825268 0.454596 1.044187 0.276174 0.814009 0.094296 1.837875 1.066514 1.095139 0.681724 1.338355 1.699439 0.156436 1.308522 1.647439 1.379696 1.717785 1.657279 1.313774 1.979903 1.497584 1.573787 0.000000 1.806528 0.739519 1.203906 0.272366 1.479834 1.444493
0.001480 0.998520 1.998520 1.001480 0.808247 0.686847 1.368204 1.738876 0.762341 1.530354 1.379463 1.712232 0.355597 1.126959 1.098333 1.124804 0.468173 0.107089 1.650092 0.498006 0.159089 0.426832 0.088742 0.536193 0.879698 0.213570 0.308944 0.232741 1.806528 0.000000 1.453953 0.989566 1.534162 0.326694 0.748980
1.452472 1.547528 0.547528 0.452472 1.737800 1.859200 0.085749 0.284924 1.783706 1.015694 0.074490 0.833816 1.098356 0.326994 0.355619 1.421243 1.922126 1.561041 0.895955 1.951959 1.613041 1.880784 1.542695 0.917760 0.574255 1.240383 1.762896 1.686694 0.739519 1.453953 0.000000 0.464386 1.011885 1.780647 0.704973
0.988086 1.988086 1.011914 0.011914 1.797813 1.676413 0.378638 0.749310 1.751907 1.480080 0.389896 1.298202 0.633969 0.137392 0.108767 1.885629 1.457739 1.096655 1.360341 1.487572 1.148655 1.416398 1.078309 0.453373 0.109869 0.775997 1.298510 1.222308 1.203906 0.989566 0.464386 0.000000 1.476271 1.316260 0.240587
1.535643 0.535643 0.464357 1.464357 0.725915 0.847315 1.097634 0.726961 0.771821 0.003809 1.086375 0.178069 1.889760 1.338879 1.367504 0.409358 1.065989 1.427074 0.115930 1.036157 1.375074 1.107331 1.445420 1.929645 1.586140 1.747732 1.225219 1.301421 0.272366 1.534162 1.011885 1.476271 0.000000 1.207469 1.716858
0.328174 0.671826 1.671826 1.328174 0.481553 0.360153 1.694898 1.934430 0.435647 1.203660 1.706157 1.385538 0.682291 1.453652 1.425027 0.798110 0.141479 0.219605 1.323399 0.171312 0.167605 0.100138 0.237951 0.862887 1.206391 0.540263 0.017750 0.093953 1.479834 0.326694 1.780647 1.316260 1.207469 0.000000 1.075673
0.747499 1.747499 1.252501 0.252501 1.557227 1.435827 0.619225 0.989897 1.511321 1.720667 0.630483 1.538789 0.393382 0.377979 0.349354 1.873784 1.217153 0.856068 1.600928 1.246985 0.908068 1.175811 0.837722 0.212787 0.130718 0.535410 1.057923 0.981721 1.444493 0.748980 0.704973 0.240587 1.716858 1.075673 0.000000
