25
0.000000 1.000000 2.000000 1.000000 1.877605 1.650462 1.188132 1.758592 0.660526 1.483979 1.267602 0.083860 0.437689 1.110567 1.872550 1.673815 1.480970 0.069940 0.488935 0.741660 0.382503 0.014806 0.361570 0.554663 1.280092
1.000000 0.000000 1.000000 2.000000 1.122395 0.650462 0.188132 0.758592 0.339474 0.483979 0.267602 1.083860 0.562311 0.110567 1.127450 1.326185 1.519030 0.930060 1.488935 1.741660 1.382503 1.014806 1.361570 1.554663 0.280092
2.000000 1.000000 0.000000 1.000000 0.122395 0.349538 0.811868 0.241408 1.339474 0.516021 0.732398 1.916140 1.562311 0.889433 0.127450 0.326185 0.519030 1.930060 1.511065 1.258340 1.617497 1.985194 1.638430 1.445337 0.719908
1.000000 2.000000 1.000000 0.000000 0.877605 1.349538 1.811868 1.241408 1.660526 1.516021 1.732398 0.916140 1.437689 1.889433 0.872550 0.673815 0.480970 1.069940 0.511065 0.258340 0.617497 0.985194 0.638430 0.445337 1.719908
1.877605 1.122395 0.122395 0.877605 0.000000 0.471933 0.934263 0.363803 1.461869 0.638416 0.854793 1.793746 1.684706 1.011828 0.005055 0.203790 0.396635 1.947545 1.388670 1.135945 1.495102 1.862799 1.516035 1.322942 0.842303
1.650462 0.650462 0.349538 1.349538 0.471933 0.000000 0.462330 0.108130 0.989936 0.166483 0.382860 1.734322 1.212773 0.539895 0.476988 0.675723 0.868568 1.580522 1.860603 1.607878 1.967035 1.665268 1.987968 1.794875 0.370370
1.188132 0.188132 0.811868 1.811868 0.934263 0.462330 0.000000 0.570460 0.527606 0.295847 0.079470 1.271991 0.750443 0.077564 0.939318 1.138053 1.330899 1.118192 1.677067 1.929791 1.570634 1.202938 1.549702 1.742794 0.091960
1.758592 0.758592 0.241408 1.241408 0.363803 0.108130 0.570460 0.000000 1.098066 0.274613 0.490990 1.842451 1.320903 0.648025 0.368858 0.567593 0.760438 1.688652 1.752473 1.499748 1.858905 1.773398 1.879838 1.686745 0.478500
0.660526 0.339474 1.339474 1.660526 1.461869 0.989936 0.527606 1.098066 0.000000 0.823453 0.607076 0.744385 0.222837 0.450041 1.466924 1.665659 1.858504 0.590586 1.149461 1.402186 1.043029 0.675332 1.022096 1.215189 0.619566
1.483979 0.483979 0.516021 1.516021 0.638416 0.166483 0.295847 0.274613 0.823453 0.000000 0.216377 1.567838 1.046289 0.373411 0.643471 0.842206 1.035052 1.414039 1.972914 1.774362 1.866481 1.498785 1.845549 1.961359 0.203887
1.267602 0.267602 0.732398 1.732398 0.854793 0.382860 0.079470 0.490990 0.607076 0.216377 0.000000 1.351461 0.829912 0.157034 0.859848 1.058583 1.251429 1.197662 1.756537 1.990739 1.650104 1.282408 1.629172 1.822264 0.012490
0.083860 1.083860 1.916140 0.916140 1.793746 1.734322 1.271991 1.842451 0.744385 1.567838 1.351461 0.000000 0.521549 1.194427 1.788691 1.589956 1.397110 0.153800 0.405076 0.657800 0.298643 0.069053 0.277711 0.470803 1.363952
0.437689 0.562311 1.562311 1.437689 1.684706 1.212773 0.750443 1.320903 0.222837 1.046289 0.829912 0.521549 0.000000 0.672878 1.689761 1.888496 1.918659 0.367749 0.926624 1.179349 0.820192 0.452495 0.799259 0.992352 0.842403
1.110567 0.110567 0.889433 1.889433 1.011828 0.539895 0.077564 0.648025 0.450041 0.373411 0.157034 1.194427 0.672878 0.000000 1.016882 1.215618 1.408463 1.040627 1.599502 1.852227 1.493070 1.125373 1.472137 1.665230 0.169525
1.872550 1.127450 0.127450 0.872550 0.005055 0.476988 0.939318 0.368858 1.466924 0.643471 0.859848 1.788691 1.689761 1.016882 0.000000 0.198735 0.391581 1.942490 1.383615 1.130891 1.490047 1.857744 1.510980 1.317888 0.847358
1.673815 1.326185 0.326185 0.673815 0.203790 0.675723 1.138053 0.567593 1.665659 0.842206 1.058583 1.589956 1.888496 1.215618 0.198735 0.000000 0.192845 1.743755 1.184880 0.932155 1.291312 1.659009 1.312245 1.119153 1.046093
1.480970 1.519030 0.519030 0.480970 0.396635 0.868568 1.330899 0.760438 1.858504 1.035052 1.251429 1.397110 1.918659 1.408463 0.391581 0.192845 0.000000 1.550910 0.992035 0.739310 1.098467 1.466164 1.119400 0.926307 1.238938
0.069940 0.930060 1.930060 1.069940 1.947545 1.580522 1.118192 1.688652 0.590586 1.414039 1.197662 0.153800 0.367749 1.040627 1.942490 1.743755 1.550910 0.000000 0.558875 0.811600 0.452443 0.084746 0.431510 0.624603 1.210152
0.488935 1.488935 1.511065 0.511065 1.388670 1.860603 1.677067 1.752473 1.149461 1.972914 1.756537 0.405076 0.926624 1.599502 1.383615 1.184880 0.992035 0.558875 0.000000 0.252725 0.106432 0.474129 0.127365 0.065727 1.769027
0.741660 1.741660 1.258340 0.258340 1.135945 1.607878 1.929791 1.499748 1.402186 1.774362 1.990739 0.657800 1.179349 1.852227 1.130891 0.932155 0.739310 0.811600 0.252725 0.000000 0.359157 0.726854 0.380090 0.186997 1.978248
0.382503 1.382503 1.617497 0.617497 1.495102 1.967035 1.570634 1.858905 1.043029 1.866481 1.650104 0.298643 0.820192 1.493070 1.490047 1.291312 1.098467 0.452443 0.106432 0.359157 0.000000 0.367697 0.020933 0.172160 1.662595
0.014806 1.014806 1.985194 0.985194 1.862799 1.665268 1.202938 1.773398 0.675332 1.498785 1.282408 0.069053 0.452495 1.125373 1.857744 1.659009 1.466164 0.084746 0.474129 0.726854 0.367697 0.000000 0.346764 0.539857 1.294898
0.361570 1.361570 1.638430 0.638430 1.516035 1.987968 1.549702 1.879838 1.022096 1.845549 1.629172 0.277711 0.799259 1.472137 1.510980 1.312245 1.119400 0.431510 0.127365 0.380090 0.020933 0.346764 0.000000 0.193092 1.641662
0.554663 1.554663 1.445337 0.445337 1.322942 1.794875 1.742794 1.686745 1.215189 1.961359 1.822264 0.470803 0.992352 1.665230 1.317888 1.119153 0.926307 0.624603 0.065727 0.186997 0.172160 0.539857 0.193092 0.000000 1.834755
1.280092 0.280092 0.719908 1.719908 0.842303 0.370370 0.091960 0.478500 0.619566 0.203887 0.012490 1.363952 0.842403 0.169525 0.847358 1.046093 1.238938 1.210152 1.769027 1.978248 1.662595 1.294898 1.641662 1.834755 0.000000
