45
0.000000 1.000000 2.000000 1.000000 1.041633 1.580293 1.206919 0.155139 1.724691 1.529139 0.132789 1.852471 0.076787 1.722418 0.101195 0.640038 1.723120 0.107615 1.253480 0.326918 1.170745 1.935613 1.815799 1.846013 0.339010 1.783941 0.091152 1.594510 0.545150 1.407223 0.021049 1.926941 1.728922 0.389752 0.331246 0.410608 1.220468 1.179166 0.472469 0.813723 1.180494 0.639739 1.750712 1.570019 1.439586
1.000000 0.000000 1.000000 2.000000 1.958367 0.580293 1.793081 0.844861 0.724691 0.529139 0.867211 1.147529 1.076787 0.722418 0.898805 1.640038 0.723120 0.892385 1.746520 1.326918 0.170745 1.064387 1.184201 1.153987 1.339010 1.216059 0.908848 0.594510 0.454850 0.407223 1.021049 0.926941 0.728922 1.389752 1.331246 0.589392 0.220468 1.820834 1.472469 0.186277 0.180494 0.360261 0.750712 1.429981 1.560414
2.000000 1.000000 0.000000 1.000000 0.958367 0.419707 0.793081 1.844861 0.275309 0.470861 1.867211 0.147529 1.923213 0.277582 1.898805 1.359962 0.276880 1.892385 0.746520 1.673082 0.829255 0.064387 0.184201 0.153987 1.660990 0.216059 1.908848 0.405490 1.454850 0.592777 1.978951 0.073059 0.271078 1.610248 1.668754 1.589392 0.779532 0.820834 1.527531 1.186277 0.819506 1.360261 0.249288 0.429981 0.560414
1.000000 2.000000 1.000000 0.000000 0.041633 1.419707 0.206919 1.155139 1.275309 1.470861 1.132789 0.852471 0.923213 1.277582 1.101195 0.359962 1.276880 1.107615 0.253480 0.673082 1.829255 0.935613 0.815799 0.846013 0.660990 0.783941 1.091152 1.405490 1.545150 1.592777 0.978951 1.073059 1.271078 0.610248 0.668754 1.410608 1.779532 0.179166 0.527531 1.813723 1.819506 1.639739 1.249288 0.570019 0.439586
1.041633 1.958367 0.958367 0.041633 0.000000 1.378074 0.165286 1.196772 1.233676 1.429228 1.174422 0.810838 0.964846 1.235949 1.142828 0.401595 1.235247 1.149247 0.211847 0.714715 1.787622 0.893980 0.774166 0.804380 0.702623 0.742308 1.132785 1.363857 1.586783 1.551144 1.020584 1.031426 1.229445 0.651881 0.710387 1.452241 1.737899 0.137533 0.569164 1.855356 1.777873 1.681372 1.207655 0.528386 0.397953
1.580293 0.580293 0.419707 1.419707 1.378074 0.000000 1.212789 1.425154 0.144398 0.051154 1.447503 0.567236 1.657079 0.142125 1.479098 1.779669 0.142828 1.472678 1.166227 1.907211 0.409548 0.484094 0.603908 0.573694 1.919302 0.635766 1.489141 0.014217 1.035143 0.173070 1.601342 0.346648 0.148629 1.970045 1.911539 1.169685 0.359824 1.240542 1.947239 0.766569 0.399798 0.940554 0.170419 0.849688 0.980121
1.206919 1.793081 0.793081 0.206919 0.165286 1.212789 0.000000 1.362058 1.068391 1.263942 1.339708 0.645552 1.130132 1.070664 1.308114 0.566881 1.069961 1.314533 0.046561 0.880001 1.622336 0.728694 0.608880 0.639095 0.867909 0.577022 1.298070 1.198571 1.752068 1.385859 1.185869 0.866140 1.064159 0.817166 0.875673 1.617526 1.572613 0.027753 0.734450 1.979358 1.612587 1.846657 1.042369 0.363101 0.232668
0.155139 0.844861 1.844861 1.155139 1.196772 1.425154 1.362058 0.000000 1.569552 1.374000 0.022350 1.992390 0.231926 1.567279 0.053944 0.795177 1.567981 0.047524 1.408619 0.482057 1.015606 1.909248 1.970938 1.998848 0.494149 1.939080 0.063987 1.439371 0.390011 1.252084 0.176188 1.771802 1.573783 0.544891 0.486385 0.255469 1.065330 1.334305 0.627608 0.658584 1.025356 0.484600 1.595573 1.725158 1.594725
1.724691 0.724691 0.275309 1.275309 1.233676 0.144398 1.068391 1.569552 0.000000 0.195551 1.591901 0.422838 1.801477 0.002273 1.623496 1.635272 0.001570 1.617076 1.021829 1.948392 0.553945 0.339697 0.459510 0.429296 1.936300 0.491368 1.633539 0.130180 1.179541 0.317468 1.745740 0.202250 0.004231 1.885557 1.944064 1.314083 0.504222 1.096144 1.802841 0.910967 0.544196 1.084952 0.026022 0.705290 0.835723
1.529139 0.529139 0.470861 1.470861 1.429228 0.051154 1.263942 1.374000 0.195551 0.000000 1.396350 0.618390 1.605926 0.193278 1.427944 1.830823 0.193981 1.421525 1.217381 1.856057 0.358394 0.535248 0.655062 0.624847 1.868149 0.686920 1.437987 0.065371 0.983990 0.121917 1.550189 0.397802 0.199783 1.918892 1.860385 1.118532 0.308671 1.291695 1.998392 0.715416 0.348645 0.889401 0.221573 0.900841 1.031274
0.132789 0.867211 1.867211 1.132789 1.174422 1.447503 1.339708 0.022350 1.591901 1.396350 0.000000 1.985260 0.209576 1.589628 0.031595 0.772827 1.590331 0.025175 1.386270 0.459707 1.037956 1.931598 1.948589 1.978803 0.471799 1.916730 0.041638 1.461721 0.412360 1.274433 0.153839 1.794151 1.596132 0.522542 0.464035 0.277818 1.087679 1.311955 0.605258 0.680934 1.047705 0.506949 1.617923 1.702809 1.572376
1.852471 1.147529 0.147529 0.852471 0.810838 0.567236 0.645552 1.992390 0.422838 0.618390 1.985260 0.000000 1.775684 0.425111 1.953666 1.212433 0.424409 1.960086 0.598991 1.525553 0.976784 0.083142 0.036672 0.006458 1.513461 0.068530 1.943623 0.553019 1.602379 0.740306 1.831422 0.220588 0.418607 1.462719 1.521225 1.736921 0.927061 0.673305 1.380002 1.333806 0.967035 1.507790 0.396817 0.282452 0.412885
0.076787 1.076787 1.923213 0.923213 0.964846 1.657079 1.130132 0.231926 1.801477 1.605926 0.209576 1.775684 0.000000 1.799204 0.177981 0.563251 1.799907 0.184401 1.176694 0.250131 1.247532 1.858826 1.739013 1.769227 0.262223 1.707154 0.167938 1.671297 0.621936 1.484009 0.055737 1.996272 1.805708 0.312966 0.254459 0.487394 1.297255 1.102379 0.395682 0.890510 1.257281 0.716525 1.827499 1.493233 1.362800
1.722418 0.722418 0.277582 1.277582 1.235949 0.142125 1.070664 1.567279 0.002273 0.193278 1.589628 0.425111 1.799204 0.000000 1.621223 1.637544 0.000703 1.614803 1.024102 1.950664 0.551672 0.341970 0.461783 0.431569 1.938573 0.493641 1.631266 0.127907 1.177268 0.315195 1.743467 0.204523 0.006504 1.887830 1.946337 1.311810 0.501949 1.098417 1.805114 0.908694 0.541923 1.082679 0.028294 0.707563 0.837996
0.101195 0.898805 1.898805 1.101195 1.142828 1.479098 1.308114 0.053944 1.623496 1.427944 0.031595 1.953666 0.177981 1.621223 0.000000 0.741233 1.621926 0.006420 1.354675 0.428113 1.069550 1.963192 1.916994 1.947208 0.440205 1.885136 0.010043 1.493315 0.443955 1.306028 0.122244 1.825746 1.627727 0.490947 0.432441 0.309413 1.119274 1.280360 0.573664 0.712528 1.079300 0.538544 1.649517 1.671214 1.540781
0.640038 1.640038 1.359962 0.359962 0.401595 1.779669 0.566881 0.795177 1.635272 1.830823 0.772827 1.212433 0.563251 1.637544 0.741233 0.000000 1.636842 0.747652 0.613442 0.313120 1.810783 1.295575 1.175761 1.205975 0.301028 1.143903 0.731190 1.765452 1.185188 1.952739 0.618988 1.433021 1.631040 0.250286 0.308792 1.050646 1.860506 0.539128 0.167569 1.453761 1.820532 1.279776 1.609250 0.929981 0.799548
1.723120 0.723120 0.276880 1.276880 1.235247 0.142828 1.069961 1.567981 0.001570 0.193981 1.590331 0.424409 1.799907 0.000703 1.621926 1.636842 0.000000 1.615506 1.023400 1.949962 0.552375 0.341267 0.461080 0.430866 1.937870 0.492939 1.631969 0.128610 1.177971 0.315898 1.744170 0.203821 0.005801 1.887127 1.945634 1.312513 0.502652 1.097714 1.804411 0.909397 0.542626 1.083382 0.027592 0.706860 0.837293
0.107615 0.892385 1.892385 1.107615 1.149247 1.472678 1.314533 0.047524 1.617076 1.421525 0.025175 1.960086 0.184401 1.614803 0.006420 0.747652 1.615506 0.000000 1.361095 0.434532 1.063131 1.956773 1.923414 1.953628 0.446624 1.891556 0.016463 1.486896 0.437535 1.299608 0.128664 1.819326 1.621307 0.497367 0.438860 0.302993 1.112854 1.286780 0.580083 0.706109 1.072880 0.532124 1.643098 1.677634 1.547201
1.253480 1.746520 0.746520 0.253480 0.211847 1.166227 0.046561 1.408619 1.021829 1.217381 1.386270 0.598991 1.176694 1.024102 1.354675 0.613442 1.023400 1.361095 0.000000 0.926562 1.575775 0.682133 0.562319 0.592533 0.914470 0.530461 1.344632 1.152010 1.798630 1.339297 1.232431 0.819579 1.017598 0.863728 0.922234 1.664088 1.526051 0.074314 0.781011 1.932797 1.566025 1.893219 0.995808 0.316539 0.186106
0.326918 1.326918 1.673082 0.673082 0.714715 1.907211 0.880001 0.482057 1.948392 1.856057 0.459707 1.525553 0.250131 1.950664 0.428113 0.313120 1.949962 0.434532 0.926562 0.000000 1.497663 1.608695 1.488881 1.519095 0.012092 1.457023 0.418070 1.921428 0.872068 1.734141 0.305868 1.746141 1.944160 0.062834 0.004328 0.737526 1.547386 0.852248 0.145551 1.140641 1.507412 0.966656 1.922370 1.243101 1.112668
1.170745 0.170745 0.829255 1.829255 1.787622 0.409548 1.622336 1.015606 0.553945 0.358394 1.037956 0.976784 1.247532 0.551672 1.069550 1.810783 0.552375 1.063131 1.575775 1.497663 0.000000 0.893642 1.013456 0.983241 1.509755 1.045314 1.079593 0.423765 0.625596 0.236477 1.191795 0.756196 0.558177 1.560498 1.501991 0.760138 0.049723 1.650089 1.643214 0.357022 0.009749 0.531007 0.579967 1.259235 1.389668
1.935613 1.064387 0.064387 0.935613 0.893980 0.484094 0.728694 1.909248 0.339697 0.535248 1.931598 0.083142 1.858826 0.341970 1.963192 1.295575 0.341267 1.956773 0.682133 1.608695 0.893642 0.000000 0.119814 0.089600 1.596603 0.151672 1.973235 0.469877 1.519238 0.657165 1.914563 0.137446 0.335465 1.545860 1.604367 1.653780 0.843919 0.756447 1.463144 1.250664 0.883893 1.424649 0.313675 0.365593 0.496026
1.815799 1.184201 0.184201 0.815799 0.774166 0.603908 0.608880 1.970938 0.459510 0.655062 1.948589 0.036672 1.739013 0.461783 1.916994 1.175761 0.461080 1.923414 0.562319 1.488881 1.013456 0.119814 0.000000 0.030214 1.476790 0.031858 1.906951 0.589691 1.639051 0.776978 1.794750 0.257260 0.455279 1.426047 1.484553 1.773593 0.963732 0.636634 1.343330 1.370477 1.003706 1.544462 0.433489 0.245780 0.376213
1.846013 1.153987 0.153987 0.846013 0.804380 0.573694 0.639095 1.998848 0.429296 0.624847 1.978803 0.006458 1.769227 0.431569 1.947208 1.205975 0.430866 1.953628 0.592533 1.519095 0.983241 0.089600 0.030214 0.000000 1.507004 0.062072 1.937165 0.559477 1.608837 0.746764 1.824964 0.227046 0.425065 1.456261 1.514767 1.743379 0.933518 0.666848 1.373545 1.340263 0.973492 1.514248 0.403275 0.275994 0.406427
0.339010 1.339010 1.660990 0.660990 0.702623 1.919302 0.867909 0.494149 1.936300 1.868149 0.471799 1.513461 0.262223 1.938573 0.440205 0.301028 1.937870 0.446624 0.914470 0.012092 1.509755 1.596603 1.476790 1.507004 0.000000 1.444931 0.430161 1.933520 0.884159 1.746232 0.317960 1.734049 1.932069 0.050743 0.007764 0.749617 1.559478 0.840156 0.133459 1.152733 1.519504 0.978748 1.910278 1.231010 1.100577
1.783941 1.216059 0.216059 0.783941 0.742308 0.635766 0.577022 1.939080 0.491368 0.686920 1.916730 0.068530 1.707154 0.493641 1.885136 1.143903 0.492939 1.891556 0.530461 1.457023 1.045314 0.151672 0.031858 0.062072 1.444931 0.000000 1.875093 0.621549 1.670909 0.808836 1.762892 0.289118 0.487137 1.394189 1.452695 1.805451 0.995590 0.604775 1.311472 1.402336 1.035564 1.576320 0.465347 0.213922 0.344355
0.091152 0.908848 1.908848 1.091152 1.132785 1.489141 1.298070 0.063987 1.633539 1.437987 0.041638 1.943623 0.167938 1.631266 0.010043 0.731190 1.631969 0.016463 1.344632 0.418070 1.079593 1.973235 1.906951 1.937165 0.430161 1.875093 0.000000 1.503358 0.453998 1.316071 0.112201 1.835789 1.637770 0.480904 0.422398 0.319456 1.129317 1.270317 0.563620 0.722572 1.089343 0.548587 1.659560 1.661171 1.530738
1.594510 0.594510 0.405490 1.405490 1.363857 0.014217 1.198571 1.439371 0.130180 0.065371 1.461721 0.553019 1.671297 0.127907 1.493315 1.765452 0.128610 1.486896 1.152010 1.921428 0.423765 0.469877 0.589691 0.559477 1.933520 0.621549 1.503358 0.000000 1.049361 0.187287 1.615560 0.332431 0.134412 1.984263 1.925756 1.183903 0.374042 1.226324 1.933021 0.780787 0.414016 0.954772 0.156202 0.835470 0.965903
0.545150 0.454850 1.454850 1.545150 1.586783 1.035143 1.752068 0.390011 1.179541 0.983990 0.412360 1.602379 0.621936 1.177268 0.443955 1.185188 1.177971 0.437535 1.798630 0.872068 0.625596 1.519238 1.639051 1.608837 0.884159 1.670909 0.453998 1.049361 0.000000 0.862073 0.566199 1.381791 1.183772 0.934902 0.876395 0.134542 0.675319 1.724315 1.017618 0.268574 0.635345 0.094589 1.205562 1.884831 1.984736
1.407223 0.407223 0.592777 1.592777 1.551144 0.173070 1.385859 1.252084 0.317468 0.121917 1.274433 0.740306 1.484009 0.315195 1.306028 1.952739 0.315898 1.299608 1.339297 1.734141 0.236477 0.657165 0.776978 0.746764 1.746232 0.808836 1.316071 0.187287 0.862073 0.000000 1.428272 0.519718 0.321699 1.796975 1.738468 0.996615 0.186754 1.413612 1.879691 0.593499 0.226728 0.767484 0.343489 1.022758 1.153191
0.021049 1.021049 1.978951 0.978951 1.020584 1.601342 1.185869 0.176188 1.745740 1.550189 0.153839 1.831422 0.055737 1.743467 0.122244 0.618988 1.744170 0.128664 1.232431 0.305868 1.191795 1.914563 1.794750 1.824964 0.317960 1.762892 0.112201 1.615560 0.566199 1.428272 0.000000 1.947990 1.749971 0.368703 0.310196 0.431657 1.241518 1.158116 0.451419 0.834773 1.201544 0.660788 1.771761 1.548970 1.418537
1.926941 0.926941 0.073059 1.073059 1.031426 0.346648 0.866140 1.771802 0.202250 0.397802 1.794151 0.220588 1.996272 0.204523 1.825746 1.433021 0.203821 1.819326 0.819579 1.746141 0.756196 0.137446 0.257260 0.227046 1.734049 0.289118 1.835789 0.332431 1.381791 0.519718 1.947990 0.000000 0.198019 1.683307 1.741813 1.516333 0.706472 0.893893 1.600590 1.113218 0.746446 1.287202 0.176229 0.503040 0.633473
1.728922 0.728922 0.271078 1.271078 1.229445 0.148629 1.064159 1.573783 0.004231 0.199783 1.596132 0.418607 1.805708 0.006504 1.627727 1.631040 0.005801 1.621307 1.017598 1.944160 0.558177 0.335465 0.455279 0.425065 1.932069 0.487137 1.637770 0.134412 1.183772 0.321699 1.749971 0.198019 0.000000 1.881326 1.939832 1.318314 0.508453 1.091913 1.798609 0.915198 0.548427 1.089183 0.021790 0.701059 0.831492
0.389752 1.389752 1.610248 0.610248 0.651881 1.970045 0.817166 0.544891 1.885557 1.918892 0.522542 1.462719 0.312966 1.887830 0.490947 0.250286 1.887127 0.497367 0.863728 0.062834 1.560498 1.545860 1.426047 1.456261 0.050743 1.394189 0.480904 1.984263 0.934902 1.796975 0.368703 1.683307 1.881326 0.000000 0.058507 0.800360 1.610221 0.789413 0.082716 1.203476 1.570247 1.029491 1.859536 1.180267 1.049834
0.331246 1.331246 1.668754 0.668754 0.710387 1.911539 0.875673 0.486385 1.944064 1.860385 0.464035 1.521225 0.254459 1.946337 0.432441 0.308792 1.945634 0.438860 0.922234 0.004328 1.501991 1.604367 1.484553 1.514767 0.007764 1.452695 0.422398 1.925756 0.876395 1.738468 0.310196 1.741813 1.939832 0.058507 0.000000 0.741853 1.551714 0.847920 0.141223 1.144969 1.511740 0.970984 1.918042 1.238774 1.108341
0.410608 0.589392 1.589392 1.410608 1.452241 1.169685 1.617526 0.255469 1.314083 1.118532 0.277818 1.736921 0.487394 1.311810 0.309413 1.050646 1.312513 0.302993 1.664088 0.737526 0.760138 1.653780 1.773593 1.743379 0.749617 1.805451 0.319456 1.183903 0.134542 0.996615 0.431657 1.516333 1.318314 0.800360 0.741853 0.000000 0.809861 1.589773 0.883076 0.403116 0.769887 0.229131 1.340104 1.980627 1.850194
1.220468 0.220468 0.779532 1.779532 1.737899 0.359824 1.572613 1.065330 0.504222 0.308671 1.087679 0.927061 1.297255 0.501949 1.119274 1.860506 0.502652 1.112854 1.526051 1.547386 0.049723 0.843919 0.963732 0.933518 1.559478 0.995590 1.129317 0.374042 0.675319 0.186754 1.241518 0.706472 0.508453 1.610221 1.551714 0.809861 0.000000 1.600366 1.692937 0.406745 0.039974 0.580730 0.530244 1.209512 1.339945
1.179166 1.820834 0.820834 0.179166 0.137533 1.240542 0.027753 1.334305 1.096144 1.291695 1.311955 0.673305 1.102379 1.098417 1.280360 0.539128 1.097714 1.286780 0.074314 0.852248 1.650089 0.756447 0.636634 0.666848 0.840156 0.604775 1.270317 1.226324 1.724315 1.413612 1.158116 0.893893 1.091913 0.789413 0.847920 1.589773 1.600366 0.000000 0.706697 1.992889 1.640340 1.818904 1.070122 0.390854 0.260421
0.472469 1.472469 1.527531 0.527531 0.569164 1.947239 0.734450 0.627608 1.802841 1.998392 0.605258 1.380002 0.395682 1.805114 0.573664 0.167569 1.804411 0.580083 0.781011 0.145551 1.643214 1.463144 1.343330 1.373545 0.133459 1.311472 0.563620 1.933021 1.017618 1.879691 0.451419 1.600590 1.798609 0.082716 0.141223 0.883076 1.692937 0.706697 0.000000 1.286192 1.652963 1.112207 1.776819 1.097551 0.967118
0.813723 0.186277 1.186277 1.813723 1.855356 0.766569 1.979358 0.658584 0.910967 0.715416 0.680934 1.333806 0.890510 0.908694 0.712528 1.453761 0.909397 0.706109 1.932797 1.140641 0.357022 1.250664 1.370477 1.340263 1.152733 1.402336 0.722572 0.780787 0.268574 0.593499 0.834773 1.113218 0.915198 1.203476 1.144969 0.403116 0.406745 1.992889 1.286192 0.000000 0.366771 0.173985 0.936989 1.616257 1.746690
1.180494 0.180494 0.819506 1.819506 1.777873 0.399798 1.612587 1.025356 0.544196 0.348645 1.047705 0.967035 1.257281 0.541923 1.079300 1.820532 0.542626 1.072880 1.566025 1.507412 0.009749 0.883893 1.003706 0.973492 1.519504 1.035564 1.089343 0.414016 0.635345 0.226728 1.201544 0.746446 0.548427 1.570247 1.511740 0.769887 0.039974 1.640340 1.652963 0.366771 0.000000 0.540756 0.570218 1.249486 1.379919
0.639739 0.360261 1.360261 1.639739 1.681372 0.940554 1.846657 0.484600 1.084952 0.889401 0.506949 1.507790 0.716525 1.082679 0.538544 1.279776 1.083382 0.532124 1.893219 0.966656 0.531007 1.424649 1.544462 1.514248 0.978748 1.576320 0.548587 0.954772 0.094589 0.767484 0.660788 1.287202 1.089183 1.029491 0.970984 0.229131 0.580730 1.818904 1.112207 0.173985 0.540756 0.000000 1.110974 1.790242 1.920675
1.750712 0.750712 0.249288 1.249288 1.207655 0.170419 1.042369 1.595573 0.026022 0.221573 1.617923 0.396817 1.827499 0.028294 1.649517 1.609250 0.027592 1.643098 0.995808 1.922370 0.579967 0.313675 0.433489 0.403275 1.910278 0.465347 1.659560 0.156202 1.205562 0.343489 1.771761 0.176229 0.021790 1.859536 1.918042 1.340104 0.530244 1.070122 1.776819 0.936989 0.570218 1.110974 0.000000 0.679269 0.809702
1.570019 1.429981 0.429981 0.570019 0.528386 0.849688 0.363101 1.725158 0.705290 0.900841 1.702809 0.282452 1.493233 0.707563 1.671214 0.929981 0.706860 1.677634 0.316539 1.243101 1.259235 0.365593 0.245780 0.275994 1.231010 0.213922 1.661171 0.835470 1.884831 1.022758 1.548970 0.503040 0.701059 1.180267 1.238774 1.980627 1.209512 0.390854 1.097551 1.616257 1.249486 1.790242 0.679269 0.000000 0.130433
1.439586 1.560414 0.560414 0.439586 0.397953 0.980121 0.232668 1.594725 0.835723 1.031274 1.572376 0.412885 1.362800 0.837996 1.540781 0.799548 0.837293 1.547201 0.186106 1.112668 1.389668 0.496026 0.376213 0.406427 1.100577 0.344355 1.530738 0.965903 1.984736 1.153191 1.418537 0.633473 0.831492 1.049834 1.108341 1.850194 1.339945 0.260421 0.967118 1.746690 1.379919 1.920675 0.809702 0.130433 0.000000
