20
0.000000 1.000000 2.000000 1.000000 1.431625 1.546193 0.161402 1.825598 0.892569 0.297904 0.760075 1.696350 1.454528 1.824965 1.608030 0.333026 1.957815 1.339329 0.131710 1.850952
1.000000 0.000000 1.000000 2.000000 0.431625 1.453807 0.838598 1.174402 0.107431 0.702096 0.239925 0.696350 1.545472 0.824965 1.391970 0.666974 0.957815 1.660671 1.131710 0.850952
2.000000 1.000000 0.000000 1.000000 0.568375 0.453807 1.838598 0.174402 1.107431 1.702096 1.239925 0.303650 0.545472 0.175035 0.391970 1.666974 0.042185 0.660671 1.868290 0.149048
1.000000 2.000000 1.000000 0.000000 1.568375 0.546193 1.161402 0.825598 1.892569 1.297904 1.760075 1.303650 0.454528 1.175035 0.608030 1.333026 1.042185 0.339329 0.868290 1.149048
1.431625 0.431625 0.568375 1.568375 0.000000 1.022182 1.270223 0.742777 0.539057 1.133721 0.671551 0.264724 1.113846 0.393340 0.960344 1.098599 0.526190 1.229046 1.563335 0.419327
1.546193 1.453807 0.453807 0.546193 1.022182 0.000000 1.707595 0.279405 1.561238 1.844097 1.693732 0.757457 0.091665 0.628842 0.061837 1.879219 0.495992 0.206864 1.414483 0.602855
0.161402 0.838598 1.838598 1.161402 1.270223 1.707595 0.000000 1.987000 0.731167 0.136502 0.598673 1.534948 1.615930 1.663563 1.769432 0.171624 1.796413 1.500730 0.293112 1.689550
1.825598 1.174402 0.174402 0.825598 0.742777 0.279405 1.987000 0.000000 1.281833 1.876498 1.414327 0.478052 0.371070 0.349437 0.217568 1.841376 0.216587 0.486269 1.693888 0.323450
0.892569 0.107431 1.107431 1.892569 0.539057 1.561238 0.731167 1.281833 0.000000 0.594665 0.132494 0.803781 1.652903 0.932397 1.499401 0.559543 1.065246 1.768103 1.024278 0.958383
0.297904 0.702096 1.702096 1.297904 1.133721 1.844097 0.136502 1.876498 0.594665 0.000000 0.462171 1.398446 1.752432 1.527061 1.905934 0.035122 1.659911 1.637233 0.429614 1.553048
0.760075 0.239925 1.239925 1.760075 0.671551 1.693732 0.598673 1.414327 0.132494 0.462171 0.000000 0.936275 1.785397 1.064891 1.631895 0.427049 1.197740 1.900597 0.891784 1.090877
1.696350 0.696350 0.303650 1.303650 0.264724 0.757457 1.534948 0.478052 0.803781 1.398446 0.936275 0.000000 0.849122 0.128616 0.695620 1.363324 0.261465 0.964322 1.828060 0.154602
1.454528 1.545472 0.545472 0.454528 1.113846 0.091665 1.615930 0.371070 1.652903 1.752432 1.785397 0.849122 0.000000 0.720506 0.153502 1.787554 0.587657 0.115200 1.322819 0.694520
1.824965 0.824965 0.175035 1.175035 0.393340 0.628842 1.663563 0.349437 0.932397 1.527061 1.064891 0.128616 0.720506 0.000000 0.567004 1.491939 0.132850 0.835706 1.956675 0.025987
1.608030 1.391970 0.391970 0.608030 0.960344 0.061837 1.769432 0.217568 1.499401 1.905934 1.631895 0.695620 0.153502 0.567004 0.000000 1.941056 0.434155 0.268702 1.476321 0.541018
0.333026 0.666974 1.666974 1.333026 1.098599 1.879219 0.171624 1.841376 0.559543 0.035122 0.427049 1.363324 1.787554 1.491939 1.941056 0.000000 1.624789 1.672355 0.464736 1.517926
1.957815 0.957815 0.042185 1.042185 0.526190 0.495992 1.796413 0.216587 1.065246 1.659911 1.197740 0.261465 0.587657 0.132850 0.434155 1.624789 0.000000 0.702857 1.910475 0.106863
1.339329 1.660671 0.660671 0.339329 1.229046 0.206864 1.500730 0.486269 1.768103 1.637233 1.900597 0.964322 0.115200 0.835706 0.268702 1.672355 0.702857 0.000000 1.207619 0.809719
0.131710 1.131710 1.868290 0.868290 1.563335 1.414483 0.293112 1.693888 1.024278 0.429614 0.891784 1.828060 1.322819 1.956675 1.476321 0.464736 1.910475 1.207619 0.000000 1.982662
1.850952 0.850952 0.149048 1.149048 0.419327 0.602855 1.689550 0.323450 0.958383 1.553048 1.090877 0.154602 0.694520 0.025987 0.541018 1.517926 0.106863 0.809719 1.982662 0.000000
