40
0.000000 1.000000 2.000000 1.000000 1.031263 1.182443 1.539924 1.817755 0.852804 1.164611 1.885431 0.394810 1.242203 0.105120 0.070946 0.849540 1.833020 0.592959 0.402797 0.876060 1.632481 1.832074 1.958561 0.377558 1.217257 0.277950 0.638797 1.820270 1.533976 1.918885 1.825863 0.377972 1.428054 1.714976 0.823834 0.004902 0.352412 1.750948 0.963239 1.744370
1.000000 0.000000 1.000000 2.000000 0.031263 0.182443 1.460076 1.182245 1.852804 0.164611 1.114569 0.605190 1.757797 1.105120 1.070946 1.849540 1.166980 0.407041 1.402797 0.123940 1.367519 0.832074 1.041439 0.622442 0.217257 0.722050 0.361203 0.820270 1.466024 0.918885 0.825863 0.622028 1.571946 1.285024 0.176166 1.004902 0.647588 1.249052 1.963239 0.744370
2.000000 1.000000 0.000000 1.000000 0.968737 0.817557 0.460076 0.182245 1.147196 0.835389 0.114569 1.605190 0.757797 1.894880 1.929054 1.150460 0.166980 1.407041 1.597203 1.123940 0.367519 0.167926 0.041439 1.622442 0.782743 1.722050 1.361203 0.179730 0.466024 0.081115 0.174137 1.622028 0.571946 0.285024 1.176166 1.995098 1.647588 0.249052 1.036761 0.255630
1.000000 2.000000 1.000000 0.000000 1.968737 1.817557 0.539924 0.817755 0.147196 1.835389 0.885431 1.394810 0.242203 0.894880 0.929054 0.150460 0.833020 1.592959 0.597203 1.876060 0.632481 1.167926 0.958561 1.377558 1.782743 1.277950 1.638797 1.179730 0.533976 1.081115 1.174137 1.377972 0.428054 0.714976 1.823834 0.995098 1.352412 0.750948 0.036761 1.255630
1.031263 0.031263 0.968737 1.968737 0.000000 0.151181 1.428813 1.150983 1.884066 0.133348 1.083307 0.636453 1.726534 1.136383 1.102209 1.880803 1.135717 0.438303 1.434060 0.155203 1.336257 0.800812 1.010177 0.653705 0.185995 0.753313 0.392466 0.789007 1.434762 0.887623 0.794600 0.653290 1.540683 1.253761 0.207428 1.036164 0.678851 1.217790 1.994502 0.713107
1.182443 0.182443 0.817557 1.817557 0.151181 0.000000 1.277632 0.999802 1.964753 0.017832 0.932126 0.787633 1.575353 1.287564 1.253389 1.968017 0.984537 0.589484 1.585241 0.306384 1.185076 0.649631 0.858996 0.804886 0.034814 0.904493 0.543646 0.637827 1.283581 0.736442 0.643419 0.804471 1.389503 1.102580 0.358609 1.187345 0.830032 1.066609 1.854318 0.561926
1.539924 1.460076 0.460076 0.539924 1.428813 1.277632 0.000000 0.277830 0.687121 1.295465 0.345506 1.934734 0.297721 1.434804 1.468978 0.690384 0.293096 1.867116 1.137127 1.584016 0.092556 0.628001 0.418637 1.917482 1.242818 1.817874 1.821279 0.639806 0.005949 0.541190 0.634213 1.917896 0.111870 0.175052 1.636241 1.535023 1.892336 0.211023 0.576685 0.715706
1.817755 1.182245 0.182245 0.817755 1.150983 0.999802 0.277830 0.000000 0.964951 1.017635 0.067676 1.787436 0.575551 1.712634 1.746809 0.968215 0.015266 1.589286 1.414957 1.306186 0.185274 0.350171 0.140806 1.804688 0.964988 1.904295 1.543449 0.361976 0.283779 0.263360 0.356383 1.804273 0.389700 0.102778 1.358411 1.812853 1.829834 0.066807 0.854516 0.437876
0.852804 1.852804 1.147196 0.147196 1.884066 1.964753 0.687121 0.964951 0.000000 1.982585 1.032627 1.247614 0.389400 0.747683 0.781858 0.003264 0.980216 1.445763 0.450006 1.728863 0.779677 1.315122 1.105757 1.230361 1.929939 1.130754 1.491601 1.326926 0.681172 1.228311 1.321334 1.230776 0.575250 0.862173 1.676638 0.847902 1.205216 0.898144 0.110435 1.402827
1.164611 0.164611 0.835389 1.835389 0.133348 0.017832 1.295465 1.017635 1.982585 0.000000 0.949959 0.769801 1.593186 1.269731 1.235557 1.985849 1.002369 0.571651 1.567408 0.288551 1.202909 0.667464 0.876828 0.787053 0.052646 0.886661 0.525814 0.655659 1.301414 0.754275 0.661252 0.786639 1.407335 1.120413 0.340776 1.169512 0.812199 1.084442 1.872150 0.579759
1.885431 1.114569 0.114569 0.885431 1.083307 0.932126 0.345506 0.067676 1.032627 0.949959 0.000000 1.719760 0.643227 1.780310 1.814485 1.035890 0.052410 1.521610 1.482633 1.238510 0.252950 0.282495 0.073130 1.737012 0.897312 1.836619 1.475773 0.294300 0.351455 0.195684 0.288707 1.736597 0.457376 0.170454 1.290735 1.880529 1.762158 0.134483 0.922192 0.370200
0.394810 0.605190 1.605190 1.394810 0.636453 0.787633 1.934734 1.787436 1.247614 0.769801 1.719760 0.000000 1.637013 0.499930 0.465756 1.244350 1.772170 0.198150 0.797607 0.481250 1.972710 1.437265 1.646629 0.017252 0.822447 0.116860 0.243987 1.425460 1.928785 1.524076 1.431053 0.016838 1.822864 1.890214 0.429025 0.399711 0.042398 1.854242 1.358049 1.349560
1.242203 1.757797 0.757797 0.242203 1.726534 1.575353 0.297721 0.575551 0.389400 1.593186 0.643227 1.637013 0.000000 1.137083 1.171257 0.392663 0.590817 1.835163 0.839406 1.881737 0.390277 0.925722 0.716358 1.619761 1.540539 1.520153 1.881000 0.937527 0.291772 0.838911 0.931934 1.620176 0.185851 0.472773 1.933962 1.237302 1.594615 0.508744 0.278964 1.013427
0.105120 1.105120 1.894880 0.894880 1.136383 1.287564 1.434804 1.712634 0.747683 1.269731 1.780310 0.499930 1.137083 0.000000 0.034174 0.744420 1.727900 0.698080 0.297677 0.981180 1.527360 1.937195 1.853441 0.482678 1.322378 0.383070 0.743917 1.925390 1.428855 1.975994 1.930983 0.483092 1.322934 1.609856 0.928955 0.100219 0.457532 1.645827 0.858119 1.849490
0.070946 1.070946 1.929054 0.929054 1.102209 1.253389 1.468978 1.746809 0.781858 1.235557 1.814485 0.465756 1.171257 0.034174 0.000000 0.778594 1.762074 0.663905 0.331851 0.947006 1.561535 1.903020 1.887615 0.448504 1.288203 0.348896 0.709743 1.891216 1.463030 1.989831 1.896809 0.448918 1.357108 1.644030 0.894780 0.066044 0.423358 1.680002 0.892293 1.815316
0.849540 1.849540 1.150460 0.150460 1.880803 1.968017 0.690384 0.968215 0.003264 1.985849 1.035890 1.244350 0.392663 0.744420 0.778594 0.000000 0.983480 1.442499 0.446743 1.725600 0.782941 1.318386 1.109021 1.227098 1.933203 1.127490 1.488337 1.330190 0.684436 1.231575 1.324597 1.227512 0.578514 0.865436 1.673374 0.844638 1.201952 0.901408 0.113699 1.406090
1.833020 1.166980 0.166980 0.833020 1.135717 0.984537 0.293096 0.015266 0.980216 1.002369 0.052410 1.772170 0.590817 1.727900 1.762074 0.983480 0.000000 1.574021 1.430223 1.290920 0.200539 0.334905 0.125541 1.789422 0.949723 1.889030 1.528183 0.346710 0.299045 0.248094 0.341117 1.789008 0.404966 0.118044 1.343146 1.828119 1.814568 0.082072 0.869781 0.422610
0.592959 0.407041 1.407041 1.592959 0.438303 0.589484 1.867116 1.589286 1.445763 0.571651 1.521610 0.198150 1.835163 0.698080 0.663905 1.442499 1.574021 0.000000 0.995757 0.283100 1.774560 1.239115 1.448480 0.215402 0.624298 0.315009 0.045837 1.227310 1.873065 1.325926 1.232903 0.214987 1.978986 1.692064 0.230875 0.597861 0.240548 1.656093 1.556198 1.151410
0.402797 1.402797 1.597203 0.597203 1.434060 1.585241 1.137127 1.414957 0.450006 1.567408 1.482633 0.797607 0.839406 0.297677 0.331851 0.446743 1.430223 0.995757 0.000000 1.278857 1.229683 1.765128 1.555764 0.780355 1.620055 0.680747 1.041594 1.776933 1.131178 1.678317 1.771340 0.780770 1.025257 1.312179 1.226632 0.397896 0.755209 1.348150 0.560442 1.852833
0.876060 0.123940 1.123940 1.876060 0.155203 0.306384 1.584016 1.306186 1.728863 0.288551 1.238510 0.481250 1.881737 0.981180 0.947006 1.725600 1.290920 0.283100 1.278857 0.000000 1.491460 0.956015 1.165379 0.498502 0.341198 0.598110 0.237263 0.944210 1.589965 1.042826 0.949803 0.498088 1.695886 1.408964 0.052225 0.880961 0.523648 1.372993 1.839299 0.868310
1.632481 1.367519 0.367519 0.632481 1.336257 1.185076 0.092556 0.185274 0.779677 1.202909 0.252950 1.972710 0.390277 1.527360 1.561535 0.782941 0.200539 1.774560 1.229683 1.491460 0.000000 0.535445 0.326080 1.989962 1.150262 1.910431 1.728723 0.547250 0.098505 0.448634 0.541657 1.989547 0.204426 0.082496 1.543685 1.627579 1.984892 0.118467 0.669242 0.623150
1.832074 0.832074 0.167926 1.167926 0.800812 0.649631 0.628001 0.350171 1.315122 0.667464 0.282495 1.437265 0.925722 1.937195 1.903020 1.318386 0.334905 1.239115 1.765128 0.956015 0.535445 0.000000 0.209365 1.454517 0.614817 1.554124 1.193278 0.011805 0.633950 0.086811 0.006212 1.454102 0.739871 0.452949 1.008240 1.836976 1.479663 0.416978 1.204687 0.087705
1.958561 1.041439 0.041439 0.958561 1.010177 0.858996 0.418637 0.140806 1.105757 0.876828 0.073130 1.646629 0.716358 1.853441 1.887615 1.109021 0.125541 1.448480 1.555764 1.165379 0.326080 0.209365 0.000000 1.663882 0.824182 1.763489 1.402642 0.221169 0.424585 0.122554 0.215577 1.663467 0.530507 0.243584 1.217605 1.953659 1.689027 0.207613 0.995322 0.297069
0.377558 0.622442 1.622442 1.377558 0.653705 0.804886 1.917482 1.804688 1.230361 0.787053 1.737012 0.017252 1.619761 0.482678 0.448504 1.227098 1.789422 0.215402 0.780355 0.498502 1.989962 1.454517 1.663882 0.000000 0.839700 0.099608 0.261239 1.442712 1.911533 1.541328 1.448305 0.000415 1.805612 1.907466 0.446277 0.382459 0.025146 1.871495 1.340797 1.366812
1.217257 0.217257 0.782743 1.782743 0.185995 0.034814 1.242818 0.964988 1.929939 0.052646 0.897312 0.822447 1.540539 1.322378 1.288203 1.933203 0.949723 0.624298 1.620055 0.341198 1.150262 0.614817 0.824182 0.839700 0.000000 0.939307 0.578460 0.603013 1.248767 0.701628 0.608605 0.839285 1.354689 1.067766 0.393423 1.222159 0.864845 1.031795 1.819504 0.527112
0.277950 0.722050 1.722050 1.277950 0.753313 0.904493 1.817874 1.904295 1.130754 0.886661 1.836619 0.116860 1.520153 0.383070 0.348896 1.127490 1.889030 0.315009 0.680747 0.598110 1.910431 1.554124 1.763489 0.099608 0.939307 0.000000 0.360847 1.542320 1.811926 1.640935 1.547913 0.100022 1.706004 1.992926 0.545884 0.282852 0.074462 1.971102 1.241189 1.466420
0.638797 0.361203 1.361203 1.638797 0.392466 0.543646 1.821279 1.543449 1.491601 0.525814 1.475773 0.243987 1.881000 0.743917 0.709743 1.488337 1.528183 0.045837 1.041594 0.237263 1.728723 1.193278 1.402642 0.261239 0.578460 0.360847 0.000000 1.181473 1.827228 1.280089 1.187066 0.260825 1.933149 1.646227 0.185038 0.643698 0.286385 1.610255 1.602036 1.105573
1.820270 0.820270 0.179730 1.179730 0.789007 0.637827 0.639806 0.361976 1.326926 0.655659 0.294300 1.425460 0.937527 1.925390 1.891216 1.330190 0.346710 1.227310 1.776933 0.944210 0.547250 0.011805 0.221169 1.442712 0.603013 1.542320 1.181473 0.000000 0.645755 0.098616 0.005593 1.442298 0.751676 0.464754 0.996435 1.825171 1.467858 0.428782 1.216491 0.075900
1.533976 1.466024 0.466024 0.533976 1.434762 1.283581 0.005949 0.283779 0.681172 1.301414 0.351455 1.928785 0.291772 1.428855 1.463030 0.684436 0.299045 1.873065 1.131178 1.589965 0.098505 0.633950 0.424585 1.911533 1.248767 1.811926 1.827228 0.645755 0.000000 0.547139 0.640162 1.911948 0.105921 0.181001 1.642190 1.529074 1.886387 0.216972 0.570737 0.721655
1.918885 0.918885 0.081115 1.081115 0.887623 0.736442 0.541190 0.263360 1.228311 0.754275 0.195684 1.524076 0.838911 1.975994 1.989831 1.231575 0.248094 1.325926 1.678317 1.042826 0.448634 0.086811 0.122554 1.541328 0.701628 1.640935 1.280089 0.098616 0.547139 0.000000 0.093023 1.540913 0.653060 0.366138 1.095051 1.923787 1.566474 0.330167 1.117876 0.174516
1.825863 0.825863 0.174137 1.174137 0.794600 0.643419 0.634213 0.356383 1.321334 0.661252 0.288707 1.431053 0.931934 1.930983 1.896809 1.324597 0.341117 1.232903 1.771340 0.949803 0.541657 0.006212 0.215577 1.448305 0.608605 1.547913 1.187066 0.005593 0.640162 0.093023 0.000000 1.447890 0.746083 0.459161 1.002028 1.830764 1.473451 0.423190 1.210898 0.081493
0.377972 0.622028 1.622028 1.377972 0.653290 0.804471 1.917896 1.804273 1.230776 0.786639 1.736597 0.016838 1.620176 0.483092 0.448918 1.227512 1.789008 0.214987 0.780770 0.498088 1.989547 1.454102 1.663467 0.000415 0.839285 0.100022 0.260825 1.442298 1.911948 1.540913 1.447890 0.000000 1.806026 1.907051 0.445862 0.382874 0.025560 1.871080 1.341211 1.366398
1.428054 1.571946 0.571946 0.428054 1.540683 1.389503 0.111870 0.389700 0.575250 1.407335 0.457376 1.822864 0.185851 1.322934 1.357108 0.578514 0.404966 1.978986 1.025257 1.695886 0.204426 0.739871 0.530507 1.805612 1.354689 1.706004 1.933149 0.751676 0.105921 0.653060 0.746083 1.806026 0.000000 0.286922 1.748111 1.423153 1.780466 0.322894 0.464815 0.827576
1.714976 1.285024 0.285024 0.714976 1.253761 1.102580 0.175052 0.102778 0.862173 1.120413 0.170454 1.890214 0.472773 1.609856 1.644030 0.865436 0.118044 1.692064 1.312179 1.408964 0.082496 0.452949 0.243584 1.907466 1.067766 1.992926 1.646227 0.464754 0.181001 0.366138 0.459161 1.907051 0.286922 0.000000 1.461189 1.710075 1.932612 0.035971 0.751737 0.540654
0.823834 0.176166 1.176166 1.823834 0.207428 0.358609 1.636241 1.358411 1.676638 0.340776 1.290735 0.429025 1.933962 0.928955 0.894780 1.673374 1.343146 0.230875 1.226632 0.052225 1.543685 1.008240 1.217605 0.446277 0.393423 0.545884 0.185038 0.996435 1.642190 1.095051 1.002028 0.445862 1.748111 1.461189 0.000000 0.828736 0.471423 1.425218 1.787073 0.920535
0.004902 1.004902 1.995098 0.995098 1.036164 1.187345 1.535023 1.812853 0.847902 1.169512 1.880529 0.399711 1.237302 0.100219 0.066044 0.844638 1.828119 0.597861 0.397896 0.880961 1.627579 1.836976 1.953659 0.382459 1.222159 0.282852 0.643698 1.825171 1.529074 1.923787 1.830764 0.382874 1.423153 1.710075 0.828736 0.000000 0.357313 1.746046 0.958337 1.749271
0.352412 0.647588 1.647588 1.352412 0.678851 0.830032 1.892336 1.829834 1.205216 0.812199 1.762158 0.042398 1.594615 0.457532 0.423358 1.201952 1.814568 0.240548 0.755209 0.523648 1.984892 1.479663 1.689027 0.025146 0.864845 0.074462 0.286385 1.467858 1.886387 1.566474 1.473451 0.025560 1.780466 1.932612 0.471423 0.357313 0.000000 1.896641 1.315651 1.391958
1.750948 1.249052 0.249052 0.750948 1.217790 1.066609 0.211023 0.066807 0.898144 1.084442 0.134483 1.854242 0.508744 1.645827 1.680002 0.901408 0.082072 1.656093 1.348150 1.372993 0.118467 0.416978 0.207613 1.871495 1.031795 1.971102 1.610255 0.428782 0.216972 0.330167 0.423190 1.871080 0.322894 0.035971 1.425218 1.746046 1.896641 0.000000 0.787709 0.504683
0.963239 1.963239 1.036761 0.036761 1.994502 1.854318 0.576685 0.854516 0.110435 1.872150 0.922192 1.358049 0.278964 0.858119 0.892293 0.113699 0.869781 1.556198 0.560442 1.839299 0.669242 1.204687 0.995322 1.340797 1.819504 1.241189 1.602036 1.216491 0.570737 1.117876 1.210898 1.341211 0.464815 0.751737 1.787073 0.958337 1.315651 0.787709 0.000000 1.292391
1.744370 0.744370 0.255630 1.255630 0.713107 0.561926 0.715706 0.437876 1.402827 0.579759 0.370200 1.349560 1.013427 1.849490 1.815316 1.406090 0.422610 1.151410 1.852833 0.868310 0.623150 0.087705 0.297069 1.366812 0.527112 1.466420 1.105573 0.075900 0.721655 0.174516 0.081493 1.366398 0.827576 0.540654 0.920535 1.749271 1.391958 0.504683 1.292391 0.000000
