25
0.000000 1.000000 2.000000 1.000000 1.823044 0.600586 1.122431 0.367906 1.506874 1.179014 0.889881 0.623453 1.949533 0.387936 0.876230 1.220317 0.996713 1.800168 0.871220 0.042558 1.280432 1.392151 1.132834 1.121558 0.489080
1.000000 0.000000 1.000000 2.000000 1.176956 1.600586 0.122431 0.632094 1.493126 1.820986 1.889881 1.623453 1.050467 1.387936 1.876230 0.220317 0.003287 0.800168 1.871220 1.042558 1.719568 0.392151 1.867166 0.121558 0.510920
2.000000 1.000000 0.000000 1.000000 0.176956 1.399414 0.877569 1.632094 0.493126 0.820986 1.110119 1.376547 0.050467 1.612064 1.123770 0.779683 1.003287 0.199832 1.128780 1.957442 0.719568 0.607849 0.867166 0.878442 1.510920
1.000000 2.000000 1.000000 0.000000 0.823044 0.399414 1.877569 1.367906 0.506874 0.179014 0.110119 0.376547 0.949533 0.612064 0.123770 1.779683 1.996713 1.199832 0.128780 0.957442 0.280432 1.607849 0.132834 1.878442 1.489080
1.823044 1.176956 0.176956 0.823044 0.000000 1.222458 1.054525 1.809050 0.316170 0.644029 0.933162 1.199591 0.126489 1.435108 0.946814 0.956639 1.180243 0.376788 0.951824 1.780486 0.542612 0.784805 0.690210 1.055398 1.687877
0.600586 1.600586 1.399414 0.399414 1.222458 0.000000 1.723018 0.968492 0.906288 0.578428 0.289295 0.022866 1.348947 0.212650 0.275644 1.820903 1.597299 1.599246 0.270634 0.558028 0.679846 1.992737 0.532247 1.722144 1.089666
1.122431 0.122431 0.877569 1.877569 1.054525 1.723018 0.000000 0.754525 1.370695 1.698554 1.987687 1.745884 0.928035 1.510367 1.998661 0.097886 0.125719 0.677736 1.993651 1.164990 1.597136 0.269720 1.744735 0.000873 0.633352
0.367906 0.632094 1.632094 1.367906 1.809050 0.968492 0.754525 0.000000 1.874780 1.546921 1.257788 0.991359 1.682561 0.755842 1.244136 0.852411 0.628807 1.432262 1.239126 0.410464 1.648338 1.024245 1.500740 0.753652 0.121173
1.506874 1.493126 0.493126 0.506874 0.316170 0.906288 1.370695 1.874780 0.000000 0.327859 0.616992 0.883421 0.442659 1.118938 0.630644 1.272809 1.496413 0.692958 0.635654 1.464316 0.226442 1.100975 0.374040 1.371568 1.995953
1.179014 1.820986 0.820986 0.179014 0.644029 0.578428 1.698554 1.546921 0.327859 0.000000 0.289133 0.555562 0.770519 0.791079 0.302785 1.600669 1.824273 1.020818 0.307794 1.136456 0.101418 1.428835 0.046181 1.699427 1.668094
0.889881 1.889881 1.110119 0.110119 0.933162 0.289295 1.987687 1.257788 0.616992 0.289133 0.000000 0.266429 1.059652 0.501946 0.013652 1.889802 1.886594 1.309951 0.018662 0.847323 0.390551 1.717967 0.242952 1.988560 1.378961
0.623453 1.623453 1.376547 0.376547 1.199591 0.022866 1.745884 0.991359 0.883421 0.555562 0.266429 0.000000 1.326081 0.235517 0.252777 1.843770 1.620165 1.576380 0.247767 0.580894 0.656980 1.984396 0.509381 1.745011 1.112532
1.949533 1.050467 0.050467 0.949533 0.126489 1.348947 0.928035 1.682561 0.442659 0.770519 1.059652 1.326081 0.000000 1.561598 1.073304 0.830150 1.053754 0.250299 1.078313 1.906975 0.669101 0.658316 0.816700 0.928908 1.561387
0.387936 1.387936 1.612064 0.612064 1.435108 0.212650 1.510367 0.755842 1.118938 0.791079 0.501946 0.235517 1.561598 0.000000 0.488294 1.608253 1.384649 1.811897 0.483284 0.345378 0.892496 1.780087 0.744898 1.509494 0.877015
0.876230 1.876230 1.123770 0.123770 0.946814 0.275644 1.998661 1.244136 0.630644 0.302785 0.013652 0.252777 1.073304 0.488294 0.000000 1.903453 1.872943 1.323603 0.005010 0.833672 0.404202 1.731619 0.256604 1.997788 1.365309
1.220317 0.220317 0.779683 1.779683 0.956639 1.820903 0.097886 0.852411 1.272809 1.600669 1.889802 1.843770 0.830150 1.608253 1.903453 0.000000 0.223604 0.579851 1.908463 1.262875 1.499251 0.171834 1.646849 0.098759 0.731237
0.996713 0.003287 1.003287 1.996713 1.180243 1.597299 0.125719 0.628807 1.496413 1.824273 1.886594 1.620165 1.053754 1.384649 1.872943 0.223604 0.000000 0.803455 1.867933 1.039271 1.722855 0.395438 1.870454 0.124845 0.507633
1.800168 0.800168 0.199832 1.199832 0.376788 1.599246 0.677736 1.432262 0.692958 1.020818 1.309951 1.576380 0.250299 1.811897 1.323603 0.579851 0.803455 0.000000 1.328612 1.842726 0.919400 0.408017 1.066999 0.678609 1.311088
0.871220 1.871220 1.128780 0.128780 0.951824 0.270634 1.993651 1.239126 0.635654 0.307794 0.018662 0.247767 1.078313 0.483284 0.005010 1.908463 1.867933 1.328612 0.000000 0.828662 0.409212 1.736629 0.261614 1.992778 1.360300
0.042558 1.042558 1.957442 0.957442 1.780486 0.558028 1.164990 0.410464 1.464316 1.136456 0.847323 0.580894 1.906975 0.345378 0.833672 1.262875 1.039271 1.842726 0.828662 0.000000 1.237874 1.434709 1.090275 1.164116 0.531638
1.280432 1.719568 0.719568 0.280432 0.542612 0.679846 1.597136 1.648338 0.226442 0.101418 0.390551 0.656980 0.669101 0.892496 0.404202 1.499251 1.722855 0.919400 0.409212 1.237874 0.000000 1.327417 0.147599 1.598010 1.769512
1.392151 0.392151 0.607849 1.607849 0.784805 1.992737 0.269720 1.024245 1.100975 1.428835 1.717967 1.984396 0.658316 1.780087 1.731619 0.171834 0.395438 0.408017 1.736629 1.434709 1.327417 0.000000 1.475015 0.270593 0.903071
1.132834 1.867166 0.867166 0.132834 0.690210 0.532247 1.744735 1.500740 0.374040 0.046181 0.242952 0.509381 0.816700 0.744898 0.256604 1.646849 1.870454 1.066999 0.261614 1.090275 0.147599 1.475015 0.000000 1.745608 1.621913
1.121558 0.121558 0.878442 1.878442 1.055398 1.722144 0.000873 0.753652 1.371568 1.699427 1.988560 1.745011 0.928908 1.509494 1.997788 0.098759 0.124845 0.678609 1.992778 1.164116 1.598010 0.270593 1.745608 0.000000 0.632479
0.489080 0.510920 1.510920 1.489080 1.687877 1.089666 0.633352 0.121173 1.995953 1.668094 1.378961 1.112532 1.561387 0.877015 1.365309 0.731237 0.507633 1.311088 1.360300 0.531638 1.769512 0.903071 1.621913 0.632479 0.000000
