40
0.000000 1.000000 2.000000 1.000000 1.740230 1.394533 1.641531 1.111663 1.178929 0.980498 0.951951 1.143798 1.771802 0.406930 0.328819 1.740242 0.945733 1.351954 0.211222 0.118938 0.619523 1.180989 1.211921 0.640508 1.194435 0.553377 1.324770 0.551304 1.585706 0.289572 1.155711 0.420098 0.777048 0.023282 1.115074 1.579127 1.517730 0.231730 1.801788 1.205318
1.000000 0.000000 1.000000 2.000000 0.740230 1.605467 0.641531 0.111663 1.821071 1.980498 0.048049 1.856202 1.228198 0.593070 0.671181 1.259758 0.054267 1.648046 1.211222 1.118938 0.380477 0.180989 1.788079 1.640508 1.805565 1.553377 1.675230 1.551304 0.585706 0.710428 0.155711 1.420098 1.777048 1.023282 1.884926 1.420873 1.482270 0.768270 0.801788 0.205318
2.000000 1.000000 0.000000 1.000000 0.259770 0.605467 0.358469 0.888337 0.821071 1.019502 1.048049 0.856202 0.228198 1.593070 1.671181 0.259758 1.054267 0.648046 1.788778 1.881062 1.380477 0.819011 0.788079 1.359492 0.805565 1.446623 0.675230 1.448696 0.414294 1.710428 0.844289 1.579902 1.222952 1.976718 0.884926 0.420873 0.482270 1.768270 0.198212 0.794682
1.000000 2.000000 1.000000 0.000000 1.259770 0.394533 1.358469 1.888337 0.178929 0.019502 1.951951 0.143798 0.771802 1.406930 1.328819 0.740242 1.945733 0.351954 0.788778 0.881062 1.619523 1.819011 0.211921 0.359492 0.194435 0.446623 0.324770 0.448696 1.414294 1.289572 1.844289 0.579902 0.222952 0.976718 0.115074 0.579127 0.517730 1.231730 1.198212 1.794682
1.740230 0.740230 0.259770 1.259770 0.000000 0.865237 0.098699 0.628567 1.080840 1.279272 0.788279 1.115972 0.487967 1.333300 1.411412 0.519528 0.794497 0.907816 1.951453 1.859168 1.120707 0.559241 1.047848 1.619261 1.065335 1.706393 0.935000 1.708466 0.154524 1.450658 0.584519 1.839672 1.482722 1.763513 1.144696 0.680642 0.742040 1.508500 0.061558 0.534913
1.394533 1.605467 0.605467 0.394533 0.865237 0.000000 0.963936 1.493804 0.215603 0.414034 1.653516 0.250734 0.377270 1.801462 1.723351 0.345709 1.659734 0.042579 1.183310 1.275595 1.985944 1.424478 0.182611 0.754024 0.200098 0.841156 0.069762 0.843229 1.019761 1.684104 1.449757 0.974435 0.617485 1.371250 0.279458 0.184595 0.123197 1.626263 0.803679 1.400150
1.641531 0.641531 0.358469 1.358469 0.098699 0.963936 0.000000 0.529868 1.179540 1.377971 0.689580 1.214671 0.586667 1.234601 1.312712 0.618227 0.695798 1.006515 1.852753 1.760469 1.022008 0.460542 1.146548 1.717961 1.164034 1.805092 1.033699 1.807165 0.055825 1.351959 0.485820 1.938371 1.581421 1.664813 1.243395 0.779342 0.840739 1.409801 0.160257 0.436213
1.111663 0.111663 0.888337 1.888337 0.628567 1.493804 0.529868 0.000000 1.709407 1.907839 0.159712 1.744539 1.116534 0.704733 0.782844 1.148095 0.165930 1.536383 1.322885 1.230601 0.492140 0.069326 1.676416 1.752172 1.693902 1.665040 1.563567 1.662967 0.474043 0.822091 0.044048 1.531761 1.888711 1.134945 1.773263 1.309210 1.370607 0.879933 0.690125 0.093654
1.178929 1.821071 0.821071 0.178929 1.080840 0.215603 1.179540 1.709407 0.000000 0.198431 1.869119 0.035131 0.592873 1.585859 1.507748 0.561312 1.875337 0.173025 0.967707 1.059992 1.798452 1.640081 0.032992 0.538421 0.015505 0.625553 0.145841 0.627626 1.235364 1.468501 1.665360 0.758832 0.401881 1.155647 0.063855 0.400198 0.338800 1.410660 1.019282 1.615753
0.980498 1.980498 1.019502 0.019502 1.279272 0.414034 1.377971 1.907839 0.198431 0.000000 1.932449 0.163300 0.791304 1.387428 1.309317 0.759744 1.926232 0.371456 0.769276 0.861560 1.600021 1.838512 0.231423 0.339990 0.213937 0.427122 0.344272 0.429194 1.433796 1.270070 1.863791 0.560401 0.203450 0.957216 0.134576 0.598629 0.537232 1.212228 1.217714 1.814184
0.951951 0.048049 1.048049 1.951951 0.788279 1.653516 0.689580 0.159712 1.869119 1.932449 0.000000 1.904251 1.276246 0.545022 0.623133 1.307807 0.006218 1.696095 1.163174 1.070889 0.332428 0.229038 1.836127 1.592460 1.853614 1.505328 1.723279 1.503255 0.633755 0.662379 0.203760 1.372049 1.728999 0.975234 1.932975 1.468921 1.530319 0.720221 0.849837 0.253366
1.143798 1.856202 0.856202 0.143798 1.115972 0.250734 1.214671 1.744539 0.035131 0.163300 1.904251 0.000000 0.628004 1.550728 1.472617 0.596444 1.910468 0.208156 0.932576 1.024860 1.763321 1.675212 0.068123 0.503290 0.050637 0.590422 0.180972 0.592494 1.270496 1.433370 1.700491 0.723701 0.366750 1.120516 0.028724 0.435329 0.373932 1.375528 1.054414 1.650884
1.771802 1.228198 0.228198 0.771802 0.487967 0.377270 0.586667 1.116534 0.592873 0.791304 1.276246 0.628004 0.000000 1.821268 1.899379 0.031561 1.282464 0.419848 1.560580 1.652865 1.608675 1.047208 0.559881 1.131294 0.577368 1.218426 0.447032 1.220499 0.642491 1.938626 1.072487 1.351705 0.994755 1.748520 0.656728 0.192675 0.254073 1.996467 0.426409 1.022880
0.406930 0.593070 1.593070 1.406930 1.333300 1.801462 1.234601 0.704733 1.585859 1.387428 0.545022 1.550728 1.821268 0.000000 0.078111 1.852829 0.538804 1.758884 0.618152 0.525868 0.212593 0.774060 1.618851 1.047438 1.601365 0.960306 1.731700 0.958234 1.178776 0.117358 0.748781 0.827027 1.183978 0.430212 1.522004 1.986057 1.924660 0.175200 1.394858 0.798388
0.328819 0.671181 1.671181 1.328819 1.411412 1.723351 1.312712 0.782844 1.507748 1.309317 0.623133 1.472617 1.899379 0.078111 0.000000 1.930940 0.616915 1.680773 0.540041 0.447757 0.290704 0.852171 1.540740 0.969327 1.523254 0.882195 1.653589 0.880123 1.256887 0.039247 0.826892 0.748916 1.105867 0.352101 1.443893 1.907946 1.846549 0.097089 1.472969 0.876499
1.740242 1.259758 0.259758 0.740242 0.519528 0.345709 0.618227 1.148095 0.561312 0.759744 1.307807 0.596444 0.031561 1.852829 1.930940 0.000000 1.314025 0.388288 1.529019 1.621304 1.640235 1.078769 0.528320 1.099733 0.545807 1.186865 0.415472 1.188938 0.674052 1.970186 1.104047 1.320144 0.963194 1.716959 0.625168 0.161114 0.222512 1.971972 0.457970 1.054441
0.945733 0.054267 1.054267 1.945733 0.794497 1.659734 0.695798 0.165930 1.875337 1.926232 0.006218 1.910468 1.282464 0.538804 0.616915 1.314025 0.000000 1.702312 1.156956 1.064671 0.326210 0.235256 1.842345 1.586242 1.859832 1.499110 1.729496 1.497037 0.639973 0.656162 0.209977 1.365831 1.722781 0.969016 1.939192 1.475139 1.536537 0.714003 0.856055 0.259584
1.351954 1.648046 0.648046 0.351954 0.907816 0.042579 1.006515 1.536383 0.173025 0.371456 1.696095 0.208156 0.419848 1.758884 1.680773 0.388288 1.702312 0.000000 1.140732 1.233016 1.971477 1.467057 0.140033 0.711446 0.157519 0.798577 0.027184 0.800650 1.062340 1.641526 1.492335 0.931856 0.574906 1.328672 0.236880 0.227173 0.165776 1.583684 0.846258 1.442728
0.211222 1.211222 1.788778 0.788778 1.951453 1.183310 1.852753 1.322885 0.967707 0.769276 1.163174 0.932576 1.560580 0.618152 0.540041 1.529019 1.156956 1.140732 0.000000 0.092284 0.830745 1.392212 1.000699 0.429286 0.983213 0.342154 1.113548 0.340082 1.796928 0.500794 1.366933 0.208875 0.565826 0.187940 0.903852 1.367905 1.306508 0.442952 1.986990 1.416540
0.118938 1.118938 1.881062 0.881062 1.859168 1.275595 1.760469 1.230601 1.059992 0.861560 1.070889 1.024860 1.652865 0.525868 0.447757 1.621304 1.064671 1.233016 0.092284 0.000000 0.738461 1.299927 1.092983 0.521571 1.075497 0.434439 1.205832 0.432366 1.704644 0.408510 1.274649 0.301160 0.658110 0.095655 0.996136 1.460189 1.398792 0.350668 1.920726 1.324255
0.619523 0.380477 1.380477 1.619523 1.120707 1.985944 1.022008 0.492140 1.798452 1.600021 0.332428 1.763321 1.608675 0.212593 0.290704 1.640235 0.326210 1.971477 0.830745 0.738461 0.000000 0.561466 1.831444 1.260031 1.813958 1.172900 1.944293 1.170827 0.966183 0.329951 0.536188 1.039621 1.396571 0.642805 1.734597 1.801350 1.862747 0.387793 1.182265 0.585795
1.180989 0.180989 0.819011 1.819011 0.559241 1.424478 0.460542 0.069326 1.640081 1.838512 0.229038 1.675212 1.047208 0.774060 0.852171 1.078769 0.235256 1.467057 1.392212 1.299927 0.561466 0.000000 1.607089 1.821498 1.624576 1.734366 1.494240 1.732293 0.404717 0.891417 0.025279 1.601087 1.958037 1.204272 1.703936 1.239883 1.301281 0.949259 0.620799 0.024328
1.211921 1.788079 0.788079 0.211921 1.047848 0.182611 1.146548 1.676416 0.032992 0.231423 1.836127 0.068123 0.559881 1.618851 1.540740 0.528320 1.842345 0.140033 1.000699 1.092983 1.831444 1.607089 0.000000 0.571413 0.017486 0.658545 0.112849 0.660617 1.202373 1.501493 1.632368 0.791824 0.434873 1.188639 0.096847 0.367206 0.305809 1.443652 0.986291 1.582761
0.640508 1.640508 1.359492 0.359492 1.619261 0.754024 1.717961 1.752172 0.538421 0.339990 1.592460 0.503290 1.131294 1.047438 0.969327 1.099733 1.586242 0.711446 0.429286 0.521571 1.260031 1.821498 0.571413 0.000000 0.553926 0.087132 0.684262 0.089204 1.773785 0.930080 1.796219 0.220411 0.136540 0.617226 0.474566 0.938619 0.877221 0.872239 1.557703 1.845826
1.194435 1.805565 0.805565 0.194435 1.065335 0.200098 1.164034 1.693902 0.015505 0.213937 1.853614 0.050637 0.577368 1.601365 1.523254 0.545807 1.859832 0.157519 0.983213 1.075497 1.813958 1.624576 0.017486 0.553926 0.000000 0.641058 0.130335 0.643131 1.219859 1.484007 1.649854 0.774337 0.417387 1.171152 0.079361 0.384692 0.323295 1.426165 1.003777 1.600248
0.553377 1.553377 1.446623 0.446623 1.706393 0.841156 1.805092 1.665040 0.625553 0.427122 1.505328 0.590422 1.218426 0.960306 0.882195 1.186865 1.499110 0.798577 0.342154 0.434439 1.172900 1.734366 0.658545 0.087132 0.641058 0.000000 0.771394 0.002073 1.860917 0.842949 1.709087 0.133279 0.223671 0.530094 0.561698 1.025751 0.964353 0.785107 1.644835 1.758694
1.324770 1.675230 0.675230 0.324770 0.935000 0.069762 1.033699 1.563567 0.145841 0.344272 1.723279 0.180972 0.447032 1.731700 1.653589 0.415472 1.729496 0.027184 1.113548 1.205832 1.944293 1.494240 0.112849 0.684262 0.130335 0.771394 0.000000 0.773466 1.089524 1.614342 1.519519 0.904673 0.547722 1.301488 0.209696 0.254357 0.192960 1.556500 0.873442 1.469912
0.551304 1.551304 1.448696 0.448696 1.708466 0.843229 1.807165 1.662967 0.627626 0.429194 1.503255 0.592494 1.220499 0.958234 0.880123 1.188938 1.497037 0.800650 0.340082 0.432366 1.170827 1.732293 0.660617 0.089204 0.643131 0.002073 0.773466 0.000000 1.862990 0.840876 1.707015 0.131206 0.225744 0.528022 0.563770 1.027823 0.966426 0.783034 1.646908 1.756621
1.585706 0.585706 0.414294 1.414294 0.154524 1.019761 0.055825 0.474043 1.235364 1.433796 0.633755 1.270496 0.642491 1.178776 1.256887 0.674052 0.639973 1.062340 1.796928 1.704644 0.966183 0.404717 1.202373 1.773785 1.219859 1.860917 1.089524 1.862990 0.000000 1.296134 0.429995 1.994196 1.637246 1.608989 1.299220 0.835167 0.896564 1.353976 0.216082 0.380389
0.289572 0.710428 1.710428 1.289572 1.450658 1.684104 1.351959 0.822091 1.468501 1.270070 0.662379 1.433370 1.938626 0.117358 0.039247 1.970186 0.656162 1.641526 0.500794 0.408510 0.329951 0.891417 1.501493 0.930080 1.484007 0.842949 1.614342 0.840876 1.296134 0.000000 0.866139 0.709669 1.066620 0.312854 1.404646 1.868699 1.807302 0.057842 1.512216 0.915746
1.155711 0.155711 0.844289 1.844289 0.584519 1.449757 0.485820 0.044048 1.665360 1.863791 0.203760 1.700491 1.072487 0.748781 0.826892 1.104047 0.209977 1.492335 1.366933 1.274649 0.536188 0.025279 1.632368 1.796219 1.649854 1.709087 1.519519 1.707015 0.429995 0.866139 0.000000 1.575808 1.932759 1.178993 1.729215 1.265162 1.326559 0.923981 0.646077 0.049607
0.420098 1.420098 1.579902 0.579902 1.839672 0.974435 1.938371 1.531761 0.758832 0.560401 1.372049 0.723701 1.351705 0.827027 0.748916 1.320144 1.365831 0.931856 0.208875 0.301160 1.039621 1.601087 0.791824 0.220411 0.774337 0.133279 0.904673 0.131206 1.994196 0.709669 1.575808 0.000000 0.356950 0.396815 0.694977 1.159030 1.097632 0.651828 1.778114 1.625415
0.777048 1.777048 1.222952 0.222952 1.482722 0.617485 1.581421 1.888711 0.401881 0.203450 1.728999 0.366750 0.994755 1.183978 1.105867 0.963194 1.722781 0.574906 0.565826 0.658110 1.396571 1.958037 0.434873 0.136540 0.417387 0.223671 0.547722 0.225744 1.637246 1.066620 1.932759 0.356950 0.000000 0.753766 0.338026 0.802079 0.740682 1.008778 1.421164 1.982365
0.023282 1.023282 1.976718 0.976718 1.763513 1.371250 1.664813 1.134945 1.155647 0.957216 0.975234 1.120516 1.748520 0.430212 0.352101 1.716959 0.969016 1.328672 0.187940 0.095655 0.642805 1.204272 1.188639 0.617226 1.171152 0.530094 1.301488 0.528022 1.608989 0.312854 1.178993 0.396815 0.753766 0.000000 1.091792 1.555845 1.494447 0.255013 1.825071 1.228600
1.115074 1.884926 0.884926 0.115074 1.144696 0.279458 1.243395 1.773263 0.063855 0.134576 1.932975 0.028724 0.656728 1.522004 1.443893 0.625168 1.939192 0.236880 0.903852 0.996136 1.734597 1.703936 0.096847 0.474566 0.079361 0.561698 0.209696 0.563770 1.299220 1.404646 1.729215 0.694977 0.338026 1.091792 0.000000 0.464053 0.402656 1.346804 1.083138 1.679608
1.579127 1.420873 0.420873 0.579127 0.680642 0.184595 0.779342 1.309210 0.400198 0.598629 1.468921 0.435329 0.192675 1.986057 1.907946 0.161114 1.475139 0.227173 1.367905 1.460189 1.801350 1.239883 0.367206 0.938619 0.384692 1.025751 0.254357 1.027823 0.835167 1.868699 1.265162 1.159030 0.802079 1.555845 0.464053 0.000000 0.061397 1.810857 0.619085 1.215555
1.517730 1.482270 0.482270 0.517730 0.742040 0.123197 0.840739 1.370607 0.338800 0.537232 1.530319 0.373932 0.254073 1.924660 1.846549 0.222512 1.536537 0.165776 1.306508 1.398792 1.862747 1.301281 0.305809 0.877221 0.323295 0.964353 0.192960 0.966426 0.896564 1.807302 1.326559 1.097632 0.740682 1.494447 0.402656 0.061397 0.000000 1.749460 0.680482 1.276953
0.231730 0.768270 1.768270 1.231730 1.508500 1.626263 1.409801 0.879933 1.410660 1.212228 0.720221 1.375528 1.996467 0.175200 0.097089 1.971972 0.714003 1.583684 0.442952 0.350668 0.387793 0.949259 1.443652 0.872239 1.426165 0.785107 1.556500 0.783034 1.353976 0.057842 0.923981 0.651828 1.008778 0.255013 1.346804 1.810857 1.749460 0.000000 1.570058 0.973587
1.801788 0.801788 0.198212 1.198212 0.061558 0.803679 0.160257 0.690125 1.019282 1.217714 0.849837 1.054414 0.426409 1.394858 1.472969 0.457970 0.856055 0.846258 1.986990 1.920726 1.182265 0.620799 0.986291 1.557703 1.003777 1.644835 0.873442 1.646908 0.216082 1.512216 0.646077 1.778114 1.421164 1.825071 1.083138 0.619085 0.680482 1.570058 0.000000 0.596471
1.205318 0.205318 0.794682 1.794682 0.534913 1.400150 0.436213 0.093654 1.615753 1.814184 0.253366 1.650884 1.022880 0.798388 0.876499 1.054441 0.259584 1.442728 1.416540 1.324255 0.585795 0.024328 1.582761 1.845826 1.600248 1.758694 1.469912 1.756621 0.380389 0.915746 0.049607 1.625415 1.982365 1.228600 1.679608 1.215555 1.276953 0.973587 0.596471 0.000000
