30
0.000000 1.000000 2.000000 1.000000 1.001443 1.394350 1.898935 1.395741 0.369533 1.462168 0.015316 1.059623 0.130098 1.838032 1.099748 1.256537 1.690484 1.027281 0.378716 0.681482 1.024140 0.968966 1.158139 0.032302 0.994487 1.272686 0.299333 1.674676 0.885047 0.389355
1.000000 0.000000 1.000000 2.000000 1.998557 0.394350 0.898935 1.604259 0.630467 0.462168 0.984684 1.940377 1.130098 1.161968 1.900252 0.256537 0.690484 0.027281 1.378716 0.318518 0.024140 1.968966 1.841861 1.032302 0.005513 0.272686 0.700667 1.325324 0.114953 1.389355
2.000000 1.000000 0.000000 1.000000 0.998557 0.605650 0.101065 0.604259 1.630467 0.537832 1.984684 0.940377 1.869902 0.161968 0.900252 0.743463 0.309516 0.972719 1.621284 1.318518 0.975860 1.031034 0.841861 1.967698 1.005513 0.727314 1.700667 0.325324 1.114953 1.610645
1.000000 2.000000 1.000000 0.000000 0.001443 1.605650 1.101065 0.395741 1.369533 1.537832 1.015316 0.059623 0.869902 0.838032 0.099748 1.743463 1.309516 1.972719 0.621284 1.681482 1.975860 0.031034 0.158139 0.967698 1.994487 1.727314 1.299333 0.674676 1.885047 0.610645
1.001443 1.998557 0.998557 0.001443 0.000000 1.604207 1.099622 0.394298 1.370977 1.536389 1.016760 0.058180 0.871345 0.836588 0.098304 1.742020 1.308073 1.971276 0.622727 1.682926 1.974417 0.032477 0.156696 0.969141 1.995930 1.725871 1.300777 0.673233 1.886491 0.612088
1.394350 0.394350 0.605650 1.605650 1.604207 0.000000 0.504585 1.209909 1.024816 0.067818 1.379033 1.546027 1.524448 0.767619 1.505903 0.137812 0.296134 0.367069 1.773066 0.712867 0.370210 1.636685 1.447512 1.426652 0.399863 0.121664 1.095016 0.930974 0.509302 1.783704
1.898935 0.898935 0.101065 1.101065 1.099622 0.504585 0.000000 0.705324 1.529402 0.436767 1.883618 1.041442 1.970967 0.263034 1.001317 0.642398 0.208451 0.871654 1.722349 1.217452 0.874795 1.132099 0.942926 1.931237 0.904448 0.626249 1.599601 0.426389 1.013888 1.711710
1.395741 1.604259 0.604259 0.395741 0.394298 1.209909 0.705324 0.000000 1.765275 1.142091 1.411058 0.336118 1.265643 0.442290 0.295994 1.347722 0.913775 1.576978 1.017025 1.922776 1.580119 0.426775 0.237602 1.363439 1.609772 1.331573 1.695075 0.278935 1.719211 1.006386
0.369533 0.630467 1.630467 1.369533 1.370977 1.024816 1.529402 1.765275 0.000000 1.092635 0.354217 1.429156 0.499631 1.792435 1.469281 0.887004 1.320950 0.657748 0.748250 0.311949 0.654606 1.338499 1.527672 0.401836 0.624953 0.903153 0.070200 1.955790 0.515514 0.758888
1.462168 0.462168 0.537832 1.537832 1.536389 0.067818 0.436767 1.142091 1.092635 0.000000 1.446851 1.478209 1.592266 0.699801 1.438084 0.205631 0.228316 0.434887 1.840884 0.780685 0.438028 1.568866 1.379693 1.494470 0.467681 0.189482 1.162834 0.863156 0.577121 1.851523
0.015316 0.984684 1.984684 1.015316 1.016760 1.379033 1.883618 1.411058 0.354217 1.446851 0.000000 1.074939 0.145414 1.853348 1.115064 1.241221 1.675167 1.011964 0.394033 0.666166 1.008823 0.984282 1.173455 0.047619 0.979170 1.257370 0.284017 1.689993 0.869731 0.404671
1.059623 1.940377 0.940377 0.059623 0.058180 1.546027 1.041442 0.336118 1.429156 1.478209 1.074939 0.000000 0.929525 0.778409 0.040125 1.683840 1.249893 1.913096 0.680907 1.741105 1.916237 0.090657 0.098516 1.027321 1.945890 1.667691 1.358956 0.615053 1.944670 0.670268
0.130098 1.130098 1.869902 0.869902 0.871345 1.524448 1.970967 1.265643 0.499631 1.592266 0.145414 0.929525 0.000000 1.707934 0.969650 1.386635 1.820582 1.157379 0.248618 0.811580 1.154238 0.838868 1.028041 0.097796 1.124585 1.402784 0.429431 1.544578 1.015145 0.259257
1.838032 1.161968 0.161968 0.838032 0.836588 0.767619 0.263034 0.442290 1.792435 0.699801 1.853348 0.778409 1.707934 0.000000 0.738284 0.905431 0.471485 1.134687 1.459315 1.480486 1.137829 0.869066 0.679893 1.805729 1.167482 0.889282 1.862635 0.163355 1.276921 1.448677
1.099748 1.900252 0.900252 0.099748 0.098304 1.505903 1.001317 0.295994 1.469281 1.438084 1.115064 0.040125 0.969650 0.738284 0.000000 1.643715 1.209769 1.872971 0.721032 1.781230 1.876112 0.130782 0.058391 1.067445 1.905765 1.627566 1.399081 0.574929 1.984795 0.710393
1.256537 0.256537 0.743463 1.743463 1.742020 0.137812 0.642398 1.347722 0.887004 0.205631 1.241221 1.683840 1.386635 0.905431 1.643715 0.000000 0.433947 0.229256 1.635253 0.575055 0.232397 1.774497 1.585324 1.288839 0.262050 0.016149 0.957204 1.068787 0.371490 1.645892
1.690484 0.690484 0.309516 1.309516 1.308073 0.296134 0.208451 0.913775 1.320950 0.228316 1.675167 1.249893 1.820582 0.471485 1.209769 0.433947 0.000000 0.663203 1.930800 1.009001 0.666344 1.340551 1.151377 1.722786 0.695997 0.417798 1.391150 0.634840 0.805436 1.920162
1.027281 0.027281 0.972719 1.972719 1.971276 0.367069 0.871654 1.576978 0.657748 0.434887 1.011964 1.913096 1.157379 1.134687 1.872971 0.229256 0.663203 0.000000 1.405997 0.345798 0.003141 1.996247 1.814580 1.059583 0.032794 0.245405 0.727948 1.298043 0.142234 1.416636
0.378716 1.378716 1.621284 0.621284 0.622727 1.773066 1.722349 1.017025 0.748250 1.840884 0.394033 0.680907 0.248618 1.459315 0.721032 1.635253 1.930800 1.405997 0.000000 1.060199 1.402856 0.590250 0.779423 0.346414 1.373203 1.651402 0.678050 1.295960 1.263763 0.010639
0.681482 0.318518 1.318518 1.681482 1.682926 0.712867 1.217452 1.922776 0.311949 0.780685 0.666166 1.741105 0.811580 1.480486 1.781230 0.575055 1.009001 0.345798 1.060199 0.000000 0.342657 1.650448 1.839621 0.713785 0.313004 0.591204 0.382149 1.643841 0.203565 1.070837
1.024140 0.024140 0.975860 1.975860 1.974417 0.370210 0.874795 1.580119 0.654606 0.438028 1.008823 1.916237 1.154238 1.137829 1.876112 0.232397 0.666344 0.003141 1.402856 0.342657 0.000000 1.993106 1.817721 1.056442 0.029653 0.248546 0.724806 1.301184 0.139092 1.413495
0.968966 1.968966 1.031034 0.031034 0.032477 1.636685 1.132099 0.426775 1.338499 1.568866 0.984282 0.090657 0.838868 0.869066 0.130782 1.774497 1.340551 1.996247 0.590250 1.650448 1.993106 0.000000 0.189173 0.936663 1.963453 1.758348 1.268299 0.705710 1.854013 0.579611
1.158139 1.841861 0.841861 0.158139 0.156696 1.447512 0.942926 0.237602 1.527672 1.379693 1.173455 0.098516 1.028041 0.679893 0.058391 1.585324 1.151377 1.814580 0.779423 1.839621 1.817721 0.189173 0.000000 1.125837 1.847374 1.569175 1.457472 0.516537 1.956814 0.768784
0.032302 1.032302 1.967698 0.967698 0.969141 1.426652 1.931237 1.363439 0.401836 1.494470 0.047619 1.027321 0.097796 1.805729 1.067445 1.288839 1.722786 1.059583 0.346414 0.713785 1.056442 0.936663 1.125837 0.000000 1.026789 1.304988 0.331636 1.642374 0.917350 0.357052
0.994487 0.005513 1.005513 1.994487 1.995930 0.399863 0.904448 1.609772 0.624953 0.467681 0.979170 1.945890 1.124585 1.167482 1.905765 0.262050 0.695997 0.032794 1.373203 0.313004 0.029653 1.963453 1.847374 1.026789 0.000000 0.278199 0.695153 1.330837 0.109439 1.383842
1.272686 0.272686 0.727314 1.727314 1.725871 0.121664 0.626249 1.331573 0.903153 0.189482 1.257370 1.667691 1.402784 0.889282 1.627566 0.016149 0.417798 0.245405 1.651402 0.591204 0.248546 1.758348 1.569175 1.304988 0.278199 0.000000 0.973353 1.052638 0.387639 1.662041
0.299333 0.700667 1.700667 1.299333 1.300777 1.095016 1.599601 1.695075 0.070200 1.162834 0.284017 1.358956 0.429431 1.862635 1.399081 0.957204 1.391150 0.727948 0.678050 0.382149 0.724806 1.268299 1.457472 0.331636 0.695153 0.973353 0.000000 1.974010 0.585714 0.688688
1.674676 1.325324 0.325324 0.674676 0.673233 0.930974 0.426389 0.278935 1.955790 0.863156 1.689993 0.615053 1.544578 0.163355 0.574929 1.068787 0.634840 1.298043 1.295960 1.643841 1.301184 0.705710 0.516537 1.642374 1.330837 1.052638 1.974010 0.000000 1.440276 1.285321
0.885047 0.114953 1.114953 1.885047 1.886491 0.509302 1.013888 1.719211 0.515514 0.577121 0.869731 1.944670 1.015145 1.276921 1.984795 0.371490 0.805436 0.142234 1.263763 0.203565 0.139092 1.854013 1.956814 0.917350 0.109439 0.387639 0.585714 1.440276 0.000000 1.274402
0.389355 1.389355 1.610645 0.610645 0.612088 1.783704 1.711710 1.006386 0.758888 1.851523 0.404671 0.670268 0.259257 1.448677 0.710393 1.645892 1.920162 1.416636 0.010639 1.070837 1.413495 0.579611 0.768784 0.357052 1.383842 1.662041 0.688688 1.285321 1.274402 0.000000
