15
0.000000 1.000000 2.000000 1.000000 1.570152 1.579579 1.598441 1.282633 0.077309 1.703535 1.538096 0.158028 1.582313 1.195151 0.831059
1.000000 0.000000 1.000000 2.000000 1.429848 1.420421 1.401559 1.717367 1.077309 0.703535 0.538096 1.158028 0.582313 0.195151 1.831059
2.000000 1.000000 0.000000 1.000000 0.429848 0.420421 0.401559 0.717367 1.922691 0.296465 0.461904 1.841972 0.417687 0.804849 1.168941
1.000000 2.000000 1.000000 0.000000 0.570152 0.579579 0.598441 0.282633 0.922691 1.296465 1.461904 0.841972 1.417687 1.804849 0.168941
1.570152 1.429848 0.429848 0.570152 0.000000 0.009427 0.028289 0.287518 1.492843 0.726313 0.891753 1.412123 0.847535 1.234697 0.739093
1.579579 1.420421 0.420421 0.579579 0.009427 0.000000 0.018862 0.296945 1.502270 0.716886 0.882326 1.421550 0.838108 1.225271 0.748519
1.598441 1.401559 0.401559 0.598441 0.028289 0.018862 0.000000 0.315807 1.521132 0.698024 0.863464 1.440412 0.819246 1.206408 0.767381
1.282633 1.717367 0.717367 0.282633 0.287518 0.296945 0.315807 0.000000 1.205325 1.013831 1.179271 1.124605 1.135054 1.522216 0.451574
0.077309 1.077309 1.922691 0.922691 1.492843 1.502270 1.521132 1.205325 0.000000 1.780844 1.615404 0.080720 1.659622 1.272460 0.753750
1.703535 0.703535 0.296465 1.296465 0.726313 0.716886 0.698024 1.013831 1.780844 0.000000 0.165440 1.861564 0.121222 0.508384 1.465406
1.538096 0.538096 0.461904 1.461904 0.891753 0.882326 0.863464 1.179271 1.615404 0.165440 0.000000 1.696124 0.044217 0.342945 1.630845
0.158028 1.158028 1.841972 0.841972 1.412123 1.421550 1.440412 1.124605 0.080720 1.861564 1.696124 0.000000 1.740342 1.353179 0.673031
1.582313 0.582313 0.417687 1.417687 0.847535 0.838108 0.819246 1.135054 1.659622 0.121222 0.044217 1.740342 0.000000 0.387162 1.586628
1.195151 0.195151 0.804849 1.804849 1.234697 1.225271 1.206408 1.522216 1.272460 0.508384 0.342945 1.353179 0.387162 0.000000 1.973790
0.831059 1.831059 1.168941 0.168941 0.739093 0.748519 0.767381 0.451574 0.753750 1.465406 1.630845 0.673031 1.586628 1.973790 0.000000
