40
0.000000 1.000000 2.000000 1.000000 1.340346 0.593696 1.680066 0.250696 1.448224 1.164261 0.052286 1.691573 0.879859 1.227279 1.450956 0.158111 0.585389 0.490226 1.053137 0.972756 0.570712 1.634363 1.700238 0.866949 0.805753 1.532379 1.810785 0.362144 0.749496 1.095295 1.968083 1.810609 0.539274 1.350879 0.623793 1.203293 0.546122 1.874718 1.078398 1.081089
1.000000 0.000000 1.000000 2.000000 0.340346 1.593696 0.680066 0.749304 1.551776 0.164261 1.052286 1.308427 0.120141 1.772721 0.450956 1.158111 0.414611 0.509774 1.946863 1.972756 1.570712 1.365637 1.299762 0.133051 1.805753 0.532379 0.810785 0.637856 1.749496 1.904705 1.031917 1.189391 1.539274 1.649121 0.376207 0.203293 1.546122 1.125282 1.921602 1.918911
2.000000 1.000000 0.000000 1.000000 0.659654 1.406304 0.319934 1.749304 0.551776 0.835739 1.947714 0.308427 1.120141 0.772721 0.549044 1.841889 1.414611 1.509774 0.946863 1.027244 1.429288 0.365637 0.299762 1.133051 1.194247 0.467621 0.189215 1.637856 1.250504 0.904705 0.031917 0.189391 1.460726 0.649121 1.376207 0.796707 1.453878 0.125282 0.921602 0.918911
1.000000 2.000000 1.000000 0.000000 1.659654 0.406304 1.319934 1.250696 0.448224 1.835739 0.947714 0.691573 1.879859 0.227279 1.549044 0.841889 1.585389 1.490226 0.053137 0.027244 0.429288 0.634363 0.700238 1.866949 0.194247 1.467621 1.189215 1.362144 0.250504 0.095295 0.968083 0.810609 0.460726 0.350879 1.623793 1.796707 0.453878 0.874718 0.078398 0.081089
1.340346 0.340346 0.659654 1.659654 0.000000 1.934043 0.339720 1.089650 1.211429 0.176085 1.392632 0.968080 0.460487 1.432375 0.110610 1.498458 0.754957 0.850120 1.606516 1.686897 1.911059 1.025291 0.959416 0.473398 1.853901 0.192032 0.470438 0.978202 1.910158 1.564359 0.691570 0.849044 1.879621 1.308775 0.716554 0.137053 1.886468 0.784936 1.581256 1.578565
0.593696 1.593696 1.406304 0.406304 1.934043 0.000000 1.726238 0.844392 0.854528 1.757957 0.541410 1.097877 1.473555 0.633582 1.955348 0.435585 1.179085 1.083923 0.459441 0.379060 0.022984 1.040667 1.106541 1.460645 0.212057 1.873925 1.595519 0.955840 0.155799 0.501599 1.374387 1.216913 0.054422 0.757183 1.217489 1.796990 0.047574 1.281022 0.484701 0.487393
1.680066 0.680066 0.319934 1.319934 0.339720 1.726238 0.000000 1.429370 0.871709 0.515805 1.732352 0.628361 0.800207 1.092655 0.229110 1.838178 1.094677 1.189840 1.266797 1.347177 1.749222 0.685571 0.619696 0.813118 1.514181 0.147687 0.130719 1.317922 1.570438 1.224639 0.351851 0.509325 1.780660 0.969055 1.056274 0.476773 1.773812 0.445216 1.241536 1.238845
0.250696 0.749304 1.749304 1.250696 1.089650 0.844392 1.429370 0.000000 1.698920 0.913565 0.302982 1.942269 0.629163 1.477975 1.200260 0.408807 0.334693 0.239530 1.303833 1.223452 0.821408 1.885059 1.950934 0.616253 1.056449 1.281683 1.560089 0.111448 1.000192 1.345991 1.781221 1.938695 0.789970 1.601575 0.373097 0.952597 0.796818 1.874586 1.329094 1.331785
1.448224 1.551776 0.551776 0.448224 1.211429 0.854528 0.871709 1.698920 0.000000 1.387514 1.395938 0.243349 1.671916 0.220946 1.100820 1.290113 1.966386 1.938451 0.395087 0.475468 0.877512 0.186138 0.252013 1.684827 0.642472 1.019397 0.740991 1.810369 0.698729 0.352930 0.519859 0.362385 0.908950 0.097345 1.927983 1.348482 0.902103 0.426494 0.369827 0.367135
1.164261 0.164261 0.835739 1.835739 0.176085 1.757957 0.515805 0.913565 1.387514 0.000000 1.216547 1.144166 0.284402 1.608460 0.286695 1.322373 0.578872 0.674035 1.782602 1.862982 1.734973 1.201376 1.135501 0.297313 1.970014 0.368118 0.646524 0.802117 1.913757 1.740444 0.867656 1.025129 1.703535 1.484860 0.540469 0.039032 1.710383 0.961021 1.757341 1.754650
0.052286 1.052286 1.947714 0.947714 1.392632 0.541410 1.732352 0.302982 1.395938 1.216547 0.000000 1.639287 0.932145 1.174993 1.503242 0.105825 0.637675 0.542512 1.000851 0.920470 0.518426 1.582077 1.647952 0.919235 0.753467 1.584665 1.863071 0.414430 0.697210 1.043009 1.915797 1.758323 0.486988 1.298593 0.676079 1.255580 0.493836 1.822432 1.026112 1.028803
1.691573 1.308427 0.308427 0.691573 0.968080 1.097877 0.628361 1.942269 0.243349 1.144166 1.639287 0.000000 1.428568 0.464294 0.857471 1.533462 1.723038 1.818201 0.638436 0.718817 1.120861 0.057210 0.008664 1.441478 0.885820 0.776048 0.497642 1.946283 0.942078 0.596278 0.276510 0.119036 1.152299 0.340694 1.684634 1.105133 1.145451 0.183145 0.613176 0.610484
0.879859 0.120141 1.120141 1.879859 0.460487 1.473555 0.800207 0.629163 1.671916 0.284402 0.932145 1.428568 0.000000 1.892862 0.571097 1.037970 0.294470 0.389633 1.932996 1.852616 1.450571 1.485778 1.419903 0.012911 1.685612 0.652520 0.930926 0.517715 1.629355 1.975154 1.152058 1.309532 1.419133 1.769262 0.256067 0.323434 1.425981 1.245423 1.958257 1.960948
1.227279 1.772721 0.772721 0.227279 1.432375 0.633582 1.092655 1.477975 0.220946 1.608460 1.174993 0.464294 1.892862 0.000000 1.321765 1.069167 1.812668 1.717505 0.174141 0.254522 0.656567 0.407084 0.472959 1.905773 0.421526 1.240342 0.961936 1.589423 0.477783 0.131984 0.740804 0.583331 0.688005 0.123600 1.851071 1.569428 0.681157 0.647439 0.148881 0.146190
1.450956 0.450956 0.549044 1.549044 0.110610 1.955348 0.229110 1.200260 1.100820 0.286695 1.503242 0.857471 0.571097 1.321765 0.000000 1.609067 0.865567 0.960730 1.495907 1.576288 1.978332 0.914681 0.848806 0.584007 1.743291 0.081423 0.359829 1.088812 1.799548 1.453749 0.580961 0.738435 1.990230 1.198165 0.827163 0.247663 1.997078 0.674326 1.470646 1.467955
0.158111 1.158111 1.841889 0.841889 1.498458 0.435585 1.838178 0.408807 1.290113 1.322373 0.105825 1.533462 1.037970 1.069167 1.609067 0.000000 0.743501 0.648338 0.895026 0.814645 0.412601 1.476251 1.542126 1.025060 0.647642 1.690490 1.968896 0.520256 0.591384 0.937184 1.809972 1.652498 0.381163 1.192768 0.781904 1.361405 0.388011 1.716607 0.920286 0.922978
0.585389 0.414611 1.414611 1.585389 0.754957 1.179085 1.094677 0.334693 1.966386 0.578872 0.637675 1.723038 0.294470 1.812668 0.865567 0.743501 0.000000 0.095163 1.638526 1.558146 1.156101 1.780248 1.714373 0.281559 1.391142 0.946990 1.225396 0.223245 1.334885 1.680684 1.446528 1.604001 1.124663 1.936268 0.038403 0.617904 1.131511 1.539893 1.663787 1.666478
0.490226 0.509774 1.509774 1.490226 0.850120 1.083923 1.189840 0.239530 1.938451 0.674035 0.542512 1.818201 0.389633 1.717505 0.960730 0.648338 0.095163 0.000000 1.543364 1.462983 1.060938 1.875411 1.809536 0.376722 1.295979 1.042153 1.320559 0.128082 1.239722 1.585521 1.541691 1.699164 1.029500 1.841105 0.133566 0.713067 1.036348 1.635056 1.568624 1.571315
1.053137 1.946863 0.946863 0.053137 1.606516 0.459441 1.266797 1.303833 0.395087 1.782602 1.000851 0.638436 1.932996 0.174141 1.495907 0.895026 1.638526 1.543364 0.000000 0.080381 0.482425 0.581226 0.647100 1.920086 0.247384 1.414484 1.136078 1.415281 0.303642 0.042158 0.914946 0.757472 0.513863 0.297742 1.676930 1.743569 0.507015 0.821581 0.025260 0.027952
0.972756 1.972756 1.027244 0.027244 1.686897 0.379060 1.347177 1.223452 0.475468 1.862982 0.920470 0.718817 1.852616 0.254522 1.576288 0.814645 1.558146 1.462983 0.080381 0.000000 0.402044 0.661606 0.727481 1.839705 0.167004 1.494865 1.216459 1.334901 0.223261 0.122538 0.995327 0.837853 0.433482 0.378123 1.596549 1.823950 0.426634 0.901962 0.105641 0.108333
0.570712 1.570712 1.429288 0.429288 1.911059 0.022984 1.749222 0.821408 0.877512 1.734973 0.518426 1.120861 1.450571 0.656567 1.978332 0.412601 1.156101 1.060938 0.482425 0.402044 0.000000 1.063651 1.129526 1.437661 0.235041 1.896909 1.618503 0.932856 0.178783 0.524583 1.397371 1.239897 0.031438 0.780167 1.194505 1.774006 0.024590 1.304006 0.507686 0.510377
1.634363 1.365637 0.365637 0.634363 1.025291 1.040667 0.685571 1.885059 0.186138 1.201376 1.582077 0.057210 1.485778 0.407084 0.914681 1.476251 1.780248 1.875411 0.581226 0.661606 1.063651 0.000000 0.065875 1.498689 0.828610 0.833258 0.554852 1.996507 0.884867 0.539068 0.333720 0.176246 1.095089 0.283484 1.741845 1.162344 1.088241 0.240355 0.555965 0.553274
1.700238 1.299762 0.299762 0.700238 0.959416 1.106541 0.619696 1.950934 0.252013 1.135501 1.647952 0.008664 1.419903 0.472959 0.848806 1.542126 1.714373 1.809536 0.647100 0.727481 1.129526 0.065875 0.000000 1.432814 0.894485 0.767383 0.488978 1.937618 0.950742 0.604943 0.267845 0.110372 1.160963 0.349359 1.675970 1.096469 1.154116 0.174480 0.621840 0.619149
0.866949 0.133051 1.133051 1.866949 0.473398 1.460645 0.813118 0.616253 1.684827 0.297313 0.919235 1.441478 0.012911 1.905773 0.584007 1.025060 0.281559 0.376722 1.920086 1.839705 1.437661 1.498689 1.432814 0.000000 1.672701 0.665430 0.943836 0.504804 1.616444 1.962243 1.164968 1.322442 1.406223 1.782172 0.243156 0.336345 1.413071 1.258333 1.945346 1.948038
0.805753 1.805753 1.194247 0.194247 1.853901 0.212057 1.514181 1.056449 0.642472 1.970014 0.753467 0.885820 1.685612 0.421526 1.743291 0.647642 1.391142 1.295979 0.247384 0.167004 0.235041 0.828610 0.894485 1.672701 0.000000 1.661868 1.383462 1.167897 0.056257 0.289542 1.162330 1.004856 0.266479 0.545126 1.429545 1.990954 0.259631 1.068965 0.272645 0.275336
1.532379 0.532379 0.467621 1.467621 0.192032 1.873925 0.147687 1.281683 1.019397 0.368118 1.584665 0.776048 0.652520 1.240342 0.081423 1.690490 0.946990 1.042153 1.414484 1.494865 1.896909 0.833258 0.767383 0.665430 1.661868 0.000000 0.278406 1.170235 1.718126 1.372326 0.499538 0.657012 1.928347 1.116742 0.908586 0.329085 1.921499 0.592903 1.389223 1.386532
1.810785 0.810785 0.189215 1.189215 0.470438 1.595519 0.130719 1.560089 0.740991 0.646524 1.863071 0.497642 0.930926 0.961936 0.359829 1.968896 1.225396 1.320559 1.136078 1.216459 1.618503 0.554852 0.488978 0.943836 1.383462 0.278406 0.000000 1.448641 1.439720 1.093920 0.221132 0.378606 1.649941 0.838336 1.186992 0.607491 1.643093 0.314497 1.110818 1.108126
0.362144 0.637856 1.637856 1.362144 0.978202 0.955840 1.317922 0.111448 1.810369 0.802117 0.414430 1.946283 0.517715 1.589423 1.088812 0.520256 0.223245 0.128082 1.415281 1.334901 0.932856 1.996507 1.937618 0.504804 1.167897 1.170235 1.448641 0.000000 1.111640 1.457439 1.669773 1.827247 0.901418 1.713023 0.261648 0.841149 0.908266 1.763138 1.440542 1.443233
0.749496 1.749496 1.250504 0.250504 1.910158 0.155799 1.570438 1.000192 0.698729 1.913757 0.697210 0.942078 1.629355 0.477783 1.799548 0.591384 1.334885 1.239722 0.303642 0.223261 0.178783 0.884867 0.950742 1.616444 0.056257 1.718126 1.439720 1.111640 0.000000 0.345799 1.218588 1.061114 0.210221 0.601383 1.373288 1.952789 0.203374 1.125222 0.328902 0.331594
1.095295 1.904705 0.904705 0.095295 1.564359 0.501599 1.224639 1.345991 0.352930 1.740444 1.043009 0.596278 1.975154 0.131984 1.453749 0.937184 1.680684 1.585521 0.042158 0.122538 0.524583 0.539068 0.604943 1.962243 0.289542 1.372326 1.093920 1.457439 0.345799 0.000000 0.872788 0.715314 0.556021 0.255584 1.719087 1.701412 0.549173 0.779423 0.016897 0.014206
1.968083 1.031917 0.031917 0.968083 0.691570 1.374387 0.351851 1.781221 0.519859 0.867656 1.915797 0.276510 1.152058 0.740804 0.580961 1.809972 1.446528 1.541691 0.914946 0.995327 1.397371 0.333720 0.267845 1.164968 1.162330 0.499538 0.221132 1.669773 1.218588 0.872788 0.000000 0.157474 1.428809 0.617204 1.408124 0.828623 1.421961 0.093365 0.889685 0.886994
1.810609 1.189391 0.189391 0.810609 0.849044 1.216913 0.509325 1.938695 0.362385 1.025129 1.758323 0.119036 1.309532 0.583331 0.738435 1.652498 1.604001 1.699164 0.757472 0.837853 1.239897 0.176246 0.110372 1.322442 1.004856 0.657012 0.378606 1.827247 1.061114 0.715314 0.157474 0.000000 1.271335 0.459730 1.565598 0.986097 1.264487 0.064109 0.732212 0.729520
0.539274 1.539274 1.460726 0.460726 1.879621 0.054422 1.780660 0.789970 0.908950 1.703535 0.486988 1.152299 1.419133 0.688005 1.990230 0.381163 1.124663 1.029500 0.513863 0.433482 0.031438 1.095089 1.160963 1.406223 0.266479 1.928347 1.649941 0.901418 0.210221 0.556021 1.428809 1.271335 0.000000 0.811605 1.163067 1.742568 0.006848 1.335444 0.539123 0.541815
1.350879 1.649121 0.649121 0.350879 1.308775 0.757183 0.969055 1.601575 0.097345 1.484860 1.298593 0.340694 1.769262 0.123600 1.198165 1.192768 1.936268 1.841105 0.297742 0.378123 0.780167 0.283484 0.349359 1.782172 0.545126 1.116742 0.838336 1.713023 0.601383 0.255584 0.617204 0.459730 0.811605 0.000000 1.974672 1.445828 0.804757 0.523839 0.272481 0.269790
0.623793 0.376207 1.376207 1.623793 0.716554 1.217489 1.056274 0.373097 1.927983 0.540469 0.676079 1.684634 0.256067 1.851071 0.827163 0.781904 0.038403 0.133566 1.676930 1.596549 1.194505 1.741845 1.675970 0.243156 1.429545 0.908586 1.186992 0.261648 1.373288 1.719087 1.408124 1.565598 1.163067 1.974672 0.000000 0.579501 1.169915 1.501489 1.702190 1.704882
1.203293 0.203293 0.796707 1.796707 0.137053 1.796990 0.476773 0.952597 1.348482 0.039032 1.255580 1.105133 0.323434 1.569428 0.247663 1.361405 0.617904 0.713067 1.743569 1.823950 1.774006 1.162344 1.096469 0.336345 1.990954 0.329085 0.607491 0.841149 1.952789 1.701412 0.828623 0.986097 1.742568 1.445828 0.579501 0.000000 1.749415 0.921989 1.718309 1.715617
0.546122 1.546122 1.453878 0.453878 1.886468 0.047574 1.773812 0.796818 0.902103 1.710383 0.493836 1.145451 1.425981 0.681157 1.997078 0.388011 1.131511 1.036348 0.507015 0.426634 0.024590 1.088241 1.154116 1.413071 0.259631 1.921499 1.643093 0.908266 0.203374 0.549173 1.421961 1.264487 0.006848 0.804757 1.169915 1.749415 0.000000 1.328596 0.532276 0.534967
1.874718 1.125282 0.125282 0.874718 0.784936 1.281022 0.445216 1.874586 0.426494 0.961021 1.822432 0.183145 1.245423 0.647439 0.674326 1.716607 1.539893 1.635056 0.821581 0.901962 1.304006 0.240355 0.174480 1.258333 1.068965 0.592903 0.314497 1.763138 1.125222 0.779423 0.093365 0.064109 1.335444 0.523839 1.501489 0.921989 1.328596 0.000000 0.796320 0.793629
1.078398 1.921602 0.921602 0.078398 1.581256 0.484701 1.241536 1.329094 0.369827 1.757341 1.026112 0.613176 1.958257 0.148881 1.470646 0.920286 1.663787 1.568624 0.025260 0.105641 0.507686 0.555965 0.621840 1.945346 0.272645 1.389223 1.110818 1.440542 0.328902 0.016897 0.889685 0.732212 0.539123 0.272481 1.702190 1.718309 0.532276 0.796320 0.000000 0.002691
1.081089 1.918911 0.918911 0.081089 1.578565 0.487393 1.238845 1.331785 0.367135 1.754650 1.028803 0.610484 1.960948 0.146190 1.467955 0.922978 1.666478 1.571315 0.027952 0.108333 0.510377 0.553274 0.619149 1.948038 0.275336 1.386532 1.108126 1.443233 0.331594 0.014206 0.886994 0.729520 0.541815 0.269790 1.704882 1.715617 0.534967 0.793629 0.002691 0.000000
