35
0.000000 1.000000 2.000000 1.000000 0.485520 0.411076 1.419846 0.520974 1.291271 1.919225 1.928620 1.715924 1.369471 1.482127 1.707480 0.580511 0.247892 0.945642 1.227812 0.872612 0.585812 0.850023 1.606536 0.790591 1.507575 1.757693 1.464338 1.490494 0.994222 1.228999 0.034155 0.416421 0.795008 1.040374 0.434815
1.000000 0.000000 1.000000 2.000000 0.514480 1.411076 1.580154 0.479026 1.708729 1.080775 1.071380 1.284076 0.369471 0.482127 0.707480 1.580511 1.247892 1.945642 0.227812 0.127388 0.414188 1.850023 1.393464 0.209409 0.507575 1.242307 1.535662 0.490494 1.994222 0.228999 1.034155 1.416421 0.204992 1.959626 0.565185
2.000000 1.000000 0.000000 1.000000 1.514480 1.588924 0.580154 1.479026 0.708729 0.080775 0.071380 0.284076 0.630529 0.517873 0.292520 1.419489 1.752108 1.054358 0.772188 1.127388 1.414188 1.149977 0.393464 1.209409 0.492425 0.242307 0.535662 0.509506 1.005778 0.771001 1.965845 1.583579 1.204992 0.959626 1.565185
1.000000 2.000000 1.000000 0.000000 1.485520 0.588924 0.419846 1.520974 0.291271 0.919225 0.928620 0.715924 1.630529 1.517873 1.292520 0.419489 0.752108 0.054358 1.772188 1.872612 1.585812 0.149977 0.606536 1.790591 1.492425 0.757693 0.464338 1.509506 0.005778 1.771001 0.965845 0.583579 1.795008 0.040374 1.434815
0.485520 0.514480 1.514480 1.485520 0.000000 0.896595 1.905366 0.035455 1.776791 1.595255 1.585861 1.798557 0.883951 0.996608 1.221960 1.066030 0.733412 1.431161 0.742292 0.387093 0.100292 1.335543 1.907944 0.305072 1.022056 1.756787 1.949857 1.004974 1.479742 0.743479 0.519674 0.901941 0.309489 1.525893 0.050705
0.411076 1.411076 1.588924 0.588924 0.896595 0.000000 1.008771 0.932050 0.880196 1.508150 1.517544 1.304848 1.780546 1.893203 1.881445 0.169435 0.163184 0.534566 1.638887 1.283688 0.996888 0.438948 1.195461 1.201667 1.918651 1.346617 1.053262 1.901569 0.583146 1.640075 0.376921 0.005346 1.206084 0.629298 0.845891
1.419846 1.580154 0.580154 0.419846 1.905366 1.008771 0.000000 1.940821 0.128575 0.499379 0.508773 0.296077 1.210683 1.098026 0.872674 0.839335 1.171954 0.474205 1.352342 1.707541 1.994342 0.569823 0.186690 1.789562 1.072579 0.337847 0.044491 1.089660 0.425624 1.351155 1.385691 1.003425 1.785145 0.379473 1.854661
0.520974 0.479026 1.479026 1.520974 0.035455 0.932050 1.940821 0.000000 1.812246 1.559800 1.550406 1.763102 0.848496 0.961153 1.186505 1.101485 0.768866 1.466616 0.706837 0.351638 0.064838 1.370998 1.872489 0.269617 0.986601 1.721333 1.985312 0.969520 1.515196 0.708025 0.555129 0.937395 0.274034 1.561348 0.086159
1.291271 1.708729 0.708729 0.291271 1.776791 0.880196 0.128575 1.812246 0.000000 0.627954 0.637348 0.424652 1.339258 1.226601 1.001249 0.710761 1.043379 0.345630 1.480917 1.836116 1.877083 0.441248 0.315265 1.918137 1.201153 0.466422 0.173066 1.218235 0.297049 1.479730 1.257116 0.874850 1.913720 0.250898 1.726086
1.919225 1.080775 0.080775 0.919225 1.595255 1.508150 0.499379 1.559800 0.627954 0.000000 0.009394 0.203302 0.711304 0.598647 0.373295 1.338715 1.671333 0.973584 0.852963 1.208162 1.494963 1.069202 0.312689 1.290183 0.573199 0.161532 0.454888 0.590281 0.925003 0.851776 1.885071 1.502804 1.285766 0.878852 1.645960
1.928620 1.071380 0.071380 0.928620 1.585861 1.517544 0.508773 1.550406 0.637348 0.009394 0.000000 0.212696 0.701910 0.589253 0.363901 1.348109 1.680728 0.982978 0.843569 1.198768 1.485569 1.078596 0.322083 1.280789 0.563805 0.170926 0.464282 0.580887 0.934397 0.842382 1.894465 1.512198 1.276372 0.888246 1.636566
1.715924 1.284076 0.284076 0.715924 1.798557 1.304848 0.296077 1.763102 0.424652 0.203302 0.212696 0.000000 0.914606 0.801949 0.576597 1.135413 1.468032 0.770282 1.056265 1.411464 1.698265 0.865900 0.109387 1.493485 0.776501 0.041770 0.251586 0.793583 0.721701 1.055078 1.681769 1.299502 1.489068 0.675550 1.849262
1.369471 0.369471 0.630529 1.630529 0.883951 1.780546 1.210683 0.848496 1.339258 0.711304 0.701910 0.914606 0.000000 0.112657 0.338009 1.949982 1.617363 1.684888 0.141659 0.496858 0.783659 1.780506 1.023993 0.578879 0.138104 0.872836 1.166192 0.121023 1.636307 0.140472 1.403626 1.785892 0.574462 1.590156 0.934656
1.482127 0.482127 0.517873 1.517873 0.996608 1.893203 1.098026 0.961153 1.226601 0.598647 0.589253 0.801949 0.112657 0.000000 0.225352 1.937362 1.730019 1.572231 0.254316 0.609515 0.896315 1.667850 0.911336 0.691536 0.025448 0.760180 1.053535 0.008367 1.523651 0.253128 1.516282 1.898548 0.687119 1.477499 1.047312
1.707480 0.707480 0.292520 1.292520 1.221960 1.881445 0.872674 1.186505 1.001249 0.373295 0.363901 0.576597 0.338009 0.225352 0.000000 1.712009 1.955372 1.346879 0.479668 0.834867 1.121668 1.442497 0.685984 0.916888 0.199905 0.534827 0.828183 0.216986 1.298298 0.478481 1.741635 1.876099 0.912471 1.252147 1.272665
0.580511 1.580511 1.419489 0.419489 1.066030 0.169435 0.839335 1.101485 0.710761 1.338715 1.348109 1.135413 1.949982 1.937362 1.712009 0.000000 0.332619 0.365131 1.808322 1.453123 1.166323 0.269512 1.026025 1.371102 1.911914 1.177182 0.883827 1.928995 0.413711 1.809510 0.546356 0.164090 1.375519 0.459863 1.015326
0.247892 1.247892 1.752108 0.752108 0.733412 0.163184 1.171954 0.768866 1.043379 1.671333 1.680728 1.468032 1.617363 1.730019 1.955372 0.332619 0.000000 0.697750 1.475704 1.120504 0.833704 0.602131 1.358644 1.038483 1.755467 1.509801 1.216446 1.738386 0.746330 1.476891 0.213737 0.168529 1.042900 0.792482 0.682707
0.945642 1.945642 1.054358 0.054358 1.431161 0.534566 0.474205 1.466616 0.345630 0.973584 0.982978 0.770282 1.684888 1.572231 1.346879 0.365131 0.697750 0.000000 1.826547 1.818254 1.531454 0.095619 0.660895 1.736233 1.546783 0.812051 0.518696 1.563864 0.048580 1.825359 0.911487 0.529221 1.740650 0.094732 1.380457
1.227812 0.227812 0.772188 1.772188 0.742292 1.638887 1.352342 0.706837 1.480917 0.852963 0.843569 1.056265 0.141659 0.254316 0.479668 1.808322 1.475704 1.826547 0.000000 0.355199 0.642000 1.922165 1.165652 0.437220 0.279764 1.014495 1.307851 0.262682 1.777966 0.001187 1.261966 1.644233 0.432803 1.731815 0.792997
0.872612 0.127388 1.127388 1.872612 0.387093 1.283688 1.707541 0.351638 1.836116 1.208162 1.198768 1.411464 0.496858 0.609515 0.834867 1.453123 1.120504 1.818254 0.355199 0.000000 0.286801 1.722636 1.520851 0.082021 0.634963 1.369695 1.663050 0.617881 1.866835 0.356386 0.906767 1.289034 0.077604 1.912986 0.437797
0.585812 0.414188 1.414188 1.585812 0.100292 0.996888 1.994342 0.064838 1.877083 1.494963 1.485569 1.698265 0.783659 0.896315 1.121668 1.166323 0.833704 1.531454 0.642000 0.286801 0.000000 1.435835 1.807652 0.204780 0.921763 1.656495 1.949850 0.904682 1.580034 0.643187 0.619967 1.002233 0.209196 1.626185 0.150997
0.850023 1.850023 1.149977 0.149977 1.335543 0.438948 0.569823 1.370998 0.441248 1.069202 1.078596 0.865900 1.780506 1.667850 1.442497 0.269512 0.602131 0.095619 1.922165 1.722636 1.435835 0.000000 0.756513 1.640615 1.642402 0.907670 0.614314 1.659483 0.144199 1.920978 0.815868 0.433602 1.645032 0.190350 1.284838
1.606536 1.393464 0.393464 0.606536 1.907944 1.195461 0.186690 1.872489 0.315265 0.312689 0.322083 0.109387 1.023993 0.911336 0.685984 1.026025 1.358644 0.660895 1.165652 1.520851 1.807652 0.756513 0.000000 1.602872 0.885889 0.151157 0.142199 0.902970 0.612314 1.164465 1.572381 1.190115 1.598455 0.566163 1.958649
0.790591 0.209409 1.209409 1.790591 0.305072 1.201667 1.789562 0.269617 1.918137 1.290183 1.280789 1.493485 0.578879 0.691536 0.916888 1.371102 1.038483 1.736233 0.437220 0.082021 0.204780 1.640615 1.602872 0.000000 0.716984 1.451715 1.745071 0.699902 1.784814 0.438407 0.824746 1.207013 0.004417 1.830965 0.355777
1.507575 0.507575 0.492425 1.492425 1.022056 1.918651 1.072579 0.986601 1.201153 0.573199 0.563805 0.776501 0.138104 0.025448 0.199905 1.911914 1.755467 1.546783 0.279764 0.634963 0.921763 1.642402 0.885889 0.716984 0.000000 0.734732 1.028087 0.017081 1.498203 0.278576 1.541730 1.923996 0.712567 1.452051 1.072760
1.757693 1.242307 0.242307 0.757693 1.756787 1.346617 0.337847 1.721333 0.466422 0.161532 0.170926 0.041770 0.872836 0.760180 0.534827 1.177182 1.509801 0.812051 1.014495 1.369695 1.656495 0.907670 0.151157 1.451715 0.734732 0.000000 0.293355 0.751813 0.763471 1.013308 1.723538 1.341272 1.447299 0.717319 1.807492
1.464338 1.535662 0.535662 0.464338 1.949857 1.053262 0.044491 1.985312 0.173066 0.454888 0.464282 0.251586 1.166192 1.053535 0.828183 0.883827 1.216446 0.518696 1.307851 1.663050 1.949850 0.614314 0.142199 1.745071 1.028087 0.293355 0.000000 1.045169 0.470116 1.306663 1.430183 1.047916 1.740654 0.423964 1.899153
1.490494 0.490494 0.509506 1.509506 1.004974 1.901569 1.089660 0.969520 1.218235 0.590281 0.580887 0.793583 0.121023 0.008367 0.216986 1.928995 1.738386 1.563864 0.262682 0.617881 0.904682 1.659483 0.902970 0.699902 0.017081 0.751813 1.045169 0.000000 1.515284 0.261495 1.524649 1.906915 0.695485 1.469133 1.055679
0.994222 1.994222 1.005778 0.005778 1.479742 0.583146 0.425624 1.515196 0.297049 0.925003 0.934397 0.721701 1.636307 1.523651 1.298298 0.413711 0.746330 0.048580 1.777966 1.866835 1.580034 0.144199 0.612314 1.784814 1.498203 0.763471 0.470116 1.515284 0.000000 1.776779 0.960067 0.577801 1.789231 0.046151 1.429037
1.228999 0.228999 0.771001 1.771001 0.743479 1.640075 1.351155 0.708025 1.479730 0.851776 0.842382 1.055078 0.140472 0.253128 0.478481 1.809510 1.476891 1.825359 0.001187 0.356386 0.643187 1.920978 1.164465 0.438407 0.278576 1.013308 1.306663 0.261495 1.776779 0.000000 1.263154 1.645420 0.433991 1.730628 0.794184
0.034155 1.034155 1.965845 0.965845 0.519674 0.376921 1.385691 0.555129 1.257116 1.885071 1.894465 1.681769 1.403626 1.516282 1.741635 0.546356 0.213737 0.911487 1.261966 0.906767 0.619967 0.815868 1.572381 0.824746 1.541730 1.723538 1.430183 1.524649 0.960067 1.263154 0.000000 0.382266 0.829163 1.006219 0.468970
0.416421 1.416421 1.583579 0.583579 0.901941 0.005346 1.003425 0.937395 0.874850 1.502804 1.512198 1.299502 1.785892 1.898548 1.876099 0.164090 0.168529 0.529221 1.644233 1.289034 1.002233 0.433602 1.190115 1.207013 1.923996 1.341272 1.047916 1.906915 0.577801 1.645420 0.382266 0.000000 1.211430 0.623952 0.851236
0.795008 0.204992 1.204992 1.795008 0.309489 1.206084 1.785145 0.274034 1.913720 1.285766 1.276372 1.489068 0.574462 0.687119 0.912471 1.375519 1.042900 1.740650 0.432803 0.077604 0.209196 1.645032 1.598455 0.004417 0.712567 1.447299 1.740654 0.695485 1.789231 0.433991 0.829163 1.211430 0.000000 1.835382 0.360193
1.040374 1.959626 0.959626 0.040374 1.525893 0.629298 0.379473 1.561348 0.250898 0.878852 0.888246 0.675550 1.590156 1.477499 1.252147 0.459863 0.792482 0.094732 1.731815 1.912986 1.626185 0.190350 0.566163 1.830965 1.452051 0.717319 0.423964 1.469133 0.046151 1.730628 1.006219 0.623952 1.835382 0.000000 1.475189
0.434815 0.565185 1.565185 1.434815 0.050705 0.845891 1.854661 0.086159 1.726086 1.645960 1.636566 1.849262 0.934656 1.047312 1.272665 1.015326 0.682707 1.380457 0.792997 0.437797 0.150997 1.284838 1.958649 0.355777 1.072760 1.807492 1.899153 1.055679 1.429037 0.794184 0.468970 0.851236 0.360193 1.475189 0.000000
