30
0.000000 1.000000 2.000000 1.000000 1.461226 0.699875 1.218912 0.739676 0.487895 0.457755 0.732244 1.935636 1.799742 0.506073 1.095843 1.326093 1.532368 1.198961 1.409426 0.725919 1.368257 0.153090 0.031326 0.107794 0.497808 1.103598 0.765036 0.493913 1.858463 1.106603
1.000000 0.000000 1.000000 2.000000 0.461226 0.300125 1.781088 1.739676 1.487895 0.542245 1.732244 1.064364 1.200258 1.506073 0.095843 0.326093 0.532368 1.801039 0.409426 1.725919 1.631743 1.153090 0.968674 1.107794 0.502192 1.896402 0.234964 1.493913 0.858463 1.893397
2.000000 1.000000 0.000000 1.000000 0.538774 1.300125 0.781088 1.260324 1.512105 1.542245 1.267756 0.064364 0.200258 1.493927 0.904157 0.673907 0.467632 0.801039 0.590574 1.274081 0.631743 1.846910 1.968674 1.892206 1.502192 0.896402 1.234964 1.506087 0.141537 0.893397
1.000000 2.000000 1.000000 0.000000 1.538774 1.699875 0.218912 0.260324 0.512105 1.457755 0.267756 0.935636 0.799742 0.493927 1.904157 1.673907 1.467632 0.198961 1.590574 0.274081 0.368257 0.846910 1.031326 0.892206 1.497808 0.103598 1.765036 0.506087 1.141537 0.106603
1.461226 0.461226 0.538774 1.538774 0.000000 0.761351 1.319862 1.799098 1.949121 1.003471 1.806530 0.603137 0.739031 1.967300 0.365384 0.135133 0.071141 1.339812 0.051801 1.812854 1.170517 1.614316 1.429901 1.569020 0.963419 1.435176 0.696190 1.955139 0.397237 1.432171
0.699875 0.300125 1.300125 1.699875 0.761351 0.000000 1.918787 1.439551 1.187770 0.242120 1.432119 1.364488 1.500383 1.205949 0.395967 0.626218 0.832493 1.898837 0.709551 1.425795 1.931868 0.852965 0.668550 0.807669 0.202068 1.803473 0.065161 1.193788 1.158588 1.806478
1.218912 1.781088 0.781088 0.218912 1.319862 1.918787 0.000000 0.479236 0.731017 1.676667 0.486668 0.716724 0.580830 0.712839 1.685245 1.454995 1.248720 0.019950 1.371662 0.492993 0.149345 1.065822 1.250237 1.111118 1.716720 0.115314 1.983948 0.724999 0.922625 0.112309
0.739676 1.739676 1.260324 0.260324 1.799098 1.439551 0.479236 0.000000 0.251781 1.197431 0.007432 1.195960 1.060066 0.233603 1.835519 1.934231 1.727956 0.459286 1.850898 0.013757 0.628581 0.586586 0.771001 0.631882 1.237484 0.363922 1.504712 0.245763 1.401861 0.366927
0.487895 1.487895 1.512105 0.512105 1.949121 1.187770 0.731017 0.251781 0.000000 0.945650 0.244349 1.447741 1.311847 0.018179 1.583738 1.813988 1.979737 0.711067 1.897321 0.238024 0.880362 0.334805 0.519220 0.380101 0.985702 0.615703 1.252931 0.006018 1.653642 0.618708
0.457755 0.542245 1.542245 1.457755 1.003471 0.242120 1.676667 1.197431 0.945650 0.000000 1.189999 1.606609 1.742503 0.963828 0.638088 0.868338 1.074613 1.656717 0.951671 1.183674 1.826012 0.610845 0.426430 0.565549 0.040053 1.561353 0.307281 0.951668 1.400708 1.564358
0.732244 1.732244 1.267756 0.267756 1.806530 1.432119 0.486668 0.007432 0.244349 1.189999 0.000000 1.203392 1.067498 0.226171 1.828087 1.941663 1.735388 0.466718 1.858330 0.006325 0.636013 0.579154 0.763569 0.624450 1.230052 0.371354 1.497280 0.238331 1.409293 0.374359
1.935636 1.064364 0.064364 0.935636 0.603137 1.364488 0.716724 1.195960 1.447741 1.606609 1.203392 0.000000 0.135894 1.429563 0.968521 0.738271 0.531996 0.736675 0.654938 1.209717 0.567379 1.782546 1.966962 1.827842 1.566556 0.832039 1.299328 1.441723 0.205901 0.829034
1.799742 1.200258 0.200258 0.799742 0.739031 1.500383 0.580830 1.060066 1.311847 1.742503 1.067498 0.135894 0.000000 1.293669 1.104415 0.874165 0.667890 0.600781 0.790832 1.073823 0.431485 1.646652 1.831068 1.691948 1.702450 0.696145 1.435222 1.305829 0.341795 0.693139
0.506073 1.506073 1.493927 0.493927 1.967300 1.205949 0.712839 0.233603 0.018179 0.963828 0.226171 1.429563 1.293669 0.000000 1.601916 1.832167 1.961559 0.692888 1.915499 0.219846 0.862184 0.352983 0.537399 0.398279 1.003881 0.597524 1.271109 0.012160 1.635464 0.600529
1.095843 0.095843 0.904157 1.904157 0.365384 0.395967 1.685245 1.835519 1.583738 0.638088 1.828087 0.968521 1.104415 1.601916 0.000000 0.230250 0.436525 1.705196 0.313583 1.821762 1.535900 1.248933 1.064517 1.203637 0.598035 1.800560 0.330807 1.589756 0.762620 1.797555
1.326093 0.326093 0.673907 1.673907 0.135133 0.626218 1.454995 1.934231 1.813988 0.868338 1.941663 0.738271 0.874165 1.832167 0.230250 0.000000 0.206275 1.474945 0.083333 1.947988 1.305650 1.479183 1.294768 1.433887 0.828285 1.570309 0.561057 1.820006 0.532370 1.567304
1.532368 0.532368 0.467632 1.467632 0.071141 0.832493 1.248720 1.727956 1.979737 1.074613 1.735388 0.531996 0.667890 1.961559 0.436525 0.206275 0.000000 1.268671 0.122942 1.741713 1.099375 1.685458 1.501042 1.640162 1.034560 1.364035 0.767332 1.973719 0.326095 1.361030
1.198961 1.801039 0.801039 0.198961 1.339812 1.898837 0.019950 0.459286 0.711067 1.656717 0.466718 0.736675 0.600781 0.692888 1.705196 1.474945 1.268671 0.000000 1.391613 0.473042 0.169296 1.045872 1.230287 1.091167 1.696769 0.095364 1.963998 0.705049 0.942575 0.092359
1.409426 0.409426 0.590574 1.590574 0.051801 0.709551 1.371662 1.850898 1.897321 0.951671 1.858330 0.654938 0.790832 1.915499 0.313583 0.083333 0.122942 1.391613 0.000000 1.864655 1.222317 1.562516 1.378100 1.517220 0.911618 1.486977 0.644390 1.903339 0.449037 1.483971
0.725919 1.725919 1.274081 0.274081 1.812854 1.425795 0.492993 0.013757 0.238024 1.183674 0.006325 1.209717 1.073823 0.219846 1.821762 1.947988 1.741713 0.473042 1.864655 0.000000 0.642338 0.572829 0.757245 0.618125 1.223727 0.377678 1.490955 0.232006 1.415618 0.380683
1.368257 1.631743 0.631743 0.368257 1.170517 1.931868 0.149345 0.628581 0.880362 1.826012 0.636013 0.567379 0.431485 0.862184 1.535900 1.305650 1.099375 0.169296 1.222317 0.642338 0.000000 1.215167 1.399583 1.260463 1.866065 0.264659 1.866707 0.874344 0.773280 0.261654
0.153090 1.153090 1.846910 0.846910 1.614316 0.852965 1.065822 0.586586 0.334805 0.610845 0.579154 1.782546 1.646652 0.352983 1.248933 1.479183 1.685458 1.045872 1.562516 0.572829 1.215167 0.000000 0.184415 0.045296 0.650898 0.950508 0.918126 0.340823 1.988447 0.953513
0.031326 0.968674 1.968674 1.031326 1.429901 0.668550 1.250237 0.771001 0.519220 0.426430 0.763569 1.966962 1.831068 0.537399 1.064517 1.294768 1.501042 1.230287 1.378100 0.757245 1.399583 0.184415 0.000000 0.139120 0.466482 1.134923 0.733711 0.525238 1.827138 1.137928
0.107794 1.107794 1.892206 0.892206 1.569020 0.807669 1.111118 0.631882 0.380101 0.565549 0.624450 1.827842 1.691948 0.398279 1.203637 1.433887 1.640162 1.091167 1.517220 0.618125 1.260463 0.045296 0.139120 0.000000 0.605602 0.995804 0.872830 0.386119 1.966257 0.998809
0.497808 0.502192 1.502192 1.497808 0.963419 0.202068 1.716720 1.237484 0.985702 0.040053 1.230052 1.566556 1.702450 1.003881 0.598035 0.828285 1.034560 1.696769 0.911618 1.223727 1.866065 0.650898 0.466482 0.605602 0.000000 1.601405 0.267228 0.991721 1.360655 1.604410
1.103598 1.896402 0.896402 0.103598 1.435176 1.803473 0.115314 0.363922 0.615703 1.561353 0.371354 0.832039 0.696145 0.597524 1.800560 1.570309 1.364035 0.095364 1.486977 0.377678 0.264659 0.950508 1.134923 0.995804 1.601405 0.000000 1.868634 0.609685 1.037939 0.003005
0.765036 0.234964 1.234964 1.765036 0.696190 0.065161 1.983948 1.504712 1.252931 0.307281 1.497280 1.299328 1.435222 1.271109 0.330807 0.561057 0.767332 1.963998 0.644390 1.490955 1.866707 0.918126 0.733711 0.872830 0.267228 1.868634 0.000000 1.258949 1.093427 1.871639
0.493913 1.493913 1.506087 0.506087 1.955139 1.193788 0.724999 0.245763 0.006018 0.951668 0.238331 1.441723 1.305829 0.012160 1.589756 1.820006 1.973719 0.705049 1.903339 0.232006 0.874344 0.340823 0.525238 0.386119 0.991721 0.609685 1.258949 0.000000 1.647624 0.612690
1.858463 0.858463 0.141537 1.141537 0.397237 1.158588 0.922625 1.401861 1.653642 1.400708 1.409293 0.205901 0.341795 1.635464 0.762620 0.532370 0.326095 0.942575 0.449037 1.415618 0.773280 1.988447 1.827138 1.966257 1.360655 1.037939 1.093427 1.647624 0.000000 1.034934
1.106603 1.893397 0.893397 0.106603 1.432171 1.806478 0.112309 0.366927 0.618708 1.564358 0.374359 0.829034 0.693139 0.600529 1.797555 1.567304 1.361030 0.092359 1.483971 0.380683 0.261654 0.953513 1.137928 0.998809 1.604410 0.003005 1.871639 0.612690 1.034934 0.000000
