40
0.000000 1.000000 2.000000 1.000000 0.899241 0.358050 1.809992 0.650370 0.034187 1.206931 1.229712 1.141083 0.057927 0.583318 1.489898 0.719362 0.951686 0.927820 0.061453 1.140868 0.777137 0.563542 1.461446 1.403014 1.934893 0.523535 0.331392 1.802128 1.160869 0.253507 0.975873 1.429577 0.725370 1.817278 1.515016 0.103729 1.580240 0.398686 0.267825 0.055399
1.000000 0.000000 1.000000 2.000000 0.100759 1.358050 0.809992 1.650370 1.034187 1.793069 0.229712 1.858917 1.057927 0.416682 0.489898 0.280638 0.048314 0.072180 0.938547 0.140868 1.777137 0.436458 1.538554 0.403014 0.934893 1.523535 1.331392 1.197872 1.839131 1.253507 0.024127 1.570423 0.274630 1.182722 1.484984 1.103729 1.419760 1.398686 1.267825 1.055399
2.000000 1.000000 0.000000 1.000000 1.100759 1.641950 0.190008 1.349630 1.965813 0.793069 0.770288 0.858917 1.942073 1.416682 0.510102 1.280638 1.048314 1.072180 1.938547 0.859132 1.222863 1.436458 0.538554 0.596986 0.065107 1.476465 1.668608 0.197872 0.839131 1.746493 1.024127 0.570423 1.274630 0.182722 0.484984 1.896271 0.419760 1.601314 1.732175 1.944601
1.000000 2.000000 1.000000 0.000000 1.899241 0.641950 1.190008 0.349630 0.965813 0.206931 1.770288 0.141083 0.942073 1.583318 1.510102 1.719362 1.951686 1.927820 1.061453 1.859132 0.222863 1.563542 0.461446 1.596986 1.065107 0.476465 0.668608 0.802128 0.160869 0.746493 1.975873 0.429577 1.725370 0.817278 0.515016 0.896271 0.580240 0.601314 0.732175 0.944601
0.899241 0.100759 1.100759 1.899241 0.000000 1.257291 0.910751 1.549611 0.933428 1.893829 0.330471 1.959676 0.957167 0.315922 0.590658 0.179878 0.052446 0.028579 0.837788 0.241627 1.676377 0.335699 1.639313 0.503773 1.035653 1.422776 1.230633 1.298631 1.939890 1.152748 0.076632 1.671182 0.173871 1.283481 1.585743 1.002970 1.520519 1.297926 1.167066 0.954639
0.358050 1.358050 1.641950 0.641950 1.257291 0.000000 1.831958 0.292320 0.323863 0.848880 1.587762 0.783033 0.300124 0.941369 1.847949 1.077413 1.309737 1.285870 0.419503 1.498918 0.419086 0.921592 1.103396 1.761064 1.707056 0.165485 0.026658 1.444077 0.802819 0.104543 1.333923 1.071527 1.083420 1.459228 1.156966 0.254321 1.222190 0.040635 0.090225 0.302652
1.809992 0.809992 0.190008 1.190008 0.910751 1.831958 0.000000 1.539638 1.844179 0.983078 0.580280 1.048925 1.867919 1.226674 0.320094 1.090630 0.858305 0.882172 1.748539 0.669124 1.412872 1.246450 0.728562 0.406978 0.124902 1.666473 1.858616 0.387880 1.029139 1.936501 0.834119 0.760431 1.084622 0.372730 0.674992 1.913721 0.609768 1.791322 1.922183 1.865390
0.650370 1.650370 1.349630 0.349630 1.549611 0.292320 1.539638 0.000000 0.616183 0.556560 1.880082 0.490713 0.592443 1.233689 1.859732 1.369733 1.602057 1.578190 0.711823 1.791238 0.126766 1.213912 0.811076 1.946616 1.414736 0.126835 0.318978 1.151758 0.510499 0.396863 1.626243 0.779207 1.375740 1.166908 0.864646 0.546641 0.929870 0.251685 0.382545 0.594972
0.034187 1.034187 1.965813 0.965813 0.933428 0.323863 1.844179 0.616183 0.000000 1.172743 1.263899 1.106896 0.023739 0.617506 1.524086 0.753550 0.985874 0.962007 0.095640 1.175055 0.742949 0.597729 1.427259 1.437201 1.969081 0.489348 0.297205 1.767940 1.126682 0.219320 1.010060 1.395390 0.759557 1.783091 1.480829 0.069542 1.546053 0.364498 0.233638 0.021211
1.206931 1.793069 0.793069 0.206931 1.893829 0.848880 0.983078 0.556560 1.172743 0.000000 1.563357 0.065847 1.149004 1.790249 1.303171 1.926293 1.841383 1.865250 1.268384 1.652202 0.429794 1.770473 0.254516 1.390056 0.858176 0.683395 0.875538 0.595197 0.046061 0.953424 1.817197 0.222647 1.932300 0.610348 0.308086 1.103201 0.373310 0.808245 0.939105 1.151532
1.229712 0.229712 0.770288 1.770288 0.330471 1.587762 0.580280 1.880082 1.263899 1.563357 0.000000 1.629205 1.287639 0.646394 0.260186 0.510350 0.278026 0.301892 1.168259 0.088844 1.993151 0.666170 1.308842 0.173302 0.705181 1.753247 1.561104 0.968160 1.609418 1.483219 0.253839 1.340711 0.504342 0.953010 1.255272 1.333441 1.190048 1.628398 1.497537 1.285111
1.141083 1.858917 0.858917 0.141083 1.959676 0.783033 1.048925 0.490713 1.106896 0.065847 1.629205 0.000000 1.083157 1.724402 1.369018 1.860446 1.907230 1.931097 1.202536 1.718049 0.363947 1.704625 0.320363 1.455903 0.924023 0.617548 0.809691 0.661044 0.019786 0.887576 1.883044 0.288494 1.866453 0.676195 0.373933 1.037354 0.439157 0.742398 0.873258 1.085685
0.057927 1.057927 1.942073 0.942073 0.957167 0.300124 1.867919 0.592443 0.023739 1.149004 1.287639 1.083157 0.000000 0.641245 1.547825 0.777289 1.009613 0.985746 0.119380 1.198795 0.719210 0.621469 1.403520 1.460940 1.992820 0.465609 0.273466 1.744201 1.102943 0.195580 1.033799 1.371650 0.783297 1.759352 1.457090 0.045803 1.522314 0.340759 0.209898 0.002528
0.583318 0.416682 1.416682 1.583318 0.315922 0.941369 1.226674 1.233689 0.617506 1.790249 0.646394 1.724402 0.641245 0.000000 0.906580 0.136044 0.368368 0.344501 0.521865 0.557550 1.360455 0.019776 1.955235 0.819695 1.351575 1.106854 0.914711 1.614554 1.744188 0.836825 0.392554 1.987104 0.142051 1.599403 1.901665 0.687048 1.836441 0.982004 0.851143 0.638717
1.489898 0.489898 0.510102 1.510102 0.590658 1.847949 0.320094 1.859732 1.524086 1.303171 0.260186 1.369018 1.547825 0.906580 0.000000 0.770536 0.538212 0.562079 1.428445 0.349030 1.732965 0.926356 1.048655 0.086885 0.444995 1.986566 1.821291 0.707974 1.349232 1.743405 0.514026 1.080525 0.764528 0.692823 0.995085 1.593628 0.929861 1.888584 1.757723 1.545297
0.719362 0.280638 1.280638 1.719362 0.179878 1.077413 1.090630 1.369733 0.753550 1.926293 0.510350 1.860446 0.777289 0.136044 0.770536 0.000000 0.232324 0.208457 0.657909 0.421506 1.496499 0.155820 1.819191 0.683651 1.215531 1.242898 1.050755 1.478510 1.880232 0.972869 0.256510 1.851061 0.006007 1.463359 1.765621 0.823092 1.700397 1.118048 0.987187 0.774761
0.951686 0.048314 1.048314 1.951686 0.052446 1.309737 0.858305 1.602057 0.985874 1.841383 0.278026 1.907230 1.009613 0.368368 0.538212 0.232324 0.000000 0.023867 0.890233 0.189181 1.728823 0.388144 1.586867 0.451327 0.983207 1.475222 1.283079 1.246186 1.887444 1.205193 0.024186 1.618736 0.226317 1.231035 1.533297 1.055416 1.468073 1.350372 1.219512 1.007085
0.927820 0.072180 1.072180 1.927820 0.028579 1.285870 0.882172 1.578190 0.962007 1.865250 0.301892 1.931097 0.985746 0.344501 0.562079 0.208457 0.023867 0.000000 0.866367 0.213048 1.704956 0.364278 1.610734 0.475194 1.007074 1.451355 1.259212 1.270053 1.911311 1.181327 0.048053 1.642603 0.202450 1.254902 1.557164 1.031549 1.491940 1.326505 1.195645 0.983218
0.061453 0.938547 1.938547 1.061453 0.837788 0.419503 1.748539 0.711823 0.095640 1.268384 1.168259 1.202536 0.119380 0.521865 1.428445 0.657909 0.890233 0.866367 0.000000 1.079415 0.838590 0.502089 1.522899 1.341561 1.873440 0.584988 0.392845 1.863581 1.222323 0.314960 0.914420 1.491030 0.663917 1.878731 1.576469 0.165182 1.641693 0.460139 0.329278 0.116852
1.140868 0.140868 0.859132 1.859132 0.241627 1.498918 0.669124 1.791238 1.175055 1.652202 0.088844 1.718049 1.198795 0.557550 0.349030 0.421506 0.189181 0.213048 1.079415 0.000000 1.918004 0.577326 1.397686 0.262146 0.794026 1.664403 1.472260 1.057004 1.698263 1.394375 0.164995 1.429555 0.415498 1.041854 1.344116 1.244597 1.278892 1.539554 1.408693 1.196266
0.777137 1.777137 1.222863 0.222863 1.676377 0.419086 1.412872 0.126766 0.742949 0.429794 1.993151 0.363947 0.719210 1.360455 1.732965 1.496499 1.728823 1.704956 0.838590 1.918004 0.000000 1.340679 0.684310 1.819850 1.287970 0.253601 0.445744 1.024991 0.383733 0.523630 1.753009 0.652441 1.502506 1.040142 0.737880 0.673407 0.803104 0.378451 0.509311 0.721738
0.563542 0.436458 1.436458 1.563542 0.335699 0.921592 1.246450 1.213912 0.597729 1.770473 0.666170 1.704625 0.621469 0.019776 0.926356 0.155820 0.388144 0.364278 0.502089 0.577326 1.340679 0.000000 1.975012 0.839472 1.371351 1.087077 0.894934 1.634330 1.724412 0.817049 0.412331 1.993119 0.161828 1.619180 1.921442 0.667271 1.856218 0.962228 0.831367 0.618941
1.461446 1.538554 0.538554 0.461446 1.639313 1.103396 0.728562 0.811076 1.427259 0.254516 1.308842 0.320363 1.403520 1.955235 1.048655 1.819191 1.586867 1.610734 1.522899 1.397686 0.684310 1.975012 0.000000 1.135540 0.603660 0.937911 1.130054 0.340681 0.300577 1.207939 1.562681 0.031869 1.813184 0.355832 0.053570 1.357717 0.118794 1.062761 1.193621 1.406048
1.403014 0.403014 0.596986 1.596986 0.503773 1.761064 0.406978 1.946616 1.437201 1.390056 0.173302 1.455903 1.460940 0.819695 0.086885 0.683651 0.451327 0.475194 1.341561 0.262146 1.819850 0.839472 1.135540 0.000000 0.531880 1.926549 1.734406 0.794858 1.436117 1.656521 0.427141 1.167409 0.677644 0.779708 1.081970 1.506743 1.016746 1.801699 1.670839 1.458412
1.934893 0.934893 0.065107 1.065107 1.035653 1.707056 0.124902 1.414736 1.969081 0.858176 0.705181 0.924023 1.992820 1.351575 0.444995 1.215531 0.983207 1.007074 1.873440 0.794026 1.287970 1.371351 0.603660 0.531880 0.000000 1.541571 1.733714 0.262979 0.904237 1.811600 0.959021 0.635529 1.209524 0.247828 0.550090 1.961377 0.484866 1.666421 1.797281 1.990292
0.523535 1.523535 1.476465 0.476465 1.422776 0.165485 1.666473 0.126835 0.489348 0.683395 1.753247 0.617548 0.465609 1.106854 1.986566 1.242898 1.475222 1.451355 0.584988 1.664403 0.253601 1.087077 0.937911 1.926549 1.541571 0.000000 0.192143 1.278592 0.637334 0.270028 1.499408 0.906042 1.248905 1.293743 0.991481 0.419806 1.056705 0.124850 0.255710 0.468137
0.331392 1.331392 1.668608 0.668608 1.230633 0.026658 1.858616 0.318978 0.297205 0.875538 1.561104 0.809691 0.273466 0.914711 1.821291 1.050755 1.283079 1.259212 0.392845 1.472260 0.445744 0.894934 1.130054 1.734406 1.733714 0.192143 0.000000 1.470735 0.829477 0.077885 1.307265 1.098185 1.056762 1.485886 1.183624 0.227663 1.248848 0.067293 0.063567 0.275994
1.802128 1.197872 0.197872 0.802128 1.298631 1.444077 0.387880 1.151758 1.767940 0.595197 0.968160 0.661044 1.744201 1.614554 0.707974 1.478510 1.246186 1.270053 1.863581 1.057004 1.024991 1.634330 0.340681 0.794858 0.262979 1.278592 1.470735 0.000000 0.641258 1.548621 1.221999 0.372551 1.472502 0.015151 0.287112 1.698398 0.221887 1.403442 1.534303 1.746729
1.160869 1.839131 0.839131 0.160869 1.939890 0.802819 1.029139 0.510499 1.126682 0.046061 1.609418 0.019786 1.102943 1.744188 1.349232 1.880232 1.887444 1.911311 1.222323 1.698263 0.383733 1.724412 0.300577 1.436117 0.904237 0.637334 0.829477 0.641258 0.000000 0.907363 1.863258 0.268708 1.886239 0.656409 0.354147 1.057140 0.419371 0.762184 0.893044 1.105471
0.253507 1.253507 1.746493 0.746493 1.152748 0.104543 1.936501 0.396863 0.219320 0.953424 1.483219 0.887576 0.195580 0.836825 1.743405 0.972869 1.205193 1.181327 0.314960 1.394375 0.523630 0.817049 1.207939 1.656521 1.811600 0.270028 0.077885 1.548621 0.907363 0.000000 1.229380 1.176070 0.978877 1.563771 1.261509 0.149778 1.326733 0.145179 0.014318 0.198108
0.975873 0.024127 1.024127 1.975873 0.076632 1.333923 0.834119 1.626243 1.010060 1.817197 0.253839 1.883044 1.033799 0.392554 0.514026 0.256510 0.024186 0.048053 0.914420 0.164995 1.753009 0.412331 1.562681 0.427141 0.959021 1.499408 1.307265 1.221999 1.863258 1.229380 0.000000 1.594550 0.250503 1.206849 1.509111 1.079602 1.443887 1.374558 1.243698 1.031271
1.429577 1.570423 0.570423 0.429577 1.671182 1.071527 0.760431 0.779207 1.395390 0.222647 1.340711 0.288494 1.371650 1.987104 1.080525 1.851061 1.618736 1.642603 1.491030 1.429555 0.652441 1.993119 0.031869 1.167409 0.635529 0.906042 1.098185 0.372551 0.268708 1.176070 1.594550 0.000000 1.845053 0.387701 0.085439 1.325848 0.150663 1.030891 1.161752 1.374179
0.725370 0.274630 1.274630 1.725370 0.173871 1.083420 1.084622 1.375740 0.759557 1.932300 0.504342 1.866453 0.783297 0.142051 0.764528 0.006007 0.226317 0.202450 0.663917 0.415498 1.502506 0.161828 1.813184 0.677644 1.209524 1.248905 1.056762 1.472502 1.886239 0.978877 0.250503 1.845053 0.000000 1.457352 1.759614 0.829099 1.694390 1.124055 0.993195 0.780768
1.817278 1.182722 0.182722 0.817278 1.283481 1.459228 0.372730 1.166908 1.783091 0.610348 0.953010 0.676195 1.759352 1.599403 0.692823 1.463359 1.231035 1.254902 1.878731 1.041854 1.040142 1.619180 0.355832 0.779708 0.247828 1.293743 1.485886 0.015151 0.656409 1.563771 1.206849 0.387701 1.457352 0.000000 0.302262 1.713549 0.237038 1.418593 1.549453 1.761880
1.515016 1.484984 0.484984 0.515016 1.585743 1.156966 0.674992 0.864646 1.480829 0.308086 1.255272 0.373933 1.457090 1.901665 0.995085 1.765621 1.533297 1.557164 1.576469 1.344116 0.737880 1.921442 0.053570 1.081970 0.550090 0.991481 1.183624 0.287112 0.354147 1.261509 1.509111 0.085439 1.759614 0.302262 0.000000 1.411287 0.065224 1.116331 1.247191 1.459618
0.103729 1.103729 1.896271 0.896271 1.002970 0.254321 1.913721 0.546641 0.069542 1.103201 1.333441 1.037354 0.045803 0.687048 1.593628 0.823092 1.055416 1.031549 0.165182 1.244597 0.673407 0.667271 1.357717 1.506743 1.961377 0.419806 0.227663 1.698398 1.057140 0.149778 1.079602 1.325848 0.829099 1.713549 1.411287 0.000000 1.476511 0.294956 0.164096 0.048331
1.580240 1.419760 0.419760 0.580240 1.520519 1.222190 0.609768 0.929870 1.546053 0.373310 1.190048 0.439157 1.522314 1.836441 0.929861 1.700397 1.468073 1.491940 1.641693 1.278892 0.803104 1.856218 0.118794 1.016746 0.484866 1.056705 1.248848 0.221887 0.419371 1.326733 1.443887 0.150663 1.694390 0.237038 0.065224 1.476511 0.000000 1.181555 1.312415 1.524842
0.398686 1.398686 1.601314 0.601314 1.297926 0.040635 1.791322 0.251685 0.364498 0.808245 1.628398 0.742398 0.340759 0.982004 1.888584 1.118048 1.350372 1.326505 0.460139 1.539554 0.378451 0.962228 1.062761 1.801699 1.666421 0.124850 0.067293 1.403442 0.762184 0.145179 1.374558 1.030891 1.124055 1.418593 1.116331 0.294956 1.181555 0.000000 0.130861 0.343287
0.267825 1.267825 1.732175 0.732175 1.167066 0.090225 1.922183 0.382545 0.233638 0.939105 1.497537 0.873258 0.209898 0.851143 1.757723 0.987187 1.219512 1.195645 0.329278 1.408693 0.509311 0.831367 1.193621 1.670839 1.797281 0.255710 0.063567 1.534303 0.893044 0.014318 1.243698 1.161752 0.993195 1.549453 1.247191 0.164096 1.312415 0.130861 0.000000 0.212427
0.055399 1.055399 1.944601 0.944601 0.954639 0.302652 1.865390 0.594972 0.021211 1.151532 1.285111 1.085685 0.002528 0.638717 1.545297 0.774761 1.007085 0.983218 0.116852 1.196266 0.721738 0.618941 1.406048 1.458412 1.990292 0.468137 0.275994 1.746729 1.105471 0.198108 1.031271 1.374179 0.780768 1.761880 1.459618 0.048331 1.524842 0.343287 0.212427 0.000000
