15
0.000000 1.000000 2.000000 1.000000 1.636566 0.853654 1.426134 0.432118 0.419221 0.101292 0.520235 0.915812 0.628763 0.924861 1.514412
1.000000 0.000000 1.000000 2.000000 0.636566 1.853654 0.426134 1.432118 0.580779 0.898708 1.520235 1.915812 1.628763 1.924861 1.485588
2.000000 1.000000 0.000000 1.000000 0.363434 1.146346 0.573866 1.567882 1.580779 1.898708 1.479765 1.084188 1.371237 1.075139 0.485588
1.000000 2.000000 1.000000 0.000000 1.363434 0.146346 1.573866 0.567882 1.419221 1.101292 0.479765 0.084188 0.371237 0.075139 0.514412
1.636566 0.636566 0.363434 1.363434 0.000000 1.509781 0.210432 1.931317 1.217344 1.535274 1.843199 1.447623 1.734671 1.438573 0.849023
0.853654 1.853654 1.146346 0.146346 1.509781 0.000000 1.720212 0.421536 1.272875 0.954945 0.333419 0.062158 0.224891 0.071208 0.660758
1.426134 0.426134 0.573866 1.573866 0.210432 1.720212 0.000000 1.858252 1.006913 1.324842 1.946369 1.658054 1.945103 1.649005 1.059454
0.432118 1.432118 1.567882 0.567882 1.931317 0.421536 1.858252 0.000000 0.851339 0.533409 0.088117 0.483694 0.196646 0.492744 1.082294
0.419221 0.580779 1.580779 1.419221 1.217344 1.272875 1.006913 0.851339 0.000000 0.317930 0.939456 1.335033 1.047984 1.344083 1.933633
0.101292 0.898708 1.898708 1.101292 1.535274 0.954945 1.324842 0.533409 0.317930 0.000000 0.621527 1.017103 0.730055 1.026153 1.615703
0.520235 1.520235 1.479765 0.479765 1.843199 0.333419 1.946369 0.088117 0.939456 0.621527 0.000000 0.395577 0.108528 0.404626 0.994177
0.915812 1.915812 1.084188 0.084188 1.447623 0.062158 1.658054 0.483694 1.335033 1.017103 0.395577 0.000000 0.287049 0.009050 0.598600
0.628763 1.628763 1.371237 0.371237 1.734671 0.224891 1.945103 0.196646 1.047984 0.730055 0.108528 0.287049 0.000000 0.296098 0.885648
0.924861 1.924861 1.075139 0.075139 1.438573 0.071208 1.649005 0.492744 1.344083 1.026153 0.404626 0.009050 0.296098 0.000000 0.589550
1.514412 1.485588 0.485588 0.514412 0.849023 0.660758 1.059454 1.082294 1.933633 1.615703 0.994177 0.598600 0.885648 0.589550 0.000000
