30
0.000000 1.000000 2.000000 1.000000 1.567142 1.579136 1.490380 1.922002 1.141273 1.541365 1.055590 1.495105 0.638870 0.974241 0.949229 1.162983 1.323914 1.493608 0.604337 0.085866 0.968200 1.292104 0.555286 0.513967 0.347228 0.965906 1.615420 0.648915 1.496143 1.005301
1.000000 0.000000 1.000000 2.000000 0.567142 0.579136 1.509620 1.077998 0.141273 0.541365 0.055590 0.495105 0.361130 1.974241 1.949229 0.162983 1.676086 0.493608 1.604337 0.914134 0.031800 0.292104 0.444714 0.486033 1.347228 0.034094 1.384580 1.648915 0.496143 0.005301
2.000000 1.000000 0.000000 1.000000 0.432858 0.420864 0.509620 0.077998 0.858727 0.458635 0.944410 0.504895 1.361130 1.025759 1.050771 0.837017 0.676086 0.506392 1.395663 1.914134 1.031800 0.707896 1.444714 1.486033 1.652772 1.034094 0.384580 1.351085 0.503857 0.994699
1.000000 2.000000 1.000000 0.000000 1.432858 1.420864 0.490380 0.922002 1.858727 1.458635 1.944410 1.504895 1.638870 0.025759 0.050771 1.837017 0.323914 1.506392 0.395663 1.085866 1.968200 1.707896 1.555286 1.513967 0.652772 1.965906 0.615420 0.351085 1.503857 1.994699
1.567142 0.567142 0.432858 1.432858 0.000000 0.011994 0.942477 0.510856 0.425869 0.025777 0.511552 0.072037 0.928272 1.458617 1.483629 0.404160 1.108944 0.073534 1.828521 1.481276 0.598942 0.275038 1.011856 1.053175 1.914370 0.601237 0.817438 1.783942 0.071000 0.561841
1.579136 0.579136 0.420864 1.420864 0.011994 0.000000 0.930483 0.498862 0.437863 0.037771 0.523546 0.084031 0.940266 1.446623 1.471635 0.416154 1.096950 0.085528 1.816527 1.493270 0.610936 0.287032 1.023850 1.065169 1.926364 0.613230 0.805444 1.771949 0.082993 0.573835
1.490380 1.509620 0.509620 0.490380 0.942477 0.930483 0.000000 0.431622 1.368347 0.968255 1.454029 1.014514 1.870749 0.516140 0.541151 1.346637 0.166466 1.016012 0.886044 1.576246 1.541420 1.217515 1.954334 1.995652 1.143153 1.543714 0.125040 0.841465 1.013477 1.504319
1.922002 1.077998 0.077998 0.922002 0.510856 0.498862 0.431622 0.000000 0.936725 0.536633 1.022408 0.582893 1.439128 0.947761 0.972773 0.915015 0.598088 0.584390 1.317665 1.992132 1.109798 0.785894 1.522712 1.564031 1.574774 1.112092 0.306582 1.273087 0.581855 1.072697
1.141273 0.141273 0.858727 1.858727 0.425869 0.437863 1.368347 0.936725 0.000000 0.400092 0.085683 0.353832 0.502403 1.884486 1.909498 0.021710 1.534813 0.352335 1.745610 1.055407 0.173073 0.150831 0.585987 0.627306 1.488501 0.175367 1.243307 1.790188 0.354870 0.135972
1.541365 0.541365 0.458635 1.458635 0.025777 0.037771 0.968255 0.536633 0.400092 0.000000 0.485775 0.046260 0.902495 1.484394 1.509406 0.378382 1.134721 0.047757 1.854298 1.455499 0.573165 0.249261 0.986079 1.027398 1.888593 0.575459 0.843215 1.809720 0.045222 0.536064
1.055590 0.055590 0.944410 1.944410 0.511552 0.523546 1.454029 1.022408 0.085683 0.485775 0.000000 0.439515 0.416720 1.970169 1.995181 0.107392 1.620496 0.438018 1.659927 0.969724 0.087390 0.236514 0.500304 0.541623 1.402818 0.089685 1.328990 1.704506 0.440552 0.050289
1.495105 0.495105 0.504895 1.504895 0.072037 0.084031 1.014514 0.582893 0.353832 0.046260 0.439515 0.000000 0.856235 1.530654 1.555666 0.332123 1.180981 0.001497 1.900558 1.409239 0.526905 0.203001 0.939819 0.981138 1.842333 0.529199 0.889475 1.855980 0.001038 0.489804
0.638870 0.361130 1.361130 1.638870 0.928272 0.940266 1.870749 1.439128 0.502403 0.902495 0.416720 0.856235 0.000000 1.613111 1.588099 0.524112 1.962784 0.854738 1.243207 0.553004 0.329330 0.653234 0.083584 0.124903 0.986098 0.327036 1.745710 1.287785 0.857273 0.366431
0.974241 1.974241 1.025759 0.025759 1.458617 1.446623 0.516140 0.947761 1.884486 1.484394 1.970169 1.530654 1.613111 0.000000 0.025012 1.862777 0.349673 1.532151 0.369904 1.060106 1.942441 1.733655 1.529527 1.488208 0.627013 1.940146 0.641179 0.325325 1.529617 1.979542
0.949229 1.949229 1.050771 0.050771 1.483629 1.471635 0.541151 0.972773 1.909498 1.509406 1.995181 1.555666 1.588099 0.025012 0.000000 1.887788 0.374685 1.557163 0.344892 1.035095 1.917429 1.758667 1.504515 1.463196 0.602001 1.915135 0.666191 0.300314 1.554628 1.954530
1.162983 0.162983 0.837017 1.837017 0.404160 0.416154 1.346637 0.915015 0.021710 0.378382 0.107392 0.332123 0.524112 1.862777 1.887788 0.000000 1.513103 0.330625 1.767319 1.077117 0.194783 0.129122 0.607697 0.649015 1.510210 0.197077 1.221598 1.811898 0.333160 0.157682
1.323914 1.676086 0.676086 0.323914 1.108944 1.096950 0.166466 0.598088 1.534813 1.134721 1.620496 1.180981 1.962784 0.349673 0.374685 1.513103 0.000000 1.182478 0.719577 1.409780 1.707886 1.383982 1.879200 1.837881 0.976686 1.710180 0.291506 0.674999 1.179943 1.670785
1.493608 0.493608 0.506392 1.506392 0.073534 0.085528 1.016012 0.584390 0.352335 0.047757 0.438018 0.001497 0.854738 1.532151 1.557163 0.330625 1.182478 0.000000 1.902055 1.407742 0.525408 0.201504 0.938322 0.979641 1.840836 0.527702 0.890972 1.857477 0.002535 0.488307
0.604337 1.604337 1.395663 0.395663 1.828521 1.816527 0.886044 1.317665 1.745610 1.854298 1.659927 1.900558 1.243207 0.369904 0.344892 1.767319 0.719577 1.902055 0.000000 0.690203 1.572537 1.896441 1.159623 1.118304 0.257109 1.570242 1.011083 0.044579 1.899521 1.609638
0.085866 0.914134 1.914134 1.085866 1.481276 1.493270 1.576246 1.992132 1.055407 1.455499 0.969724 1.409239 0.553004 1.060106 1.035095 1.077117 1.409780 1.407742 0.690203 0.000000 0.882334 1.206238 0.469420 0.428101 0.433094 0.880040 1.701286 0.734781 1.410277 0.919435
0.968200 0.031800 1.031800 1.968200 0.598942 0.610936 1.541420 1.109798 0.173073 0.573165 0.087390 0.526905 0.329330 1.942441 1.917429 0.194783 1.707886 0.525408 1.572537 0.882334 0.000000 0.323904 0.412914 0.454233 1.315428 0.002294 1.416380 1.617115 0.527943 0.037101
1.292104 0.292104 0.707896 1.707896 0.275038 0.287032 1.217515 0.785894 0.150831 0.249261 0.236514 0.203001 0.653234 1.733655 1.758667 0.129122 1.383982 0.201504 1.896441 1.206238 0.323904 0.000000 0.736818 0.778137 1.639332 0.326198 1.092476 1.941019 0.204039 0.286803
0.555286 0.444714 1.444714 1.555286 1.011856 1.023850 1.954334 1.522712 0.585987 0.986079 0.500304 0.939819 0.083584 1.529527 1.504515 0.607697 1.879200 0.938322 1.159623 0.469420 0.412914 0.736818 0.000000 0.041319 0.902514 0.410620 1.829294 1.204201 0.940857 0.450015
0.513967 0.486033 1.486033 1.513967 1.053175 1.065169 1.995652 1.564031 0.627306 1.027398 0.541623 0.981138 0.124903 1.488208 1.463196 0.649015 1.837881 0.979641 1.118304 0.428101 0.454233 0.778137 0.041319 0.000000 0.861195 0.451938 1.870613 1.162883 0.982175 0.491334
0.347228 1.347228 1.652772 0.652772 1.914370 1.926364 1.143153 1.574774 1.488501 1.888593 1.402818 1.842333 0.986098 0.627013 0.602001 1.510210 0.976686 1.840836 0.257109 0.433094 1.315428 1.639332 0.902514 0.861195 0.000000 1.313134 1.268192 0.301687 1.843371 1.352529
0.965906 0.034094 1.034094 1.965906 0.601237 0.613230 1.543714 1.112092 0.175367 0.575459 0.089685 0.529199 0.327036 1.940146 1.915135 0.197077 1.710180 0.527702 1.570242 0.880040 0.002294 0.326198 0.410620 0.451938 1.313134 0.000000 1.418674 1.614821 0.530237 0.039395
1.615420 1.384580 0.384580 0.615420 0.817438 0.805444 0.125040 0.306582 1.243307 0.843215 1.328990 0.889475 1.745710 0.641179 0.666191 1.221598 0.291506 0.890972 1.011083 1.701286 1.416380 1.092476 1.829294 1.870613 1.268192 1.418674 0.000000 0.966505 0.888437 1.379279
0.648915 1.648915 1.351085 0.351085 1.783942 1.771949 0.841465 1.273087 1.790188 1.809720 1.704506 1.855980 1.287785 0.325325 0.300314 1.811898 0.674999 1.857477 0.044579 0.734781 1.617115 1.941019 1.204201 1.162883 0.301687 1.614821 0.966505 0.000000 1.854942 1.654216
1.496143 0.496143 0.503857 1.503857 0.071000 0.082993 1.013477 0.581855 0.354870 0.045222 0.440552 0.001038 0.857273 1.529617 1.554628 0.333160 1.179943 0.002535 1.899521 1.410277 0.527943 0.204039 0.940857 0.982175 1.843371 0.530237 0.888437 1.854942 0.000000 0.490842
1.005301 0.005301 0.994699 1.994699 0.561841 0.573835 1.504319 1.072697 0.135972 0.536064 0.050289 0.489804 0.366431 1.979542 1.954530 0.157682 1.670785 0.488307 1.609638 0.919435 0.037101 0.286803 0.450015 0.491334 1.352529 0.039395 1.379279 1.654216 0.490842 0.000000
