35
0.000000 1.000000 2.000000 1.000000 1.533305 0.587069 0.016354 0.527206 0.174666 1.324410 1.053749 0.703276 1.117837 1.330433 0.878432 0.191532 1.122011 1.835558 1.932760 1.436130 0.031630 1.318633 1.282237 1.214381 0.726171 1.302107 0.209998 0.135633 0.524147 1.992502 1.109235 0.079935 1.389613 0.096727 1.129037
1.000000 0.000000 1.000000 2.000000 0.533305 1.587069 0.983646 0.472794 0.825334 0.324410 1.946251 1.703276 1.882163 0.330433 1.878432 0.808468 1.877989 0.835558 0.932760 0.436130 0.968370 0.318633 0.282237 1.785619 1.726171 1.697893 1.209998 1.135633 0.475853 1.007498 0.109235 1.079935 0.389613 0.903273 1.870963
2.000000 1.000000 0.000000 1.000000 0.466695 1.412931 1.983646 1.472794 1.825334 0.675590 0.946251 1.296724 0.882163 0.669567 1.121568 1.808468 0.877989 0.164442 0.067240 0.563870 1.968370 0.681367 0.717763 0.785619 1.273829 0.697893 1.790002 1.864367 1.475853 0.007498 0.890765 1.920065 0.610387 1.903273 0.870963
1.000000 2.000000 1.000000 0.000000 1.466695 0.412931 1.016354 1.527206 1.174666 1.675590 0.053749 0.296724 0.117837 1.669567 0.121568 1.191532 0.122011 1.164442 1.067240 1.563870 1.031630 1.681367 1.717763 0.214381 0.273829 0.302107 0.790002 0.864367 1.524147 0.992502 1.890765 0.920065 1.610387 1.096727 0.129037
1.533305 0.533305 0.466695 1.466695 0.000000 1.879626 1.516951 1.006099 1.358639 0.208896 1.412946 1.763419 1.348858 0.202872 1.588263 1.341773 1.344683 0.302253 0.399455 0.097175 1.501675 0.214672 0.251068 1.252314 1.740524 1.164588 1.743303 1.668938 1.009158 0.474193 0.424070 1.613240 0.143693 1.436578 1.337658
0.587069 1.587069 1.412931 0.412931 1.879626 0.000000 0.603423 1.114275 0.761735 1.911479 0.466680 0.116207 0.530768 1.917502 0.291363 0.778601 0.534942 1.577373 1.480171 1.976801 0.618699 1.905702 1.869306 0.627312 0.139102 0.715038 0.377071 0.451436 1.111216 1.405433 1.696304 0.507134 1.976682 0.683796 0.541968
0.016354 0.983646 1.983646 1.016354 1.516951 0.603423 0.000000 0.510852 0.158312 1.308055 1.070103 0.719631 1.134191 1.314079 0.894786 0.175178 1.138366 1.819204 1.916406 1.419776 0.015276 1.302279 1.265883 1.230736 0.742525 1.318462 0.226353 0.151987 0.507793 1.991144 1.092881 0.096289 1.373258 0.080372 1.145391
0.527206 0.472794 1.472794 1.527206 1.006099 1.114275 0.510852 0.000000 0.352540 0.797204 1.580955 1.230482 1.645043 0.803227 1.405638 0.335674 1.649217 1.308352 1.405554 0.908924 0.495576 0.791427 0.755031 1.741587 1.253377 1.829313 0.737204 0.662839 0.003059 1.480292 0.582029 0.607141 0.862407 0.430479 1.656243
0.174666 0.825334 1.825334 1.174666 1.358639 0.761735 0.158312 0.352540 0.000000 1.149743 1.228415 0.877943 1.292503 1.155767 1.053098 0.016866 1.296678 1.660892 1.758094 1.261464 0.143036 1.143967 1.107571 1.389048 0.900837 1.476773 0.384665 0.310299 0.349481 1.832832 0.934569 0.254601 1.214946 0.077940 1.303703
1.324410 0.324410 0.675590 1.675590 0.208896 1.911479 1.308055 0.797204 1.149743 0.000000 1.621842 1.972314 1.557753 0.006024 1.797159 1.132877 1.553579 0.511149 0.608351 0.111721 1.292779 0.005776 0.042173 1.461209 1.949420 1.373483 1.534408 1.460042 0.800262 0.683089 0.215174 1.404345 0.065203 1.227683 1.546554
1.053749 1.946251 0.946251 0.053749 1.412946 0.466680 1.070103 1.580955 1.228415 1.621842 0.000000 0.350472 0.064088 1.615818 0.175317 1.245281 0.068263 1.110693 1.013491 1.510121 1.085379 1.627618 1.664014 0.160633 0.327578 0.248359 0.843750 0.918116 1.577896 0.938753 1.837016 0.973814 1.556639 1.150475 0.075288
0.703276 1.703276 1.296724 0.296724 1.763419 0.116207 0.719631 1.230482 0.877943 1.972314 0.350472 0.000000 0.414561 1.966290 0.175155 0.894808 0.418735 1.461165 1.363964 1.860593 0.734907 1.978090 1.985513 0.511105 0.022894 0.598831 0.493278 0.567644 1.227424 1.289226 1.812512 0.623341 1.907111 0.800003 0.425761
1.117837 1.882163 0.882163 0.117837 1.348858 0.530768 1.134191 1.645043 1.292503 1.557753 0.064088 0.414561 0.000000 1.551730 0.239405 1.309369 0.004174 1.046605 0.949403 1.446033 1.149467 1.563530 1.599926 0.096544 0.391666 0.184270 0.907839 0.982204 1.641984 0.874665 1.772928 1.037902 1.492550 1.214564 0.011200
1.330433 0.330433 0.669567 1.669567 0.202872 1.917502 1.314079 0.803227 1.155767 0.006024 1.615818 1.966290 1.551730 0.000000 1.791135 1.138901 1.547555 0.505125 0.602327 0.105697 1.298803 0.011800 0.048196 1.455185 1.943396 1.367460 1.540431 1.466066 0.806286 0.677065 0.221198 1.410368 0.059179 1.233706 1.540530
0.878432 1.878432 1.121568 0.121568 1.588263 0.291363 0.894786 1.405638 1.053098 1.797159 0.175317 0.175155 0.239405 1.791135 0.000000 1.069964 0.243580 1.286010 1.188808 1.685438 0.910062 1.802935 1.839331 0.335950 0.152261 0.423675 0.668433 0.742799 1.402579 1.114070 1.987667 0.798497 1.731956 0.975159 0.250605
0.191532 0.808468 1.808468 1.191532 1.341773 0.778601 0.175178 0.335674 0.016866 1.132877 1.245281 0.894808 1.309369 1.138901 1.069964 0.000000 1.313544 1.644026 1.741228 1.244598 0.159902 1.127101 1.090705 1.405913 0.917703 1.493639 0.401530 0.327165 0.332615 1.815966 0.917703 0.271467 1.198081 0.094805 1.320569
1.122011 1.877989 0.877989 0.122011 1.344683 0.534942 1.138366 1.649217 1.296678 1.553579 0.068263 0.418735 0.004174 1.547555 0.243580 1.313544 0.000000 1.042430 0.945228 1.441858 1.153642 1.559355 1.595752 0.092370 0.395841 0.180096 0.912013 0.986379 1.646159 0.870490 1.768753 1.042076 1.488376 1.218738 0.007025
1.835558 0.835558 0.164442 1.164442 0.302253 1.577373 1.819204 1.308352 1.660892 0.511149 1.110693 1.461165 1.046605 0.505125 1.286010 1.644026 1.042430 0.000000 0.097202 0.399428 1.803928 0.516925 0.553321 0.950060 1.438271 0.862335 1.954444 1.971191 1.311411 0.171940 0.726323 1.915493 0.445946 1.738831 1.035405
1.932760 0.932760 0.067240 1.067240 0.399455 1.480171 1.916406 1.405554 1.758094 0.608351 1.013491 1.363964 0.949403 0.602327 1.188808 1.741228 0.945228 0.097202 0.000000 0.496630 1.901130 0.614127 0.650523 0.852858 1.341069 0.765133 1.857242 1.931607 1.408613 0.074738 0.823525 1.987305 0.543148 1.836033 0.938203
1.436130 0.436130 0.563870 1.563870 0.097175 1.976801 1.419776 0.908924 1.261464 0.111721 1.510121 1.860593 1.446033 0.105697 1.685438 1.244598 1.441858 0.399428 0.496630 0.000000 1.404500 0.117497 0.153893 1.349488 1.837699 1.261763 1.646129 1.571763 0.911983 0.571368 0.326895 1.516065 0.046518 1.339404 1.434833
0.031630 0.968370 1.968370 1.031630 1.501675 0.618699 0.015276 0.495576 0.143036 1.292779 1.085379 0.734907 1.149467 1.298803 0.910062 0.159902 1.153642 1.803928 1.901130 1.404500 0.000000 1.287003 1.250607 1.246012 0.757801 1.333737 0.241628 0.167263 0.492517 1.975868 1.077605 0.111565 1.357982 0.065097 1.160667
1.318633 0.318633 0.681367 1.681367 0.214672 1.905702 1.302279 0.791427 1.143967 0.005776 1.627618 1.978090 1.563530 0.011800 1.802935 1.127101 1.559355 0.516925 0.614127 0.117497 1.287003 0.000000 0.036396 1.466985 1.955196 1.379260 1.528632 1.454266 0.794486 0.688865 0.209398 1.398568 0.070979 1.221907 1.552330
1.282237 0.282237 0.717763 1.717763 0.251068 1.869306 1.265883 0.755031 1.107571 0.042173 1.664014 1.985513 1.599926 0.048196 1.839331 1.090705 1.595752 0.553321 0.650523 0.153893 1.250607 0.036396 0.000000 1.503382 1.991592 1.415656 1.492235 1.417870 0.758090 0.725261 0.173002 1.362172 0.107376 1.185510 1.588726
1.214381 1.785619 0.785619 0.214381 1.252314 0.627312 1.230736 1.741587 1.389048 1.461209 0.160633 0.511105 0.096544 1.455185 0.335950 1.405913 0.092370 0.950060 0.852858 1.349488 1.246012 1.466985 1.503382 0.000000 0.488211 0.087726 1.004383 1.078749 1.738529 0.778121 1.676383 1.134446 1.396006 1.311108 0.085345
0.726171 1.726171 1.273829 0.273829 1.740524 0.139102 0.742525 1.253377 0.900837 1.949420 0.327578 0.022894 0.391666 1.943396 0.152261 0.917703 0.395841 1.438271 1.341069 1.837699 0.757801 1.955196 1.991592 0.488211 0.000000 0.575936 0.516173 0.590538 1.250318 1.266331 1.835406 0.646236 1.884217 0.822898 0.402866
1.302107 1.697893 0.697893 0.302107 1.164588 0.715038 1.318462 1.829313 1.476773 1.373483 0.248359 0.598831 0.184270 1.367460 0.423675 1.493639 0.180096 0.862335 0.765133 1.261763 1.333737 1.379260 1.415656 0.087726 0.575936 0.000000 1.092109 1.166474 1.826255 0.690395 1.588658 1.222172 1.308280 1.398834 0.173070
0.209998 1.209998 1.790002 0.790002 1.743303 0.377071 0.226353 0.737204 0.384665 1.534408 0.843750 0.493278 0.907839 1.540431 0.668433 0.401530 0.912013 1.954444 1.857242 1.646129 0.241628 1.528632 1.492235 1.004383 0.516173 1.092109 0.000000 0.074365 0.734146 1.782504 1.319233 0.130063 1.599611 0.306725 0.919039
0.135633 1.135633 1.864367 0.864367 1.668938 0.451436 0.151987 0.662839 0.310299 1.460042 0.918116 0.567644 0.982204 1.466066 0.742799 0.327165 0.986379 1.971191 1.931607 1.571763 0.167263 1.454266 1.417870 1.078749 0.590538 1.166474 0.074365 0.000000 0.659780 1.856869 1.244868 0.055698 1.525245 0.232360 0.993404
0.524147 0.475853 1.475853 1.524147 1.009158 1.111216 0.507793 0.003059 0.349481 0.800262 1.577896 1.227424 1.641984 0.806286 1.402579 0.332615 1.646159 1.311411 1.408613 0.911983 0.492517 0.794486 0.758090 1.738529 1.250318 1.826255 0.734146 0.659780 0.000000 1.483351 0.585088 0.604082 0.865465 0.427421 1.653184
1.992502 1.007498 0.007498 0.992502 0.474193 1.405433 1.991144 1.480292 1.832832 0.683089 0.938753 1.289226 0.874665 0.677065 1.114070 1.815966 0.870490 0.171940 0.074738 0.571368 1.975868 0.688865 0.725261 0.778121 1.266331 0.690395 1.782504 1.856869 1.483351 0.000000 0.898263 1.912567 0.617885 1.910771 0.863465
1.109235 0.109235 0.890765 1.890765 0.424070 1.696304 1.092881 0.582029 0.934569 0.215174 1.837016 1.812512 1.772928 0.221198 1.987667 0.917703 1.768753 0.726323 0.823525 0.326895 1.077605 0.209398 0.173002 1.676383 1.835406 1.588658 1.319233 1.244868 0.585088 0.898263 0.000000 1.189170 0.280377 1.012508 1.761728
0.079935 1.079935 1.920065 0.920065 1.613240 0.507134 0.096289 0.607141 0.254601 1.404345 0.973814 0.623341 1.037902 1.410368 0.798497 0.271467 1.042076 1.915493 1.987305 1.516065 0.111565 1.398568 1.362172 1.134446 0.646236 1.222172 0.130063 0.055698 0.604082 1.912567 1.189170 0.000000 1.469548 0.176662 1.049102
1.389613 0.389613 0.610387 1.610387 0.143693 1.976682 1.373258 0.862407 1.214946 0.065203 1.556639 1.907111 1.492550 0.059179 1.731956 1.198081 1.488376 0.445946 0.543148 0.046518 1.357982 0.070979 0.107376 1.396006 1.884217 1.308280 1.599611 1.525245 0.865465 0.617885 0.280377 1.469548 0.000000 1.292886 1.481351
0.096727 0.903273 1.903273 1.096727 1.436578 0.683796 0.080372 0.430479 0.077940 1.227683 1.150475 0.800003 1.214564 1.233706 0.975159 0.094805 1.218738 1.738831 1.836033 1.339404 0.065097 1.221907 1.185510 1.311108 0.822898 1.398834 0.306725 0.232360 0.427421 1.910771 1.012508 0.176662 1.292886 0.000000 1.225764
1.129037 1.870963 0.870963 0.129037 1.337658 0.541968 1.145391 1.656243 1.303703 1.546554 0.075288 0.425761 0.011200 1.540530 0.250605 1.320569 0.007025 1.035405 0.938203 1.434833 1.160667 1.552330 1.588726 0.085345 0.402866 0.173070 0.919039 0.993404 1.653184 0.863465 1.761728 1.049102 1.481351 1.225764 0.000000
