45
0.000000 1.000000 2.000000 1.000000 1.763646 1.262283 0.167514 0.152840 0.298357 1.649760 0.218499 0.498291 0.956686 0.774002 0.022420 0.530088 0.584865 1.109906 0.375261 1.821761 1.016745 0.062843 0.411116 1.756100 0.420738 0.918153 1.956501 1.515316 0.505982 1.040163 0.582283 1.608229 0.921513 0.279649 0.729699 1.295062 0.917226 0.434522 1.369378 0.641399 1.495832 1.019614 0.556977 1.378566 1.250751
1.000000 0.000000 1.000000 2.000000 1.236354 0.262283 1.167514 0.847160 1.298357 0.649760 1.218499 0.501709 0.043314 1.774002 1.022420 1.530088 1.584865 0.109906 0.624739 1.178239 0.016745 1.062843 0.588884 0.756100 0.579262 1.918153 1.043499 1.484684 1.505982 1.959837 1.582283 1.391771 1.921513 1.279649 0.270301 1.704938 0.082774 0.565478 0.369378 0.358601 0.495832 1.980386 0.443023 0.378566 1.749249
2.000000 1.000000 0.000000 1.000000 0.236354 0.737717 1.832486 1.847160 1.701643 0.350240 1.781501 1.501709 1.043314 1.225998 1.977580 1.469912 1.415135 0.890094 1.624739 0.178239 0.983255 1.937157 1.588884 0.243900 1.579262 1.081847 0.043499 0.484684 1.494018 0.959837 1.417717 0.391771 1.078487 1.720351 1.270301 0.704938 1.082774 1.565478 0.630622 1.358601 0.504168 0.980386 1.443023 0.621434 0.749249
1.000000 2.000000 1.000000 0.000000 0.763646 1.737717 0.832486 1.152840 0.701643 1.350240 0.781501 1.498291 1.956686 0.225998 0.977580 0.469912 0.415135 1.890094 1.375261 0.821761 1.983255 0.937157 1.411116 1.243900 1.420738 0.081847 0.956501 0.515316 0.494018 0.040163 0.417717 0.608229 0.078487 0.720351 1.729699 0.295062 1.917226 1.434522 1.630622 1.641399 1.504168 0.019614 1.556977 1.621434 0.250751
1.763646 1.236354 0.236354 0.763646 0.000000 0.974071 1.596132 1.916486 1.465289 0.586594 1.545147 1.738063 1.279668 0.989644 1.741225 1.233558 1.178781 1.126448 1.861093 0.058116 1.219609 1.700802 1.825238 0.480254 1.815616 0.845493 0.192855 0.248330 1.257664 0.723483 1.181363 0.155416 0.842133 1.483997 1.506655 0.468584 1.319128 1.801832 0.866977 1.594955 0.740522 0.744032 1.679378 0.857788 0.512895
1.262283 0.262283 0.737717 1.737717 0.974071 0.000000 1.429797 1.109442 1.560640 0.387477 1.480782 0.763991 0.305597 1.963715 1.284703 1.792371 1.847148 0.152377 0.887022 0.915956 0.245538 1.325126 0.851167 0.493817 0.841545 1.819564 0.781216 1.222401 1.768265 1.697555 1.844566 1.129488 1.816204 1.541932 0.532584 1.442655 0.345057 0.827760 0.107095 0.620884 0.233549 1.718103 0.705306 0.116283 1.486966
0.167514 1.167514 1.832486 0.832486 1.596132 1.429797 0.000000 0.320355 0.130843 1.817274 0.050985 0.665806 1.124200 0.606488 0.145094 0.362573 0.417351 1.277420 0.542775 1.654247 1.184259 0.104671 0.578630 1.923615 0.588253 0.750639 1.788987 1.347802 0.338468 0.872648 0.414769 1.440715 0.753999 0.112135 0.897214 1.127548 1.084740 0.602037 1.536892 0.808913 1.663346 0.852100 0.724491 1.546080 1.083237
0.152840 0.847160 1.847160 1.152840 1.916486 1.109442 0.320355 0.000000 0.451197 1.496919 0.371340 0.345451 0.803846 0.926842 0.175261 0.682928 0.737705 0.957065 0.222421 1.974602 0.863905 0.215684 0.258276 1.603260 0.267898 1.070994 1.890659 1.668156 0.658822 1.193003 0.735123 1.761070 1.074353 0.432489 0.576859 1.447902 0.764385 0.281682 1.216537 0.488559 1.342992 1.172454 0.404136 1.225726 1.403591
0.298357 1.298357 1.701643 0.701643 1.465289 1.560640 0.130843 0.451197 0.000000 1.948117 0.079858 0.796649 1.255043 0.475645 0.275937 0.231731 0.286508 1.408263 0.673618 1.523404 1.315102 0.235514 0.709473 1.945543 0.719095 0.619796 1.658144 1.216959 0.207625 0.741805 0.283926 1.309872 0.623156 0.018708 1.028056 0.996705 1.215583 0.732879 1.667735 0.939756 1.794189 0.721257 0.855334 1.676923 0.952394
1.649760 0.649760 0.350240 1.350240 0.586594 0.387477 1.817274 1.496919 1.948117 0.000000 1.868259 1.151468 0.693074 1.576238 1.672180 1.820152 1.765375 0.539854 1.274499 0.528479 0.633015 1.712603 1.238644 0.106340 1.229022 1.432087 0.393739 0.834924 1.844258 1.310078 1.767957 0.742011 1.428727 1.929409 0.920061 1.055178 0.732534 1.215237 0.280382 1.008361 0.153928 1.330626 1.092783 0.271194 1.099489
0.218499 1.218499 1.781501 0.781501 1.545147 1.480782 0.050985 0.371340 0.079858 1.868259 0.000000 0.716791 1.175185 0.555503 0.196079 0.311589 0.366366 1.328405 0.593760 1.603262 1.235244 0.155656 0.629615 1.974599 0.639237 0.699654 1.738002 1.296817 0.287483 0.821663 0.363784 1.389730 0.703014 0.061150 0.948199 1.076563 1.135725 0.653022 1.587877 0.859898 1.714331 0.801115 0.775476 1.597065 1.032252
0.498291 0.501709 1.501709 1.498291 1.738063 0.763991 0.665806 0.345451 0.796649 1.151468 0.716791 0.000000 0.458394 1.272294 0.520712 1.028379 1.083156 0.611614 0.123031 1.679947 0.518454 0.561135 0.087176 1.257809 0.077553 1.416445 1.545207 1.986393 1.004274 1.538454 1.080575 1.893479 1.419805 0.777941 0.231408 1.793353 0.418934 0.063769 0.871086 0.143107 0.997540 1.517905 0.058685 0.880274 1.749043
0.956686 0.043314 1.043314 1.956686 1.279668 0.305597 1.124200 0.803846 1.255043 0.693074 1.175185 0.458394 0.000000 1.730688 0.979106 1.486774 1.541551 0.153220 0.581425 1.221553 0.060059 1.019529 0.545570 0.799414 0.535948 1.874839 1.086813 1.527998 1.462668 1.996848 1.538969 1.435085 1.878199 1.236335 0.226987 1.748252 0.039460 0.522163 0.412692 0.315287 0.539146 1.976300 0.399709 0.421880 1.792563
0.774002 1.774002 1.225998 0.225998 0.989644 1.963715 0.606488 0.926842 0.475645 1.576238 0.555503 1.272294 1.730688 0.000000 0.751582 0.243914 0.189137 1.883908 1.149263 1.047759 1.790747 0.711159 1.185118 1.469898 1.194740 0.144151 1.182499 0.741314 0.268020 0.266160 0.191719 0.834227 0.147511 0.494353 1.503701 0.521060 1.691228 1.208524 1.856620 1.415401 1.730166 0.245612 1.330979 1.847432 0.476749
0.022420 1.022420 1.977580 0.977580 1.741225 1.284703 0.145094 0.175261 0.275937 1.672180 0.196079 0.520712 0.979106 0.751582 0.000000 0.507667 0.562445 1.132326 0.397681 1.799341 1.039166 0.040423 0.433536 1.778521 0.443159 0.895733 1.934081 1.492895 0.483562 1.017742 0.559863 1.585809 0.899093 0.257229 0.752120 1.272642 0.939646 0.456943 1.391798 0.663819 1.518252 0.997194 0.579397 1.400986 1.228331
0.530088 1.530088 1.469912 0.469912 1.233558 1.792371 0.362573 0.682928 0.231731 1.820152 0.311589 1.028379 1.486774 0.243914 0.507667 0.000000 0.054777 1.639994 0.905349 1.291674 1.546833 0.467244 0.941204 1.713812 0.950826 0.388066 1.426413 0.985228 0.024106 0.510075 0.052195 1.078142 0.391425 0.250439 1.259787 0.764974 1.447313 0.964610 1.899465 1.171487 1.974080 0.489526 1.087064 1.908654 0.720663
0.584865 1.584865 1.415135 0.415135 1.178781 1.847148 0.417351 0.737705 0.286508 1.765375 0.366366 1.083156 1.541551 0.189137 0.562445 0.054777 0.000000 1.694771 0.960126 1.236897 1.601610 0.522022 0.995981 1.659035 1.005603 0.333288 1.371636 0.930451 0.078883 0.455298 0.002582 1.023365 0.336648 0.305216 1.314564 0.710197 1.502091 1.019387 1.954242 1.226264 1.919303 0.434749 1.141842 1.963431 0.665886
1.109906 0.109906 0.890094 1.890094 1.126448 0.152377 1.277420 0.957065 1.408263 0.539854 1.328405 0.611614 0.153220 1.883908 1.132326 1.639994 1.694771 0.000000 0.734645 1.068333 0.093161 1.172749 0.698790 0.646194 0.689168 1.971941 0.933593 1.374778 1.615888 1.849932 1.692189 1.281865 1.968581 1.389555 0.380207 1.595032 0.192680 0.675383 0.259472 0.468507 0.385926 1.870480 0.552929 0.268660 1.639343
0.375261 0.624739 1.624739 1.375261 1.861093 0.887022 0.542775 0.222421 0.673618 1.274499 0.593760 0.123031 0.581425 1.149263 0.397681 0.905349 0.960126 0.734645 0.000000 1.802978 0.641484 0.438104 0.035855 1.380839 0.045477 1.293414 1.668238 1.890577 0.881243 1.415423 0.957544 1.983490 1.296774 0.654910 0.354438 1.670323 0.541965 0.059261 0.994117 0.266138 1.120571 1.394875 0.181716 1.003305 1.626012
1.821761 1.178239 0.178239 0.821761 0.058116 0.915956 1.654247 1.974602 1.523404 0.528479 1.603262 1.679947 1.221553 1.047759 1.799341 1.291674 1.236897 1.068333 1.802978 0.000000 1.161493 1.758918 1.767123 0.422138 1.757500 0.903608 0.134740 0.306446 1.315779 0.781599 1.239478 0.213532 0.900248 1.542112 1.448539 0.526699 1.261013 1.743716 0.808861 1.536840 0.682407 0.802147 1.621262 0.799673 0.571010
1.016745 0.016745 0.983255 1.983255 1.219609 0.245538 1.184259 0.863905 1.315102 0.633015 1.235244 0.518454 0.060059 1.790747 1.039166 1.546833 1.601610 0.093161 0.641484 1.161493 0.000000 1.079589 0.605629 0.739355 0.596007 1.934898 1.026754 1.467939 1.522727 1.943092 1.599028 1.375025 1.938258 1.296394 0.287046 1.688193 0.099519 0.582223 0.352632 0.375346 0.479087 1.963641 0.459769 0.361821 1.732504
0.062843 1.062843 1.937157 0.937157 1.700802 1.325126 0.104671 0.215684 0.235514 1.712603 0.155656 0.561135 1.019529 0.711159 0.040423 0.467244 0.522022 1.172749 0.438104 1.758918 1.079589 0.000000 0.473959 1.818944 0.483582 0.855310 1.893658 1.452472 0.443139 0.977319 0.519440 1.545386 0.858670 0.216806 0.792543 1.232219 0.980069 0.497366 1.432221 0.704242 1.558675 0.956771 0.619820 1.441409 1.187908
0.411116 0.588884 1.588884 1.411116 1.825238 0.851167 0.578630 0.258276 0.709473 1.238644 0.629615 0.087176 0.545570 1.185118 0.433536 0.941204 0.995981 0.698790 0.035855 1.767123 0.605629 0.473959 0.000000 1.344984 0.009622 1.329269 1.632383 1.926432 0.917098 1.451278 0.993399 1.980655 1.332629 0.690765 0.318583 1.706178 0.506110 0.023407 0.958262 0.230283 1.084716 1.430730 0.145861 0.967450 1.661867
1.756100 0.756100 0.243900 1.243900 0.480254 0.493817 1.923615 1.603260 1.945543 0.106340 1.974599 1.257809 0.799414 1.469898 1.778521 1.713812 1.659035 0.646194 1.380839 0.422138 0.739355 1.818944 1.344984 0.000000 1.335362 1.325746 0.287399 0.728584 1.737918 1.203737 1.661617 0.635670 1.322387 1.964251 1.026401 0.948838 0.838875 1.321578 0.386723 1.114701 0.260268 1.224286 1.199124 0.377534 0.993149
0.420738 0.579262 1.579262 1.420738 1.815616 0.841545 0.588253 0.267898 0.719095 1.229022 0.639237 0.077553 0.535948 1.194740 0.443159 0.950826 1.005603 0.689168 0.045477 1.757500 0.596007 0.483582 0.009622 1.335362 0.000000 1.338891 1.622761 1.936054 0.926720 1.460901 1.003021 1.971032 1.342251 0.700387 0.308961 1.715800 0.496487 0.013784 0.948639 0.220661 1.075094 1.440352 0.136238 0.957828 1.671489
0.918153 1.918153 1.081847 0.081847 0.845493 1.819564 0.750639 1.070994 0.619796 1.432087 0.699654 1.416445 1.874839 0.144151 0.895733 0.388066 0.333288 1.971941 1.293414 0.903608 1.934898 0.855310 1.329269 1.325746 1.338891 0.000000 1.038348 0.597163 0.412171 0.122009 0.335870 0.690076 0.003360 0.638504 1.647853 0.376909 1.835379 1.352676 1.712469 1.559552 1.586015 0.101461 1.475130 1.703281 0.332598
1.956501 1.043499 0.043499 0.956501 0.192855 0.781216 1.788987 1.890659 1.658144 0.393739 1.738002 1.545207 1.086813 1.182499 1.934081 1.426413 1.371636 0.933593 1.668238 0.134740 1.026754 1.893658 1.632383 0.287399 1.622761 1.038348 0.000000 0.441185 1.450519 0.916339 1.374218 0.348272 1.034988 1.676852 1.313800 0.661439 1.126273 1.608977 0.674121 1.402100 0.547667 0.936887 1.486522 0.664933 0.705750
1.515316 1.484684 0.484684 0.515316 0.248330 1.222401 1.347802 1.668156 1.216959 0.834924 1.296817 1.986393 1.527998 0.741314 1.492895 0.985228 0.930451 1.374778 1.890577 0.306446 1.467939 1.452472 1.926432 0.728584 1.936054 0.597163 0.441185 0.000000 1.009334 0.475153 0.933033 0.092914 0.593803 1.235667 1.754985 0.220254 1.567458 1.949838 1.115307 1.843285 0.988852 0.495702 1.927708 1.106118 0.264565
0.505982 1.505982 1.494018 0.494018 1.257664 1.768265 0.338468 0.658822 0.207625 1.844258 0.287483 1.004274 1.462668 0.268020 0.483562 0.024106 0.078883 1.615888 0.881243 1.315779 1.522727 0.443139 0.917098 1.737918 0.926720 0.412171 1.450519 1.009334 0.000000 0.534180 0.076301 1.102247 0.415531 0.226333 1.235681 0.789080 1.423208 0.940504 1.875360 1.147381 1.998186 0.513632 1.062959 1.884548 0.744769
1.040163 1.959837 0.959837 0.040163 0.723483 1.697555 0.872648 1.193003 0.741805 1.310078 0.821663 1.538454 1.996848 0.266160 1.017742 0.510075 0.455298 1.849932 1.415423 0.781599 1.943092 0.977319 1.451278 1.203737 1.460901 0.122009 0.916339 0.475153 0.534180 0.000000 0.457879 0.568067 0.118649 0.760513 1.769862 0.254899 1.957388 1.474685 1.590460 1.681562 1.464006 0.020549 1.597139 1.581272 0.210589
0.582283 1.582283 1.417717 0.417717 1.181363 1.844566 0.414769 0.735123 0.283926 1.767957 0.363784 1.080575 1.538969 0.191719 0.559863 0.052195 0.002582 1.692189 0.957544 1.239478 1.599028 0.519440 0.993399 1.661617 1.003021 0.335870 1.374218 0.933033 0.076301 0.457879 0.000000 1.025946 0.339230 0.302634 1.311982 0.712779 1.499509 1.016805 1.951661 1.223682 1.921885 0.437331 1.139260 1.960849 0.668468
1.608229 1.391771 0.391771 0.608229 0.155416 1.129488 1.440715 1.761070 1.309872 0.742011 1.389730 1.893479 1.435085 0.834227 1.585809 1.078142 1.023365 1.281865 1.983490 0.213532 1.375025 1.545386 1.980655 0.635670 1.971032 0.690076 0.348272 0.092914 1.102247 0.568067 1.025946 0.000000 0.686716 1.328580 1.662071 0.313167 1.474545 1.957248 1.022393 1.750372 0.895939 0.588615 1.834794 1.013205 0.357478
0.921513 1.921513 1.078487 0.078487 0.842133 1.816204 0.753999 1.074353 0.623156 1.428727 0.703014 1.419805 1.878199 0.147511 0.899093 0.391425 0.336648 1.968581 1.296774 0.900248 1.938258 0.858670 1.332629 1.322387 1.342251 0.003360 1.034988 0.593803 0.415531 0.118649 0.339230 0.686716 0.000000 0.641864 1.651212 0.373549 1.838739 1.356036 1.709109 1.562912 1.582655 0.098101 1.478490 1.699921 0.329238
0.279649 1.279649 1.720351 0.720351 1.483997 1.541932 0.112135 0.432489 0.018708 1.929409 0.061150 0.777941 1.236335 0.494353 0.257229 0.250439 0.305216 1.389555 0.654910 1.542112 1.296394 0.216806 0.690765 1.964251 0.700387 0.638504 1.676852 1.235667 0.226333 0.760513 0.302634 1.328580 0.641864 0.000000 1.009348 1.015413 1.196875 0.714172 1.649027 0.921048 1.775481 0.739965 0.836626 1.658215 0.971102
0.729699 0.270301 1.270301 1.729699 1.506655 0.532584 0.897214 0.576859 1.028056 0.920061 0.948199 0.231408 0.226987 1.503701 0.752120 1.259787 1.314564 0.380207 0.354438 1.448539 0.287046 0.792543 0.318583 1.026401 0.308961 1.647853 1.313800 1.754985 1.235681 1.769862 1.311982 1.662071 1.651212 1.009348 0.000000 1.975239 0.187526 0.295177 0.639678 0.088300 0.766133 1.749313 0.172723 0.648867 1.980450
1.295062 1.704938 0.704938 0.295062 0.468584 1.442655 1.127548 1.447902 0.996705 1.055178 1.076563 1.793353 1.748252 0.521060 1.272642 0.764974 0.710197 1.595032 1.670323 0.526699 1.688193 1.232219 1.706178 0.948838 1.715800 0.376909 0.661439 0.220254 0.789080 0.254899 0.712779 0.313167 0.373549 1.015413 1.975239 0.000000 1.787712 1.729584 1.335560 1.936461 1.209106 0.275448 1.852039 1.326372 0.044311
0.917226 0.082774 1.082774 1.917226 1.319128 0.345057 1.084740 0.764385 1.215583 0.732534 1.135725 0.418934 0.039460 1.691228 0.939646 1.447313 1.502091 0.192680 0.541965 1.261013 0.099519 0.980069 0.506110 0.838875 0.496487 1.835379 1.126273 1.567458 1.423208 1.957388 1.499509 1.474545 1.838739 1.196875 0.187526 1.787712 0.000000 0.482703 0.452152 0.275827 0.578606 1.936840 0.360249 0.461340 1.832023
0.434522 0.565478 1.565478 1.434522 1.801832 0.827760 0.602037 0.281682 0.732879 1.215237 0.653022 0.063769 0.522163 1.208524 0.456943 0.964610 1.019387 0.675383 0.059261 1.743716 0.582223 0.497366 0.023407 1.321578 0.013784 1.352676 1.608977 1.949838 0.940504 1.474685 1.016805 1.957248 1.356036 0.714172 0.295177 1.729584 0.482703 0.000000 0.934855 0.206877 1.061310 1.454136 0.122454 0.944044 1.685273
1.369378 0.369378 0.630622 1.630622 0.866977 0.107095 1.536892 1.216537 1.667735 0.280382 1.587877 0.871086 0.412692 1.856620 1.391798 1.899465 1.954242 0.259472 0.994117 0.808861 0.352632 1.432221 0.958262 0.386723 0.948639 1.712469 0.674121 1.115307 1.875360 1.590460 1.951661 1.022393 1.709109 1.649027 0.639678 1.335560 0.452152 0.934855 0.000000 0.727979 0.126454 1.611008 0.812401 0.009188 1.379871
0.641399 0.358601 1.358601 1.641399 1.594955 0.620884 0.808913 0.488559 0.939756 1.008361 0.859898 0.143107 0.315287 1.415401 0.663819 1.171487 1.226264 0.468507 0.266138 1.536840 0.375346 0.704242 0.230283 1.114701 0.220661 1.559552 1.402100 1.843285 1.147381 1.681562 1.223682 1.750372 1.562912 0.921048 0.088300 1.936461 0.275827 0.206877 0.727979 0.000000 0.854433 1.661013 0.084422 0.737167 1.892150
1.495832 0.495832 0.504168 1.504168 0.740522 0.233549 1.663346 1.342992 1.794189 0.153928 1.714331 0.997540 0.539146 1.730166 1.518252 1.974080 1.919303 0.385926 1.120571 0.682407 0.479087 1.558675 1.084716 0.260268 1.075094 1.586015 0.547667 0.988852 1.998186 1.464006 1.921885 0.895939 1.582655 1.775481 0.766133 1.209106 0.578606 1.061310 0.126454 0.854433 0.000000 1.484554 0.938855 0.117266 1.253417
1.019614 1.980386 0.980386 0.019614 0.744032 1.718103 0.852100 1.172454 0.721257 1.330626 0.801115 1.517905 1.976300 0.245612 0.997194 0.489526 0.434749 1.870480 1.394875 0.802147 1.963641 0.956771 1.430730 1.224286 1.440352 0.101461 0.936887 0.495702 0.513632 0.020549 0.437331 0.588615 0.098101 0.739965 1.749313 0.275448 1.936840 1.454136 1.611008 1.661013 1.484554 0.000000 1.576591 1.601820 0.231137
0.556977 0.443023 1.443023 1.556977 1.679378 0.705306 0.724491 0.404136 0.855334 1.092783 0.775476 0.058685 0.399709 1.330979 0.579397 1.087064 1.141842 0.552929 0.181716 1.621262 0.459769 0.619820 0.145861 1.199124 0.136238 1.475130 1.486522 1.927708 1.062959 1.597139 1.139260 1.834794 1.478490 0.836626 0.172723 1.852039 0.360249 0.122454 0.812401 0.084422 0.938855 1.576591 0.000000 0.821589 1.807728
1.378566 0.378566 0.621434 1.621434 0.857788 0.116283 1.546080 1.225726 1.676923 0.271194 1.597065 0.880274 0.421880 1.847432 1.400986 1.908654 1.963431 0.268660 1.003305 0.799673 0.361821 1.441409 0.967450 0.377534 0.957828 1.703281 0.664933 1.106118 1.884548 1.581272 1.960849 1.013205 1.699921 1.658215 0.648867 1.326372 0.461340 0.944044 0.009188 0.737167 0.117266 1.601820 0.821589 0.000000 1.370683
1.250751 1.749249 0.749249 0.250751 0.512895 1.486966 1.083237 1.403591 0.952394 1.099489 1.032252 1.749043 1.792563 0.476749 1.228331 0.720663 0.665886 1.639343 1.626012 0.571010 1.732504 1.187908 1.661867 0.993149 1.671489 0.332598 0.705750 0.264565 0.744769 0.210589 0.668468 0.357478 0.329238 0.971102 1.980450 0.044311 1.832023 1.685273 1.379871 1.892150 1.253417 0.231137 1.807728 1.370683 0.000000
