20
0.000000 1.000000 2.000000 1.000000 1.065882 1.391616 1.974551 1.654736 0.653274 0.959835 1.438572 1.716287 0.479196 1.259426 1.188709 0.837161 1.161510 1.745912 1.266949 1.764780
1.000000 0.000000 1.000000 2.000000 1.934118 0.391616 0.974551 1.345264 0.346726 0.040165 0.438572 0.716287 0.520804 1.740574 0.188709 0.162839 1.838490 0.745912 1.733051 0.764780
2.000000 1.000000 0.000000 1.000000 0.934118 0.608384 0.025449 0.345264 1.346726 1.040165 0.561428 0.283713 1.520804 0.740574 0.811291 1.162839 0.838490 0.254088 0.733051 0.235220
1.000000 2.000000 1.000000 0.000000 0.065882 1.608384 1.025449 0.654736 1.653274 1.959835 1.561428 1.283713 1.479196 0.259426 1.811291 1.837161 0.161510 1.254088 0.266949 1.235220
1.065882 1.934118 0.934118 0.065882 0.000000 1.542502 0.959567 0.588854 1.719156 1.974283 1.495546 1.217831 1.545078 0.193544 1.745410 1.903043 0.095628 1.188206 0.201067 1.169338
1.391616 0.391616 0.608384 1.608384 1.542502 0.000000 0.582935 0.953648 0.738342 0.431781 0.046956 0.324671 0.912420 1.348958 0.202908 0.554455 1.446874 0.354296 1.341435 0.373164
1.974551 0.974551 0.025449 1.025449 0.959567 0.582935 0.000000 0.370713 1.321277 1.014716 0.535978 0.258263 1.495355 0.766023 0.785842 1.137389 0.863939 0.228638 0.758500 0.209770
1.654736 1.345264 0.345264 0.654736 0.588854 0.953648 0.370713 0.000000 1.691990 1.385429 0.906692 0.628977 1.866069 0.395310 1.156556 1.508103 0.493226 0.599352 0.387787 0.580484
0.653274 0.346726 1.346726 1.653274 1.719156 0.738342 1.321277 1.691990 0.000000 0.306561 0.785298 1.063013 0.174078 1.912700 0.535434 0.183887 1.814784 1.092638 1.920223 1.111506
0.959835 0.040165 1.040165 1.959835 1.974283 0.431781 1.014716 1.385429 0.306561 0.000000 0.478737 0.756452 0.480640 1.780739 0.228873 0.122674 1.878655 0.786077 1.773216 0.804945
1.438572 0.438572 0.561428 1.561428 1.495546 0.046956 0.535978 0.906692 0.785298 0.478737 0.000000 0.277715 0.959377 1.302002 0.249864 0.601411 1.399918 0.307340 1.294479 0.326208
1.716287 0.716287 0.283713 1.283713 1.217831 0.324671 0.258263 0.628977 1.063013 0.756452 0.277715 0.000000 1.237092 1.024287 0.527579 0.879126 1.122203 0.029625 1.016764 0.048493
0.479196 0.520804 1.520804 1.479196 1.545078 0.912420 1.495355 1.866069 0.174078 0.480640 0.959377 1.237092 0.000000 1.738621 0.709513 0.357966 1.640706 1.266717 1.746145 1.285585
1.259426 1.740574 0.740574 0.259426 0.193544 1.348958 0.766023 0.395310 1.912700 1.780739 1.302002 1.024287 1.738621 0.000000 1.551866 1.903413 0.097916 0.994662 0.007523 0.975794
1.188709 0.188709 0.811291 1.811291 1.745410 0.202908 0.785842 1.156556 0.535434 0.228873 0.249864 0.527579 0.709513 1.551866 0.000000 0.351547 1.649782 0.557204 1.544342 0.576072
0.837161 0.162839 1.162839 1.837161 1.903043 0.554455 1.137389 1.508103 0.183887 0.122674 0.601411 0.879126 0.357966 1.903413 0.351547 0.000000 1.998671 0.908751 1.895890 0.927619
1.161510 1.838490 0.838490 0.161510 0.095628 1.446874 0.863939 0.493226 1.814784 1.878655 1.399918 1.122203 1.640706 0.097916 1.649782 1.998671 0.000000 1.092578 0.105439 1.073710
1.745912 0.745912 0.254088 1.254088 1.188206 0.354296 0.228638 0.599352 1.092638 0.786077 0.307340 0.029625 1.266717 0.994662 0.557204 0.908751 1.092578 0.000000 0.987139 0.018868
1.266949 1.733051 0.733051 0.266949 0.201067 1.341435 0.758500 0.387787 1.920223 1.773216 1.294479 1.016764 1.746145 0.007523 1.544342 1.895890 0.105439 0.987139 0.000000 0.968271
1.764780 0.764780 0.235220 1.235220 1.169338 0.373164 0.209770 0.580484 1.111506 0.804945 0.326208 0.048493 1.285585 0.975794 0.576072 0.927619 1.073710 0.018868 0.968271 0.000000
