15
0.000000 1.000000 2.000000 1.000000 1.901548 1.715088 0.286531 1.974932 0.971842 1.134481 0.954244 1.415615 0.091500 0.522065 0.895359
1.000000 0.000000 1.000000 2.000000 1.098452 0.715088 1.286531 1.025068 1.971842 1.865519 0.045756 1.584385 0.908500 1.522065 1.895359
2.000000 1.000000 0.000000 1.000000 0.098452 0.284912 1.713469 0.025068 1.028158 0.865519 1.045756 0.584385 1.908500 1.477935 1.104641
1.000000 2.000000 1.000000 0.000000 0.901548 1.284912 0.713469 0.974932 0.028158 0.134481 1.954244 0.415615 1.091500 0.477935 0.104641
1.901548 1.098452 0.098452 0.901548 0.000000 0.383364 1.615018 0.073384 0.929706 0.767067 1.144208 0.485933 1.993048 1.379483 1.006189
1.715088 0.715088 0.284912 1.284912 0.383364 0.000000 1.998381 0.309980 1.313070 1.150431 0.760844 0.869297 1.623588 1.762847 1.389553
0.286531 1.286531 1.713469 0.713469 1.615018 1.998381 0.000000 1.688402 0.685312 0.847951 1.240774 1.129084 0.378030 0.235534 0.608829
1.974932 1.025068 0.025068 0.974932 0.073384 0.309980 1.688402 0.000000 1.003090 0.840451 1.070824 0.559318 1.933568 1.452867 1.079573
0.971842 1.971842 1.028158 0.028158 0.929706 1.313070 0.685312 1.003090 0.000000 0.162639 1.926086 0.443773 1.063342 0.449777 0.076483
1.134481 1.865519 0.865519 0.134481 0.767067 1.150431 0.847951 0.840451 0.162639 0.000000 1.911275 0.281134 1.225981 0.612416 0.239122
0.954244 0.045756 1.045756 1.954244 1.144208 0.760844 1.240774 1.070824 1.926086 1.911275 0.000000 1.630141 0.862744 1.476309 1.849603
1.415615 1.584385 0.584385 0.415615 0.485933 0.869297 1.129084 0.559318 0.443773 0.281134 1.630141 0.000000 1.507115 0.893550 0.520255
0.091500 0.908500 1.908500 1.091500 1.993048 1.623588 0.378030 1.933568 1.063342 1.225981 0.862744 1.507115 0.000000 0.613565 0.986859
0.522065 1.522065 1.477935 0.477935 1.379483 1.762847 0.235534 1.452867 0.449777 0.612416 1.476309 0.893550 0.613565 0.000000 0.373294
0.895359 1.895359 1.104641 0.104641 1.006189 1.389553 0.608829 1.079573 0.076483 0.239122 1.849603 0.520255 0.986859 0.373294 0.000000
