25
0.000000 1.000000 2.000000 1.000000 1.054352 0.004022 0.430603 1.898356 0.133250 0.533290 0.839474 0.247617 0.394570 0.076601 0.511814 1.345280 1.395605 1.282304 0.384114 0.865962 0.112040 1.647306 1.163082 1.220960 0.615971
1.000000 0.000000 1.000000 2.000000 0.054352 0.995978 0.569397 0.898356 0.866750 0.466710 0.160526 0.752383 0.605430 0.923399 0.488186 0.345280 1.604395 0.282304 0.615886 1.865962 0.887960 0.647306 0.163082 1.779040 0.384029
2.000000 1.000000 0.000000 1.000000 0.945648 1.995978 1.569397 0.101644 1.866750 1.466710 1.160526 1.752383 1.605430 1.923399 1.488186 0.654720 0.604395 0.717696 1.615886 1.134038 1.887960 0.352694 0.836918 0.779040 1.384029
1.000000 2.000000 1.000000 0.000000 1.945648 1.004022 1.430603 1.101644 1.133250 1.533290 1.839474 1.247617 1.394570 1.076601 1.511814 1.654720 0.395605 1.717696 1.384114 0.134038 1.112040 1.352694 1.836918 0.220960 1.615971
1.054352 0.054352 0.945648 1.945648 0.000000 1.050330 0.623749 0.844004 0.921102 0.521062 0.214879 0.806736 0.659782 0.977752 0.542538 0.290927 1.550042 0.227951 0.670239 1.920314 0.942312 0.592954 0.108730 1.724687 0.438381
0.004022 0.995978 1.995978 1.004022 1.050330 0.000000 0.426581 1.894334 0.129228 0.529268 0.835452 0.243594 0.390548 0.072578 0.507792 1.341257 1.399627 1.278281 0.380092 0.869984 0.108018 1.643284 1.159060 1.224982 0.611949
0.430603 0.569397 1.569397 1.430603 0.623749 0.426581 0.000000 1.467753 0.297352 0.102688 0.408871 0.182986 0.036033 0.354002 0.081211 0.914677 1.826208 0.851701 0.046489 1.296565 0.318563 1.216703 0.732480 1.651563 0.185368
1.898356 0.898356 0.101644 1.101644 0.844004 1.894334 1.467753 0.000000 1.765106 1.365066 1.058883 1.650740 1.503786 1.821756 1.386542 0.553077 0.706038 0.616053 1.514242 1.235682 1.786316 0.251050 0.735274 0.880683 1.282385
0.133250 0.866750 1.866750 1.133250 0.921102 0.129228 0.297352 1.765106 0.000000 0.400040 0.706223 0.114366 0.261320 0.056650 0.378564 1.212029 1.528856 1.149053 0.250863 0.999212 0.021211 1.514056 1.029832 1.354211 0.482721
0.533290 0.466710 1.466710 1.533290 0.521062 0.529268 0.102688 1.365066 0.400040 0.000000 0.306183 0.285674 0.138720 0.456690 0.021476 0.811989 1.928896 0.749013 0.149177 1.399252 0.421251 1.114016 0.629792 1.754251 0.082681
0.839474 0.160526 1.160526 1.839474 0.214879 0.835452 0.408871 1.058883 0.706223 0.306183 0.000000 0.591857 0.444904 0.762873 0.327660 0.505806 1.764921 0.442830 0.455360 1.705436 0.727434 0.807832 0.323609 1.939566 0.223503
0.247617 0.752383 1.752383 1.247617 0.806736 0.243594 0.182986 1.650740 0.114366 0.285674 0.591857 0.000000 0.146953 0.171016 0.264197 1.097663 1.643222 1.034687 0.136497 1.113579 0.135577 1.399689 0.915466 1.468577 0.368355
0.394570 0.605430 1.605430 1.394570 0.659782 0.390548 0.036033 1.503786 0.261320 0.138720 0.444904 0.146953 0.000000 0.317969 0.117244 0.950710 1.790175 0.887734 0.010456 1.260532 0.282530 1.252736 0.768512 1.615530 0.221401
0.076601 0.923399 1.923399 1.076601 0.977752 0.072578 0.354002 1.821756 0.056650 0.456690 0.762873 0.171016 0.317969 0.000000 0.435214 1.268679 1.472206 1.205703 0.307513 0.942562 0.035439 1.570706 1.086482 1.297561 0.539371
0.511814 0.488186 1.488186 1.511814 0.542538 0.507792 0.081211 1.386542 0.378564 0.021476 0.327660 0.264197 0.117244 0.435214 0.000000 0.833465 1.907419 0.770490 0.127700 1.377776 0.399774 1.135492 0.651268 1.732774 0.104157
1.345280 0.345280 0.654720 1.654720 0.290927 1.341257 0.914677 0.553077 1.212029 0.811989 0.505806 1.097663 0.950710 1.268679 0.833465 0.000000 1.259115 0.062976 0.961166 1.788759 1.233240 0.302027 0.182197 1.433760 0.729308
1.395605 1.604395 0.604395 0.395605 1.550042 1.399627 1.826208 0.706038 1.528856 1.928896 1.764921 1.643222 1.790175 1.472206 1.907419 1.259115 0.000000 1.322091 1.779719 0.529643 1.507645 0.957089 1.441312 0.174645 1.988424
1.282304 0.282304 0.717696 1.717696 0.227951 1.278281 0.851701 0.616053 1.149053 0.749013 0.442830 1.034687 0.887734 1.205703 0.770490 0.062976 1.322091 0.000000 0.898190 1.851734 1.170264 0.365002 0.119221 1.496736 0.666332
0.384114 0.615886 1.615886 1.384114 0.670239 0.380092 0.046489 1.514242 0.250863 0.149177 0.455360 0.136497 0.010456 0.307513 0.127700 0.961166 1.779719 0.898190 0.000000 1.250076 0.272074 1.263192 0.778969 1.605074 0.231857
0.865962 1.865962 1.134038 0.134038 1.920314 0.869984 1.296565 1.235682 0.999212 1.399252 1.705436 1.113579 1.260532 0.942562 1.377776 1.788759 0.529643 1.851734 1.250076 0.000000 0.978002 1.486732 1.970956 0.354998 1.481933
0.112040 0.887960 1.887960 1.112040 0.942312 0.108018 0.318563 1.786316 0.021211 0.421251 0.727434 0.135577 0.282530 0.035439 0.399774 1.233240 1.507645 1.170264 0.272074 0.978002 0.000000 1.535266 1.051043 1.333000 0.503931
1.647306 0.647306 0.352694 1.352694 0.592954 1.643284 1.216703 0.251050 1.514056 1.114016 0.807832 1.399689 1.252736 1.570706 1.135492 0.302027 0.957089 0.365002 1.263192 1.486732 1.535266 0.000000 0.484224 1.131734 1.031335
1.163082 0.163082 0.836918 1.836918 0.108730 1.159060 0.732480 0.735274 1.029832 0.629792 0.323609 0.915466 0.768512 1.086482 0.651268 0.182197 1.441312 0.119221 0.778969 1.970956 1.051043 0.484224 0.000000 1.615957 0.547111
1.220960 1.779040 0.779040 0.220960 1.724687 1.224982 1.651563 0.880683 1.354211 1.754251 1.939566 1.468577 1.615530 1.297561 1.732774 1.433760 0.174645 1.496736 1.605074 0.354998 1.333000 1.131734 1.615957 0.000000 1.836931
0.615971 0.384029 1.384029 1.615971 0.438381 0.611949 0.185368 1.282385 0.482721 0.082681 0.223503 0.368355 0.221401 0.539371 0.104157 0.729308 1.988424 0.666332 0.231857 1.481933 0.503931 1.031335 0.547111 1.836931 0.000000
