25
0.000000 1.000000 2.000000 1.000000 1.495393 0.953488 0.416576 1.423015 0.266625 1.530659 0.853553 1.367121 0.317502 0.383737 0.105303 1.300715 1.469605 0.801691 1.895884 1.218155 0.805146 0.387058 0.719688 0.311331 1.191832
1.000000 0.000000 1.000000 2.000000 1.504607 1.953488 0.583424 0.423015 0.733375 0.530659 1.853553 0.367121 1.317502 1.383737 0.894697 1.699285 0.469605 1.801691 1.104116 1.781845 1.805146 1.387058 1.719688 1.311331 0.191832
2.000000 1.000000 0.000000 1.000000 0.504607 1.046512 1.583424 0.576985 1.733375 0.469341 1.146447 0.632879 1.682498 1.616263 1.894697 0.699285 0.530395 1.198309 0.104116 0.781845 1.194854 1.612942 1.280312 1.688669 0.808168
1.000000 2.000000 1.000000 0.000000 0.495393 0.046512 1.416576 1.576985 1.266625 1.469341 0.146447 1.632879 0.682498 0.616263 1.105303 0.300715 1.530395 0.198309 0.895884 0.218155 0.194854 0.612942 0.280312 0.688669 1.808168
1.495393 1.504607 0.504607 0.495393 0.000000 0.541905 1.911969 1.081592 1.762018 0.973948 0.641840 1.137486 1.177891 1.111656 1.600696 0.194678 1.035002 0.693702 0.400491 0.277238 0.690247 1.108335 0.775705 1.184062 1.312775
0.953488 1.953488 1.046512 0.046512 0.541905 0.000000 1.370063 1.623498 1.220112 1.515853 0.099935 1.679391 0.635985 0.569751 1.058791 0.347228 1.576908 0.151797 0.942396 0.264668 0.148341 0.566429 0.233800 0.642156 1.854680
0.416576 0.583424 1.583424 1.416576 1.911969 1.370063 0.000000 1.006439 0.149951 1.114083 1.270128 0.950546 0.734078 0.800313 0.311273 1.717291 1.053029 1.218267 1.687541 1.634731 1.221722 0.803634 1.136264 0.727907 0.775257
1.423015 0.423015 0.576985 1.576985 1.081592 1.623498 1.006439 0.000000 1.156390 0.107644 1.723433 0.055893 1.740517 1.806752 1.317712 1.276270 0.046590 1.775295 0.681102 1.358830 1.771839 1.810073 1.857298 1.734346 0.231182
0.266625 0.733375 1.733375 1.266625 1.762018 1.220112 0.149951 1.156390 0.000000 1.264035 1.120177 1.100497 0.584127 0.650362 0.161321 1.567340 1.202980 1.068315 1.837492 1.484780 1.071771 0.653683 0.986312 0.577956 0.925208
1.530659 0.530659 0.469341 1.469341 0.973948 1.515853 1.114083 0.107644 1.264035 0.000000 1.615788 0.163538 1.848162 1.914396 1.425356 1.168625 0.061054 1.667650 0.573457 1.251186 1.664195 1.917718 1.749653 1.841990 0.338827
0.853553 1.853553 1.146447 0.146447 0.641840 0.099935 1.270128 1.723433 1.120177 1.615788 0.000000 1.779326 0.536050 0.469815 0.958856 0.447163 1.676843 0.051862 1.042331 0.364603 0.048406 0.466494 0.133865 0.542221 1.954615
1.367121 0.367121 0.632879 1.632879 1.137486 1.679391 0.950546 0.055893 1.100497 0.163538 1.779326 0.000000 1.684624 1.750858 1.261818 1.332163 0.102483 1.831188 0.736995 1.414723 1.827732 1.754180 1.913191 1.678453 0.175289
0.317502 1.317502 1.682498 0.682498 1.177891 0.635985 0.734078 1.740517 0.584127 1.848162 0.536050 1.684624 0.000000 0.066235 0.422806 0.983213 1.787107 0.484188 1.578381 0.900653 0.487644 0.069556 0.402185 0.006171 1.509335
0.383737 1.383737 1.616263 0.616263 1.111656 0.569751 0.800313 1.806752 0.650362 1.914396 0.469815 1.750858 0.066235 0.000000 0.489040 0.916978 1.853342 0.417954 1.512147 0.834418 0.421409 0.003321 0.335951 0.072406 1.575570
0.105303 0.894697 1.894697 1.105303 1.600696 1.058791 0.311273 1.317712 0.161321 1.425356 0.958856 1.261818 0.422806 0.489040 0.000000 1.406019 1.364302 0.906994 1.998813 1.323459 0.910449 0.492362 0.824991 0.416634 1.086529
1.300715 1.699285 0.699285 0.300715 0.194678 0.347228 1.717291 1.276270 1.567340 1.168625 0.447163 1.332163 0.983213 0.916978 1.406019 0.000000 1.229680 0.499025 0.595168 0.082560 0.495569 0.913657 0.581028 0.989384 1.507452
1.469605 0.469605 0.530395 1.530395 1.035002 1.576908 1.053029 0.046590 1.202980 0.061054 1.676843 0.102483 1.787107 1.853342 1.364302 1.229680 0.000000 1.728705 0.634512 1.312240 1.725249 1.856663 1.810708 1.780936 0.277772
0.801691 1.801691 1.198309 0.198309 0.693702 0.151797 1.218267 1.775295 1.068315 1.667650 0.051862 1.831188 0.484188 0.417954 0.906994 0.499025 1.728705 0.000000 1.094193 0.416465 0.003456 0.414632 0.082003 0.490359 1.993523
1.895884 1.104116 0.104116 0.895884 0.400491 0.942396 1.687541 0.681102 1.837492 0.573457 1.042331 0.736995 1.578381 1.512147 1.998813 0.595168 0.634512 1.094193 0.000000 0.677728 1.090737 1.508825 1.176196 1.584552 0.912284
1.218155 1.781845 0.781845 0.218155 0.277238 0.264668 1.634731 1.358830 1.484780 1.251186 0.364603 1.414723 0.900653 0.834418 1.323459 0.082560 1.312240 0.416465 0.677728 0.000000 0.413009 0.831097 0.498468 0.906824 1.590012
0.805146 1.805146 1.194854 0.194854 0.690247 0.148341 1.221722 1.771839 1.071771 1.664195 0.048406 1.827732 0.487644 0.421409 0.910449 0.495569 1.725249 0.003456 1.090737 0.413009 0.000000 0.418088 0.085459 0.493815 1.996979
0.387058 1.387058 1.612942 0.612942 1.108335 0.566429 0.803634 1.810073 0.653683 1.917718 0.466494 1.754180 0.069556 0.003321 0.492362 0.913657 1.856663 0.414632 1.508825 0.831097 0.418088 0.000000 0.332629 0.075727 1.578891
0.719688 1.719688 1.280312 0.280312 0.775705 0.233800 1.136264 1.857298 0.986312 1.749653 0.133865 1.913191 0.402185 0.335951 0.824991 0.581028 1.810708 0.082003 1.176196 0.498468 0.085459 0.332629 0.000000 0.408356 1.911520
0.311331 1.311331 1.688669 0.688669 1.184062 0.642156 0.727907 1.734346 0.577956 1.841990 0.542221 1.678453 0.006171 0.072406 0.416634 0.989384 1.780936 0.490359 1.584552 0.906824 0.493815 0.075727 0.408356 0.000000 1.503164
1.191832 0.191832 0.808168 1.808168 1.312775 1.854680 0.775257 0.231182 0.925208 0.338827 1.954615 0.175289 1.509335 1.575570 1.086529 1.507452 0.277772 1.993523 0.912284 1.590012 1.996979 1.578891 1.911520 1.503164 0.000000
