45
0.000000 1.000000 2.000000 1.000000 0.676252 0.783226 1.309814 1.930031 0.271037 1.360433 0.638047 0.450974 0.288670 0.126155 1.169456 0.773462 1.626574 0.473922 0.114929 0.563177 1.513005 1.793161 1.169136 1.305189 1.839573 0.043792 1.466124 1.531972 1.562716 1.199630 1.474551 1.614110 1.161777 0.229248 1.044097 0.838071 0.503776 0.800002 0.104216 1.646446 1.365520 0.222026 0.032381 0.173983 0.885578
1.000000 0.000000 1.000000 2.000000 0.323748 0.216774 1.690186 0.930031 1.271037 1.639567 0.361953 0.549026 0.711330 1.126155 1.830544 1.773462 1.373426 1.473922 1.114929 1.563177 0.513005 1.206839 0.169136 0.305189 0.839573 0.956208 0.466124 1.468028 0.562716 0.199630 1.525449 1.385890 1.838223 0.770752 0.044097 1.838071 1.503776 0.199998 1.104216 1.353554 1.634480 0.777974 0.967619 1.173983 0.114422
2.000000 1.000000 0.000000 1.000000 1.323748 1.216774 0.690186 0.069969 1.728963 0.639567 1.361953 1.549026 1.711330 1.873845 0.830544 1.226538 0.373426 1.526078 1.885071 1.436823 0.486995 0.206839 0.830864 0.694811 0.160427 1.956208 0.533876 0.468028 0.437284 0.800370 0.525449 0.385890 0.838223 1.770752 0.955903 1.161929 1.496224 1.199998 1.895784 0.353554 0.634480 1.777974 1.967619 1.826017 1.114422
1.000000 2.000000 1.000000 0.000000 1.676252 1.783226 0.309814 1.069969 0.728963 0.360433 1.638047 1.450974 1.288670 0.873845 0.169456 0.226538 0.626574 0.526078 0.885071 0.436823 1.486995 0.793161 1.830864 1.694811 1.160427 1.043792 1.533876 0.531972 1.437284 1.800370 0.474551 0.614110 0.161777 1.229248 1.955903 0.161929 0.496224 1.800002 0.895784 0.646446 0.365520 1.222026 1.032381 0.826017 1.885578
0.676252 0.323748 1.323748 1.676252 0.000000 0.106973 1.986066 1.253779 0.947289 1.963315 0.038206 0.225278 0.387582 0.802407 1.845708 1.449714 1.697174 1.150174 0.791181 1.239429 0.836753 1.530587 0.492884 0.628936 1.163320 0.632460 0.789872 1.791776 0.886464 0.523377 1.849196 1.709637 1.838030 0.447004 0.367845 1.514323 1.180029 0.123749 0.780469 1.677302 1.958228 0.454226 0.643871 0.850235 0.209325
0.783226 0.216774 1.216774 1.783226 0.106973 0.000000 1.906960 1.146805 1.054263 1.856342 0.145179 0.332251 0.494555 0.909381 1.952682 1.556688 1.590200 1.257147 0.898155 1.346403 0.729779 1.423614 0.385911 0.521963 1.056347 0.739433 0.682899 1.684803 0.779491 0.416404 1.742223 1.602664 1.945003 0.553977 0.260871 1.621297 1.287002 0.016776 0.887442 1.570328 1.851255 0.561200 0.750845 0.957208 0.102352
1.309814 1.690186 0.690186 0.309814 1.986066 1.906960 0.000000 0.760155 1.038777 0.050619 1.947860 1.760788 1.598484 1.183659 0.140358 0.536352 0.316760 0.835892 1.194885 0.746637 1.177181 0.483347 1.521050 1.384997 0.850614 1.353606 1.224062 0.222158 1.127470 1.490556 0.164737 0.304297 0.148036 1.539062 1.646089 0.471743 0.806038 1.890184 1.205597 0.336632 0.055706 1.531840 1.342195 1.135831 1.804609
1.930031 0.930031 0.069969 1.069969 1.253779 1.146805 0.760155 0.000000 1.798932 0.709536 1.291984 1.479057 1.641361 1.943814 0.900513 1.296507 0.443395 1.596047 1.955040 1.506792 0.417026 0.276808 0.760895 0.624842 0.090458 1.886239 0.463907 0.537997 0.367315 0.730401 0.595418 0.455859 0.908192 1.700783 0.885934 1.231898 1.566193 1.130029 1.965753 0.423523 0.704449 1.708005 1.897650 1.895986 1.044453
0.271037 1.271037 1.728963 0.728963 0.947289 1.054263 1.038777 1.798932 0.000000 1.089396 0.909083 0.722011 0.559707 0.144882 0.898419 0.502425 1.355537 0.202885 0.156108 0.292140 1.784042 1.522124 1.440173 1.576226 1.889391 0.314829 1.737161 1.260935 1.833753 1.470667 1.203514 1.343074 0.890740 0.500285 1.315134 0.567034 0.232739 1.071039 0.166820 1.375409 1.094483 0.493063 0.303418 0.097054 1.156614
1.360433 1.639567 0.639567 0.360433 1.963315 1.856342 0.050619 0.709536 1.089396 0.000000 1.998479 1.811407 1.649103 1.234278 0.190977 0.586971 0.266141 0.886511 1.245504 0.797256 1.126562 0.432728 1.470431 1.334379 0.799995 1.404225 1.173443 0.171539 1.076851 1.439938 0.114119 0.253678 0.198655 1.589681 1.595470 0.522362 0.856656 1.839566 1.256216 0.286013 0.005087 1.582459 1.392814 1.186450 1.753990
0.638047 0.361953 1.361953 1.638047 0.038206 0.145179 1.947860 1.291984 0.909083 1.998479 0.000000 0.187072 0.349376 0.764202 1.807503 1.411509 1.735379 1.111968 0.752976 1.201224 0.874958 1.568793 0.531090 0.667142 1.201526 0.594254 0.828078 1.829982 0.924670 0.561583 1.887402 1.747843 1.799824 0.408798 0.406051 1.476118 1.141823 0.161955 0.742263 1.715507 1.996434 0.416020 0.605666 0.812029 0.247531
0.450974 0.549026 1.549026 1.450974 0.225278 0.332251 1.760788 1.479057 0.722011 1.811407 0.187072 0.000000 0.162304 0.577129 1.620430 1.224437 1.922451 0.924896 0.565903 1.014151 1.062031 1.755865 0.718162 0.854214 1.388598 0.407182 1.015150 1.982946 1.111742 0.748655 1.925526 1.934915 1.612752 0.221726 0.593123 1.289045 0.954751 0.349027 0.555191 1.902580 1.816494 0.228948 0.418594 0.624957 0.434603
0.288670 0.711330 1.711330 1.288670 0.387582 0.494555 1.598484 1.641361 0.559707 1.649103 0.349376 0.162304 0.000000 0.414825 1.458126 1.062132 1.915244 0.762592 0.403599 0.851847 1.224335 1.918169 0.880466 1.016518 1.550902 0.244878 1.177454 1.820642 1.274046 0.910959 1.763221 1.902781 1.450448 0.059422 0.755427 1.126741 0.792446 0.511332 0.392887 1.935116 1.654190 0.066644 0.256289 0.462653 0.596907
0.126155 1.126155 1.873845 0.873845 0.802407 0.909381 1.183659 1.943814 0.144882 1.234278 0.764202 0.577129 0.414825 0.000000 1.043301 0.647307 1.500419 0.347767 0.011226 0.437022 1.639160 1.667005 1.295291 1.431344 1.965728 0.169947 1.592280 1.405817 1.688871 1.325785 1.348396 1.487955 1.035622 0.355404 1.170252 0.711916 0.377621 0.926157 0.021939 1.520291 1.239365 0.348181 0.158536 0.047828 1.011733
1.169456 1.830544 0.830544 0.169456 1.845708 1.952682 0.140358 0.900513 0.898419 0.190977 1.807503 1.620430 1.458126 1.043301 0.000000 0.395994 0.457118 0.695534 1.054527 0.606279 1.317539 0.623704 1.661408 1.525355 0.990971 1.213248 1.364420 0.362516 1.267828 1.630914 0.305095 0.444654 0.007679 1.398704 1.786447 0.331385 0.665680 1.969458 1.065240 0.476990 0.196064 1.391482 1.201837 0.995473 1.944966
0.773462 1.773462 1.226538 0.226538 1.449714 1.556688 0.536352 1.296507 0.502425 0.586971 1.411509 1.224437 1.062132 0.647307 0.395994 0.000000 0.853112 0.299540 0.658533 0.210285 1.713533 1.019698 1.942599 1.921349 1.386965 0.817255 1.760413 0.758510 1.663822 1.973092 0.701089 0.840648 0.388315 1.002711 1.817559 0.064609 0.269686 1.573464 0.669246 0.872984 0.592058 0.995488 0.805843 0.599480 1.659040
1.626574 1.373426 0.373426 0.626574 1.697174 1.590200 0.316760 0.443395 1.355537 0.266141 1.735379 1.922451 1.915244 1.500419 0.457118 0.853112 0.000000 1.152652 1.511645 1.063397 0.860421 0.166586 1.204289 1.068237 0.533853 1.670366 0.907301 0.094602 0.810710 1.173796 0.152023 0.012464 0.464797 1.855823 1.329329 0.788503 1.122798 1.573424 1.522358 0.019872 0.261054 1.848600 1.658955 1.452591 1.487848
0.473922 1.473922 1.526078 0.526078 1.150174 1.257147 0.835892 1.596047 0.202885 0.886511 1.111968 0.924896 0.762592 0.347767 0.695534 0.299540 1.152652 0.000000 0.358993 0.089255 1.986927 1.319239 1.643058 1.779110 1.686506 0.517714 1.940046 1.058050 1.963362 1.673551 1.000630 1.140189 0.687856 0.703170 1.518019 0.364149 0.029855 1.273923 0.369705 1.172524 0.891598 0.695948 0.506303 0.299939 1.359499
0.114929 1.114929 1.885071 0.885071 0.791181 0.898155 1.194885 1.955040 0.156108 1.245504 0.752976 0.565903 0.403599 0.011226 1.054527 0.658533 1.511645 0.358993 0.000000 0.448248 1.627934 1.678231 1.284065 1.420118 1.954502 0.158721 1.581054 1.417043 1.677645 1.314559 1.359622 1.499181 1.046848 0.344178 1.159026 0.723142 0.388847 0.914931 0.010713 1.531517 1.250591 0.336955 0.147310 0.059054 1.000507
0.563177 1.563177 1.436823 0.436823 1.239429 1.346403 0.746637 1.506792 0.292140 0.797256 1.201224 1.014151 0.851847 0.437022 0.606279 0.210285 1.063397 0.089255 0.448248 0.000000 1.923818 1.229983 1.732313 1.868366 1.597250 0.606969 1.970698 0.968795 1.874107 1.762807 0.911374 1.050933 0.598600 0.792426 1.607274 0.274894 0.059401 1.363179 0.458961 1.083269 0.802343 0.785203 0.595558 0.389194 1.448755
1.513005 0.513005 0.486995 1.486995 0.836753 0.729779 1.177181 0.417026 1.784042 1.126562 0.874958 1.062031 1.224335 1.639160 1.317539 1.713533 0.860421 1.986927 1.627934 1.923818 0.000000 0.693834 0.343869 0.207816 0.326568 1.469213 0.046881 0.955023 0.049711 0.313375 1.012444 0.872884 1.325218 1.283757 0.468908 1.648924 1.983219 0.713003 1.617222 0.840549 1.121475 1.290979 1.480624 1.686988 0.627427
1.793161 1.206839 0.206839 0.793161 1.530587 1.423614 0.483347 0.276808 1.522124 0.432728 1.568793 1.755865 1.918169 1.667005 0.623704 1.019698 0.166586 1.319239 1.678231 1.229983 0.693834 0.000000 1.037703 0.901651 0.367267 1.836953 0.740715 0.261189 0.644123 1.007210 0.318609 0.179050 0.631383 1.977591 1.162742 0.955089 1.289384 1.406838 1.688944 0.146714 0.427641 1.984813 1.825541 1.619178 1.321262
1.169136 0.169136 0.830864 1.830864 0.492884 0.385911 1.521050 0.760895 1.440173 1.470431 0.531090 0.718162 0.880466 1.295291 1.661408 1.942599 1.204289 1.643058 1.284065 1.732313 0.343869 1.037703 0.000000 0.136052 0.670436 1.125344 0.296988 1.298892 0.393580 0.030493 1.356312 1.216753 1.669086 0.939888 0.125039 1.992793 1.672913 0.369135 1.273353 1.184417 1.465344 0.947110 1.136756 1.343119 0.283559
1.305189 0.305189 0.694811 1.694811 0.628936 0.521963 1.384997 0.624842 1.576226 1.334379 0.667142 0.854214 1.016518 1.431344 1.525355 1.921349 1.068237 1.779110 1.420118 1.868366 0.207816 0.901651 0.136052 0.000000 0.534384 1.261396 0.160936 1.162840 0.257528 0.105559 1.220260 1.080701 1.533034 1.075940 0.261092 1.856740 1.808965 0.505187 1.409405 1.048365 1.329291 1.083163 1.272808 1.479171 0.419611
1.839573 0.839573 0.160427 1.160427 1.163320 1.056347 0.850614 0.090458 1.889391 0.799995 1.201526 1.388598 1.550902 1.965728 0.990971 1.386965 0.533853 1.686506 1.954502 1.597250 0.326568 0.367267 0.670436 0.534384 0.000000 1.795780 0.373448 0.628456 0.276856 0.639943 0.685876 0.546317 0.998650 1.610324 0.795476 1.322356 1.656651 1.039571 1.943789 0.513981 0.794908 1.617546 1.807192 1.986445 0.953995
0.043792 0.956208 1.956208 1.043792 0.632460 0.739433 1.353606 1.886239 0.314829 1.404225 0.594254 0.407182 0.244878 0.169947 1.213248 0.817255 1.670366 0.517714 0.158721 0.606969 1.469213 1.836953 1.125344 1.261396 1.795780 0.000000 1.422332 1.575764 1.518924 1.155837 1.518344 1.657903 1.205570 0.185456 1.000305 0.881863 0.547569 0.756209 0.148009 1.690238 1.409312 0.178234 0.011412 0.217775 0.841785
1.466124 0.466124 0.533876 1.533876 0.789872 0.682899 1.224062 0.463907 1.737161 1.173443 0.828078 1.015150 1.177454 1.592280 1.364420 1.760413 0.907301 1.940046 1.581054 1.970698 0.046881 0.740715 0.296988 0.160936 0.373448 1.422332 0.000000 1.001904 0.096592 0.266495 1.059324 0.919765 1.372098 1.236876 0.422027 1.695804 1.969901 0.666123 1.570341 0.887429 1.168356 1.244098 1.433744 1.640107 0.580547
1.531972 1.468028 0.468028 0.531972 1.791776 1.684803 0.222158 0.537997 1.260935 0.171539 1.829982 1.982946 1.820642 1.405817 0.362516 0.758510 0.094602 1.058050 1.417043 0.968795 0.955023 0.261189 1.298892 1.162840 0.628456 1.575764 1.001904 0.000000 0.905312 1.268399 0.057420 0.082139 0.370194 1.761220 1.423931 0.693901 1.028195 1.668027 1.427755 0.114474 0.166452 1.753998 1.564353 1.357989 1.582451
1.562716 0.562716 0.437284 1.437284 0.886464 0.779491 1.127470 0.367315 1.833753 1.076851 0.924670 1.111742 1.274046 1.688871 1.267828 1.663822 0.810710 1.963362 1.677645 1.874107 0.049711 0.644123 0.393580 0.257528 0.276856 1.518924 0.096592 0.905312 0.000000 0.363087 0.962732 0.823173 1.275506 1.333468 0.518619 1.599213 1.933507 0.762715 1.666933 0.790838 1.071764 1.340690 1.530335 1.736699 0.677139
1.199630 0.199630 0.800370 1.800370 0.523377 0.416404 1.490556 0.730401 1.470667 1.439938 0.561583 0.748655 0.910959 1.325785 1.630914 1.973092 1.173796 1.673551 1.314559 1.762807 0.313375 1.007210 0.030493 0.105559 0.639943 1.155837 0.266495 1.268399 0.363087 0.000000 1.325819 1.186260 1.638593 0.970381 0.155533 1.962299 1.703406 0.399628 1.303846 1.153924 1.434850 0.977604 1.167249 1.373612 0.314052
1.474551 1.525449 0.525449 0.474551 1.849196 1.742223 0.164737 0.595418 1.203514 0.114119 1.887402 1.925526 1.763221 1.348396 0.305095 0.701089 0.152023 1.000630 1.359622 0.911374 1.012444 0.318609 1.356312 1.220260 0.685876 1.518344 1.059324 0.057420 0.962732 1.325819 0.000000 0.139559 0.312774 1.703800 1.481352 0.636480 0.970775 1.725447 1.370335 0.171895 0.109031 1.696577 1.506932 1.300569 1.639871
1.614110 1.385890 0.385890 0.614110 1.709637 1.602664 0.304297 0.455859 1.343074 0.253678 1.747843 1.934915 1.902781 1.487955 0.444654 0.840648 0.012464 1.140189 1.499181 1.050933 0.872884 0.179050 1.216753 1.080701 0.546317 1.657903 0.919765 0.082139 0.823173 1.186260 0.139559 0.000000 0.452333 1.843359 1.341792 0.776039 1.110334 1.585888 1.509894 0.032336 0.248591 1.836137 1.646491 1.440128 1.500312
1.161777 1.838223 0.838223 0.161777 1.838030 1.945003 0.148036 0.908192 0.890740 0.198655 1.799824 1.612752 1.450448 1.035622 0.007679 0.388315 0.464797 0.687856 1.046848 0.598600 1.325218 0.631383 1.669086 1.533034 0.998650 1.205570 1.372098 0.370194 1.275506 1.638593 0.312774 0.452333 0.000000 1.391026 1.794126 0.323706 0.658001 1.961779 1.057561 0.484669 0.203742 1.383803 1.194158 0.987795 1.952645
0.229248 0.770752 1.770752 1.229248 0.447004 0.553977 1.539062 1.700783 0.500285 1.589681 0.408798 0.221726 0.059422 0.355404 1.398704 1.002711 1.855823 0.703170 0.344178 0.792426 1.283757 1.977591 0.939888 1.075940 1.610324 0.185456 1.236876 1.761220 1.333468 0.970381 1.703800 1.843359 1.391026 0.000000 0.814849 1.067320 0.733025 0.570753 0.333465 1.875695 1.594768 0.007222 0.196868 0.403231 0.656329
1.044097 0.044097 0.955903 1.955903 0.367845 0.260871 1.646089 0.885934 1.315134 1.595470 0.406051 0.593123 0.755427 1.170252 1.786447 1.817559 1.329329 1.518019 1.159026 1.607274 0.468908 1.162742 0.125039 0.261092 0.795476 1.000305 0.422027 1.423931 0.518619 0.155533 1.481352 1.341792 1.794126 0.814849 0.000000 1.882168 1.547873 0.244095 1.148314 1.309457 1.590383 0.822071 1.011716 1.218080 0.158520
0.838071 1.838071 1.161929 0.161929 1.514323 1.621297 0.471743 1.231898 0.567034 0.522362 1.476118 1.289045 1.126741 0.711916 0.331385 0.064609 0.788503 0.364149 0.723142 0.274894 1.648924 0.955089 1.992793 1.856740 1.322356 0.881863 1.695804 0.693901 1.599213 1.962299 0.636480 0.776039 0.323706 1.067320 1.882168 0.000000 0.334295 1.638073 0.733855 0.808375 0.527449 1.060097 0.870452 0.664088 1.723649
0.503776 1.503776 1.496224 0.496224 1.180029 1.287002 0.806038 1.566193 0.232739 0.856656 1.141823 0.954751 0.792446 0.377621 0.665680 0.269686 1.122798 0.029855 0.388847 0.059401 1.983219 1.289384 1.672913 1.808965 1.656651 0.547569 1.969901 1.028195 1.933507 1.703406 0.970775 1.110334 0.658001 0.733025 1.547873 0.334295 0.000000 1.303778 0.399560 1.142670 0.861744 0.725802 0.536157 0.329794 1.389354
0.800002 0.199998 1.199998 1.800002 0.123749 0.016776 1.890184 1.130029 1.071039 1.839566 0.161955 0.349027 0.511332 0.926157 1.969458 1.573464 1.573424 1.273923 0.914931 1.363179 0.713003 1.406838 0.369135 0.505187 1.039571 0.756209 0.666123 1.668027 0.762715 0.399628 1.725447 1.585888 1.961779 0.570753 0.244095 1.638073 1.303778 0.000000 0.904218 1.553552 1.834478 0.577976 0.767621 0.973984 0.085576
0.104216 1.104216 1.895784 0.895784 0.780469 0.887442 1.205597 1.965753 0.166820 1.256216 0.742263 0.555191 0.392887 0.021939 1.065240 0.669246 1.522358 0.369705 0.010713 0.458961 1.617222 1.688944 1.273353 1.409405 1.943789 0.148009 1.570341 1.427755 1.666933 1.303846 1.370335 1.509894 1.057561 0.333465 1.148314 0.733855 0.399560 0.904218 0.000000 1.542230 1.261303 0.326243 0.136597 0.069766 0.989794
1.646446 1.353554 0.353554 0.646446 1.677302 1.570328 0.336632 0.423523 1.375409 0.286013 1.715507 1.902580 1.935116 1.520291 0.476990 0.872984 0.019872 1.172524 1.531517 1.083269 0.840549 0.146714 1.184417 1.048365 0.513981 1.690238 0.887429 0.114474 0.790838 1.153924 0.171895 0.032336 0.484669 1.875695 1.309457 0.808375 1.142670 1.553552 1.542230 0.000000 0.280926 1.868472 1.678827 1.472463 1.467976
1.365520 1.634480 0.634480 0.365520 1.958228 1.851255 0.055706 0.704449 1.094483 0.005087 1.996434 1.816494 1.654190 1.239365 0.196064 0.592058 0.261054 0.891598 1.250591 0.802343 1.121475 0.427641 1.465344 1.329291 0.794908 1.409312 1.168356 0.166452 1.071764 1.434850 0.109031 0.248591 0.203742 1.594768 1.590383 0.527449 0.861744 1.834478 1.261303 0.280926 0.000000 1.587546 1.397901 1.191537 1.748903
0.222026 0.777974 1.777974 1.222026 0.454226 0.561200 1.531840 1.708005 0.493063 1.582459 0.416020 0.228948 0.066644 0.348181 1.391482 0.995488 1.848600 0.695948 0.336955 0.785203 1.290979 1.984813 0.947110 1.083163 1.617546 0.178234 1.244098 1.753998 1.340690 0.977604 1.696577 1.836137 1.383803 0.007222 0.822071 1.060097 0.725802 0.577976 0.326243 1.868472 1.587546 0.000000 0.189645 0.396009 0.663551
0.032381 0.967619 1.967619 1.032381 0.643871 0.750845 1.342195 1.897650 0.303418 1.392814 0.605666 0.418594 0.256289 0.158536 1.201837 0.805843 1.658955 0.506303 0.147310 0.595558 1.480624 1.825541 1.136756 1.272808 1.807192 0.011412 1.433744 1.564353 1.530335 1.167249 1.506932 1.646491 1.194158 0.196868 1.011716 0.870452 0.536157 0.767621 0.136597 1.678827 1.397901 0.189645 0.000000 0.206363 0.853197
0.173983 1.173983 1.826017 0.826017 0.850235 0.957208 1.135831 1.895986 0.097054 1.186450 0.812029 0.624957 0.462653 0.047828 0.995473 0.599480 1.452591 0.299939 0.059054 0.389194 1.686988 1.619178 1.343119 1.479171 1.986445 0.217775 1.640107 1.357989 1.736699 1.373612 1.300569 1.440128 0.987795 0.403231 1.218080 0.664088 0.329794 0.973984 0.069766 1.472463 1.191537 0.396009 0.206363 0.000000 1.059560
0.885578 0.114422 1.114422 1.885578 0.209325 0.102352 1.804609 1.044453 1.156614 1.753990 0.247531 0.434603 0.596907 1.011733 1.944966 1.659040 1.487848 1.359499 1.000507 1.448755 0.627427 1.321262 0.283559 0.419611 0.953995 0.841785 0.580547 1.582451 0.677139 0.314052 1.639871 1.500312 1.952645 0.656329 0.158520 1.723649 1.389354 0.085576 0.989794 1.467976 1.748903 0.663551 0.853197 1.059560 0.000000
