50
0.000000 1.000000 2.000000 1.000000 1.650611 0.941233 1.369289 0.645255 0.590771 1.745966 0.547968 0.536698 1.944370 0.328610 1.575330 1.431983 1.036762 1.114878 1.387824 1.909048 1.672555 0.374329 1.971900 1.499503 0.613407 0.662548 0.258674 1.115780 1.153320 1.461140 1.323961 0.521068 1.511538 0.628487 1.384368 0.089262 1.311184 0.526469 1.476167 0.318414 0.032157 0.462292 1.839645 0.953584 1.469153 1.359520 1.893052 0.122343 1.827860 1.002197
1.000000 0.000000 1.000000 2.000000 0.650611 1.941233 1.630711 1.645255 0.409229 0.745966 0.452032 1.536698 0.944370 0.671390 0.575330 0.431983 0.036762 1.885122 1.612176 1.090952 0.672555 1.374329 1.028100 0.499503 1.613407 0.337452 0.741326 1.884220 0.153320 0.461140 1.676039 0.478932 0.511538 1.628487 0.384368 0.910738 1.688816 1.526469 0.476167 1.318414 1.032157 1.462292 1.160355 1.953584 1.530847 0.359520 1.106948 1.122343 0.827860 1.997803
2.000000 1.000000 0.000000 1.000000 0.349389 1.058767 0.630711 1.354745 1.409229 0.254034 1.452032 1.463302 0.055630 1.671390 0.424670 0.568017 0.963238 0.885122 0.612176 0.090952 0.327445 1.625671 0.028100 0.500497 1.386593 1.337452 1.741326 0.884220 0.846680 0.538860 0.676039 1.478932 0.488462 1.371513 0.615632 1.910738 0.688816 1.473531 0.523833 1.681586 1.967843 1.537708 0.160355 1.046416 0.530847 0.640480 0.106948 1.877657 0.172140 0.997803
1.000000 2.000000 1.000000 0.000000 1.349389 0.058767 0.369289 0.354745 1.590771 1.254034 1.547968 0.463302 1.055630 1.328610 1.424670 1.568017 1.963238 0.114878 0.387824 0.909048 1.327445 0.625671 0.971900 1.500497 0.386593 1.662548 1.258674 0.115780 1.846680 1.538860 0.323961 1.521068 1.488462 0.371513 1.615632 1.089262 0.311184 0.473531 1.523833 0.681586 0.967843 0.537708 0.839645 0.046416 0.469153 1.640480 0.893052 0.877657 1.172140 0.002197
1.650611 0.650611 0.349389 1.349389 0.000000 1.408156 0.980099 1.704133 1.059840 0.095355 1.102643 1.812691 0.293759 1.322001 0.075281 0.218628 0.613849 1.234510 0.961565 0.440341 0.021944 1.975060 0.377489 0.151108 1.735982 0.988063 1.391938 1.233609 0.497291 0.189471 1.025428 1.129543 0.139073 1.720902 0.266243 1.561349 1.038205 1.822920 0.174444 1.969025 1.682768 1.887097 0.509744 1.395805 0.880236 0.291091 0.456337 1.772954 0.177249 1.347192
0.941233 1.941233 1.058767 0.058767 1.408156 0.000000 0.428057 0.295977 1.532004 1.312801 1.489201 0.404534 1.114398 1.269843 1.483437 1.626785 1.977995 0.173646 0.446592 0.967816 1.386212 0.566904 1.030667 1.559264 0.327826 1.603781 1.199906 0.174548 1.905447 1.597627 0.382729 1.462301 1.547230 0.312745 1.674399 1.030495 0.369951 0.414764 1.582601 0.622819 0.909076 0.478941 0.898412 0.012352 0.527921 1.699247 0.951819 0.818890 1.230908 0.060965
1.369289 1.630711 0.630711 0.369289 0.980099 0.428057 0.000000 0.724034 1.960061 0.884744 1.917258 0.832591 0.686341 1.697900 1.055380 1.198728 1.593948 0.254411 0.018535 0.539759 0.958155 0.994960 0.602610 1.131207 0.755883 1.968162 1.627963 0.253509 1.477390 1.169570 0.045328 1.890358 1.119173 0.740802 1.246343 1.458552 0.058106 0.842821 1.154544 1.050876 1.337132 0.906997 0.470355 0.415705 0.099864 1.271190 0.523762 1.246947 0.802851 0.367092
0.645255 1.645255 1.354745 0.354745 1.704133 0.295977 0.724034 0.000000 1.236027 1.608778 1.193224 0.108557 1.410375 0.973866 1.779414 1.922762 1.682018 0.469623 0.742569 1.263793 1.682189 0.270926 1.326644 1.855241 0.031849 1.307804 0.903929 0.470525 1.798576 1.893604 0.678706 1.166324 1.843207 0.016768 1.970377 0.734518 0.665928 0.118787 1.878578 0.326842 0.613098 0.182963 1.194389 0.308329 0.823898 1.995224 1.247796 0.522913 1.526885 0.356942
0.590771 0.409229 1.409229 1.590771 1.059840 1.532004 1.960061 1.236027 0.000000 1.155195 0.042803 1.127469 1.353599 0.262161 0.984559 0.841211 0.445991 1.705650 1.978595 1.500181 1.081784 0.965100 1.437329 0.908732 1.204178 0.071777 0.332098 1.706551 0.562549 0.870369 1.914732 0.069703 0.920767 1.219259 0.793597 0.501509 1.901955 1.117240 0.885396 0.909185 0.622928 1.053063 1.569584 1.544355 1.940076 0.768749 1.516177 0.713114 1.237089 1.592968
1.745966 0.745966 0.254034 1.254034 0.095355 1.312801 0.884744 1.608778 1.155195 0.000000 1.197998 1.717335 0.198403 1.417356 0.170636 0.313984 0.709204 1.139155 0.866209 0.344985 0.073411 1.879705 0.282134 0.246463 1.640627 1.083418 1.487293 1.138253 0.592646 0.284826 0.930072 1.224898 0.234429 1.625546 0.361598 1.656704 0.942850 1.727565 0.269800 1.935620 1.778124 1.791742 0.414389 1.300449 0.784880 0.386446 0.360982 1.868309 0.081893 1.251836
0.547968 0.452032 1.452032 1.547968 1.102643 1.489201 1.917258 1.193224 0.042803 1.197998 0.000000 1.084666 1.396402 0.219358 1.027362 0.884014 0.488794 1.662847 1.935792 1.542984 1.124587 0.922297 1.480132 0.951535 1.161375 0.114580 0.289295 1.663748 0.605352 0.913172 1.871929 0.026900 0.963570 1.176455 0.836400 0.458706 1.859152 1.074437 0.928199 0.866382 0.580125 1.010260 1.612387 1.501552 1.982879 0.811552 1.558980 0.670311 1.279892 1.550165
0.536698 1.536698 1.463302 0.463302 1.812691 0.404534 0.832591 0.108557 1.127469 1.717335 1.084666 0.000000 1.518932 0.865308 1.887972 1.968681 1.573461 0.578180 0.851126 1.372350 1.790746 0.162369 1.435202 1.963798 0.076708 1.199247 0.795372 0.579082 1.690019 1.997838 0.787263 1.057766 1.951764 0.091789 1.921066 0.625961 0.774486 0.010229 1.987135 0.218284 0.504541 0.074406 1.302946 0.416886 0.932455 1.896219 1.356353 0.414356 1.635442 0.465499
1.944370 0.944370 0.055630 1.055630 0.293759 1.114398 0.686341 1.410375 1.353599 0.198403 1.396402 1.518932 0.000000 1.615760 0.369040 0.512387 0.907607 0.940752 0.667806 0.146582 0.271814 1.681301 0.083730 0.444866 1.442224 1.281821 1.685696 0.939850 0.791049 0.483230 0.731669 1.423302 0.432832 1.427143 0.560002 1.855107 0.744446 1.529161 0.468203 1.737216 1.976527 1.593338 0.215986 1.102046 0.586477 0.584850 0.162579 1.933287 0.116510 1.053433
0.328610 0.671390 1.671390 1.328610 1.322001 1.269843 1.697900 0.973866 0.262161 1.417356 0.219358 0.865308 1.615760 0.000000 1.246720 1.103372 0.708152 1.443489 1.716434 1.762342 1.343945 0.702939 1.699490 1.170893 0.942017 0.333938 0.069937 1.444390 0.824710 1.132530 1.652571 0.192458 1.182928 0.957098 1.055758 0.239348 1.639794 0.855079 1.147557 0.647024 0.360767 0.790902 1.831745 1.282194 1.797763 1.030910 1.778338 0.450953 1.499250 1.330807
1.575330 0.575330 0.424670 1.424670 0.075281 1.483437 1.055380 1.779414 0.984559 0.170636 1.027362 1.887972 0.369040 1.246720 0.000000 0.143348 0.538568 1.309791 1.036846 0.515621 0.097225 1.949659 0.452770 0.075827 1.811263 0.912782 1.316657 1.308890 0.422010 0.114190 1.100709 1.054262 0.063792 1.796182 0.190962 1.486068 1.113486 1.898201 0.099163 1.893744 1.607487 1.962378 0.585025 1.471085 0.955516 0.215810 0.531618 1.697673 0.252530 1.422473
1.431983 0.431983 0.568017 1.568017 0.218628 1.626785 1.198728 1.922762 0.841211 0.313984 0.884014 1.968681 0.512387 1.103372 0.143348 0.000000 0.395220 1.453139 1.180193 0.658969 0.240573 1.806312 0.596118 0.067521 1.954611 0.769434 1.173309 1.452237 0.278662 0.029158 1.244056 0.910914 0.079555 1.939530 0.047615 1.342720 1.256833 1.958452 0.044184 1.750397 1.464140 1.894275 0.728373 1.614433 1.098864 0.072462 0.674966 1.554325 0.395877 1.565820
1.036762 0.036762 0.963238 1.963238 0.613849 1.977995 1.593948 1.682018 0.445991 0.709204 0.488794 1.573461 0.907607 0.708152 0.538568 0.395220 0.000000 1.848359 1.575413 1.054189 0.635793 1.411091 0.991338 0.462741 1.650169 0.374214 0.778089 1.847457 0.116558 0.424378 1.639276 0.515694 0.474775 1.665250 0.347606 0.947500 1.652054 1.563231 0.439404 1.355176 1.068919 1.499054 1.123593 1.990347 1.494084 0.322758 1.070186 1.159105 0.791097 1.961040
1.114878 1.885122 0.885122 0.114878 1.234510 0.173646 0.254411 0.469623 1.705650 1.139155 1.662847 0.578180 0.940752 1.443489 1.309791 1.453139 1.848359 0.000000 0.272946 0.794170 1.212566 0.740549 0.857021 1.385618 0.501472 1.777427 1.373552 0.000902 1.731801 1.423981 0.209083 1.635947 1.373584 0.486391 1.500754 1.204141 0.196305 0.588410 1.408955 0.796464 1.082721 0.652586 0.724766 0.161294 0.354275 1.525601 0.778173 0.992536 1.057262 0.112681
1.387824 1.612176 0.612176 0.387824 0.961565 0.446592 0.018535 0.742569 1.978595 0.866209 1.935792 0.851126 0.667806 1.716434 1.036846 1.180193 1.575413 0.272946 0.000000 0.521224 0.939620 1.013495 0.584076 1.112672 0.774418 1.949627 1.646498 0.272044 1.458855 1.151036 0.063863 1.908892 1.100638 0.759337 1.227808 1.477087 0.076640 0.861355 1.136009 1.069410 1.355667 0.925532 0.451820 0.434240 0.081329 1.252656 0.505227 1.265481 0.784316 0.385627
1.909048 1.090952 0.090952 0.909048 0.440341 0.967816 0.539759 1.263793 1.500181 0.344985 1.542984 1.372350 0.146582 1.762342 0.515621 0.658969 1.054189 0.794170 0.521224 0.000000 0.418396 1.534719 0.062852 0.591448 1.295642 1.428403 1.832278 0.793268 0.937631 0.629812 0.585087 1.569884 0.579414 1.280561 0.706584 1.998311 0.597864 1.382579 0.614785 1.590634 1.876891 1.446756 0.069404 0.955464 0.439895 0.731431 0.015997 1.786706 0.263092 0.906851
1.672555 0.672555 0.327445 1.327445 0.021944 1.386212 0.958155 1.682189 1.081784 0.073411 1.124587 1.790746 0.271814 1.343945 0.097225 0.240573 0.635793 1.212566 0.939620 0.418396 0.000000 1.953116 0.355545 0.173052 1.714038 1.010007 1.413882 1.211664 0.519235 0.211415 1.003483 1.151487 0.161018 1.698957 0.288187 1.583293 1.016261 1.800976 0.196389 1.990969 1.704712 1.865153 0.487800 1.373860 0.858291 0.313035 0.434393 1.794898 0.155304 1.325247
0.374329 1.374329 1.625671 0.625671 1.975060 0.566904 0.994960 0.270926 0.965100 1.879705 0.922297 0.162369 1.681301 0.702939 1.949659 1.806312 1.411091 0.740549 1.013495 1.534719 1.953116 0.000000 1.597571 1.873832 0.239078 1.036877 0.633003 0.741451 1.527649 1.835469 0.949632 0.895397 1.885867 0.254158 1.758697 0.463592 0.936855 0.152140 1.850496 0.055915 0.342172 0.087963 1.465316 0.579255 1.094824 1.733849 1.518722 0.251986 1.797811 0.627868
1.971900 1.028100 0.028100 0.971900 0.377489 1.030667 0.602610 1.326644 1.437329 0.282134 1.480132 1.435202 0.083730 1.699490 0.452770 0.596118 0.991338 0.857021 0.584076 0.062852 0.355545 1.597571 0.000000 0.528597 1.358493 1.365552 1.769427 0.856120 0.874780 0.566960 0.647939 1.507032 0.516562 1.343413 0.643732 1.938838 0.660716 1.445431 0.551933 1.653486 1.939743 1.509608 0.132255 1.018316 0.502747 0.668580 0.078848 1.849557 0.200240 0.969703
1.499503 0.499503 0.500497 1.500497 0.151108 1.559264 1.131207 1.855241 0.908732 0.246463 0.951535 1.963798 0.444866 1.170893 0.075827 0.067521 0.462741 1.385618 1.112672 0.591448 0.173052 1.873832 0.528597 0.000000 1.887090 0.836955 1.240830 1.384717 0.346183 0.038363 1.176535 0.978435 0.012034 1.872009 0.115135 1.410241 1.189313 1.974028 0.023337 1.817917 1.531660 1.961795 0.660852 1.546912 1.031343 0.139983 0.607445 1.621846 0.328356 1.498299
0.613407 1.613407 1.386593 0.386593 1.735982 0.327826 0.755883 0.031849 1.204178 1.640627 1.161375 0.076708 1.442224 0.942017 1.811263 1.954611 1.650169 0.501472 0.774418 1.295642 1.714038 0.239078 1.358493 1.887090 0.000000 1.275955 0.872080 0.502374 1.766727 1.925453 0.710555 1.134475 1.875056 0.015081 1.997774 0.702669 0.697777 0.086938 1.910427 0.294993 0.581249 0.151115 1.226238 0.340178 0.855747 1.972927 1.279645 0.491064 1.558734 0.388791
0.662548 0.337452 1.337452 1.662548 0.988063 1.603781 1.968162 1.307804 0.071777 1.083418 0.114580 1.199247 1.281821 0.333938 0.912782 0.769434 0.374214 1.777427 1.949627 1.428403 1.010007 1.036877 1.365552 0.836955 1.275955 0.000000 0.403875 1.778329 0.490772 0.798592 1.986510 0.141480 0.848989 1.291036 0.721820 0.573286 1.973732 1.189017 0.813618 0.980962 0.694705 1.124840 1.497807 1.616133 1.868298 0.696972 1.444400 0.784891 1.165311 1.664746
0.258674 0.741326 1.741326 1.258674 1.391938 1.199906 1.627963 0.903929 0.332098 1.487293 0.289295 0.795372 1.685696 0.069937 1.316657 1.173309 0.778089 1.373552 1.646498 1.832278 1.413882 0.633003 1.769427 1.240830 0.872080 0.403875 0.000000 1.374454 0.894647 1.202467 1.582635 0.262395 1.252864 0.887161 1.125694 0.169411 1.569857 0.785142 1.217493 0.577088 0.290831 0.720966 1.901682 1.212258 1.727827 1.100847 1.848275 0.381016 1.569186 1.260871
1.115780 1.884220 0.884220 0.115780 1.233609 0.174548 0.253509 0.470525 1.706551 1.138253 1.663748 0.579082 0.939850 1.444390 1.308890 1.452237 1.847457 0.000902 0.272044 0.793268 1.211664 0.741451 0.856120 1.384717 0.502374 1.778329 1.374454 0.000000 1.730899 1.423080 0.208181 1.636848 1.372682 0.487293 1.499852 1.205043 0.195404 0.589311 1.408053 0.797366 1.083623 0.653488 0.723864 0.162196 0.353373 1.524700 0.777271 0.993437 1.056360 0.113583
1.153320 0.153320 0.846680 1.846680 0.497291 1.905447 1.477390 1.798576 0.562549 0.592646 0.605352 1.690019 0.791049 0.824710 0.422010 0.278662 0.116558 1.731801 1.458855 0.937631 0.519235 1.527649 0.874780 0.346183 1.766727 0.490772 0.894647 1.730899 0.000000 0.307820 1.522718 0.632252 0.358217 1.781808 0.231047 1.064058 1.535496 1.679789 0.322846 1.471734 1.185478 1.615612 1.007035 1.893095 1.377526 0.206200 0.953628 1.275663 0.674539 1.844482
1.461140 0.461140 0.538860 1.538860 0.189471 1.597627 1.169570 1.893604 0.870369 0.284826 0.913172 1.997838 0.483230 1.132530 0.114190 0.029158 0.424378 1.423981 1.151036 0.629812 0.211415 1.835469 0.566960 0.038363 1.925453 0.798592 1.202467 1.423080 0.307820 0.000000 1.214899 0.940072 0.050398 1.910372 0.076772 1.371878 1.227676 1.987609 0.015027 1.779554 1.493297 1.923432 0.699215 1.585276 1.069707 0.101620 0.645808 1.583483 0.366720 1.536663
1.323961 1.676039 0.676039 0.323961 1.025428 0.382729 0.045328 0.678706 1.914732 0.930072 1.871929 0.787263 0.731669 1.652571 1.100709 1.244056 1.639276 0.209083 0.063863 0.585087 1.003483 0.949632 0.647939 1.176535 0.710555 1.986510 1.582635 0.208181 1.522718 1.214899 0.000000 1.845029 1.164501 0.695474 1.291671 1.413224 0.012777 0.797492 1.199872 1.005547 1.291804 0.861669 0.515683 0.370377 0.145192 1.316519 0.569090 1.201618 0.848179 0.321764
0.521068 0.478932 1.478932 1.521068 1.129543 1.462301 1.890358 1.166324 0.069703 1.224898 0.026900 1.057766 1.423302 0.192458 1.054262 0.910914 0.515694 1.635947 1.908892 1.569884 1.151487 0.895397 1.507032 0.978435 1.134475 0.141480 0.262395 1.636848 0.632252 0.940072 1.845029 0.000000 0.990470 1.149555 0.863300 0.431806 1.832252 1.047537 0.955099 0.839482 0.553225 0.983360 1.639287 1.474652 1.990221 0.838452 1.585880 0.643411 1.306792 1.523265
1.511538 0.511538 0.488462 1.488462 0.139073 1.547230 1.119173 1.843207 0.920767 0.234429 0.963570 1.951764 0.432832 1.182928 0.063792 0.079555 0.474775 1.373584 1.100638 0.579414 0.161018 1.885867 0.516562 0.012034 1.875056 0.848989 1.252864 1.372682 0.358217 0.050398 1.164501 0.990470 0.000000 1.859975 0.127170 1.422275 1.177278 1.961993 0.035371 1.829952 1.543695 1.973830 0.648818 1.534878 1.019309 0.152018 0.595411 1.633881 0.316322 1.486265
0.628487 1.628487 1.371513 0.371513 1.720902 0.312745 0.740802 0.016768 1.219259 1.625546 1.176455 0.091789 1.427143 0.957098 1.796182 1.939530 1.665250 0.486391 0.759337 1.280561 1.698957 0.254158 1.343413 1.872009 0.015081 1.291036 0.887161 0.487293 1.781808 1.910372 0.695474 1.149555 1.859975 0.000000 1.987145 0.717750 0.682697 0.102018 1.895346 0.310073 0.596330 0.166195 1.211157 0.325097 0.840666 1.988008 1.264564 0.506145 1.543653 0.373710
1.384368 0.384368 0.615632 1.615632 0.266243 1.674399 1.246343 1.970377 0.793597 0.361598 0.836400 1.921066 0.560002 1.055758 0.190962 0.047615 0.347606 1.500754 1.227808 0.706584 0.288187 1.758697 0.643732 0.115135 1.997774 0.721820 1.125694 1.499852 0.231047 0.076772 1.291671 0.863300 0.127170 1.987145 0.000000 1.295105 1.304448 1.910837 0.091799 1.702782 1.416525 1.846660 0.775988 1.662048 1.146479 0.024848 0.722581 1.506711 0.443492 1.613435
0.089262 0.910738 1.910738 1.089262 1.561349 1.030495 1.458552 0.734518 0.501509 1.656704 0.458706 0.625961 1.855107 0.239348 1.486068 1.342720 0.947500 1.204141 1.477087 1.998311 1.583293 0.463592 1.938838 1.410241 0.702669 0.573286 0.169411 1.205043 1.064058 1.371878 1.413224 0.431806 1.422275 0.717750 1.295105 0.000000 1.400446 0.615731 1.386904 0.407676 0.121420 0.551555 1.928907 1.042847 1.558416 1.270258 1.982314 0.211605 1.738597 1.091460
1.311184 1.688816 0.688816 0.311184 1.038205 0.369951 0.058106 0.665928 1.901955 0.942850 1.859152 0.774486 0.744446 1.639794 1.113486 1.256833 1.652054 0.196305 0.076640 0.597864 1.016261 0.936855 0.660716 1.189313 0.697777 1.973732 1.569857 0.195404 1.535496 1.227676 0.012777 1.832252 1.177278 0.682697 1.304448 1.400446 0.000000 0.784715 1.212649 0.992770 1.279027 0.848892 0.528461 0.357600 0.157969 1.329296 0.581868 1.188841 0.860956 0.308987
0.526469 1.526469 1.473531 0.473531 1.822920 0.414764 0.842821 0.118787 1.117240 1.727565 1.074437 0.010229 1.529161 0.855079 1.898201 1.958452 1.563231 0.588410 0.861355 1.382579 1.800976 0.152140 1.445431 1.974028 0.086938 1.189017 0.785142 0.589311 1.679789 1.987609 0.797492 1.047537 1.961993 0.102018 1.910837 0.615731 0.784715 0.000000 1.997364 0.208055 0.494312 0.064177 1.313176 0.427115 0.942684 1.885989 1.366583 0.404126 1.645671 0.475728
1.476167 0.476167 0.523833 1.523833 0.174444 1.582601 1.154544 1.878578 0.885396 0.269800 0.928199 1.987135 0.468203 1.147557 0.099163 0.044184 0.439404 1.408955 1.136009 0.614785 0.196389 1.850496 0.551933 0.023337 1.910427 0.813618 1.217493 1.408053 0.322846 0.015027 1.199872 0.955099 0.035371 1.895346 0.091799 1.386904 1.212649 1.997364 0.000000 1.794581 1.508324 1.938459 0.684189 1.570249 1.054680 0.116647 0.630782 1.598510 0.351693 1.521636
0.318414 1.318414 1.681586 0.681586 1.969025 0.622819 1.050876 0.326842 0.909185 1.935620 0.866382 0.218284 1.737216 0.647024 1.893744 1.750397 1.355176 0.796464 1.069410 1.590634 1.990969 0.055915 1.653486 1.817917 0.294993 0.980962 0.577088 0.797366 1.471734 1.779554 1.005547 0.839482 1.829952 0.310073 1.702782 0.407676 0.992770 0.208055 1.794581 0.000000 0.286257 0.143878 1.521231 0.635170 1.150739 1.677934 1.574638 0.196071 1.853726 0.683783
0.032157 1.032157 1.967843 0.967843 1.682768 0.909076 1.337132 0.613098 0.622928 1.778124 0.580125 0.504541 1.976527 0.360767 1.607487 1.464140 1.068919 1.082721 1.355667 1.876891 1.704712 0.342172 1.939743 1.531660 0.581249 0.694705 0.290831 1.083623 1.185478 1.493297 1.291804 0.553225 1.543695 0.596330 1.416525 0.121420 1.279027 0.494312 1.508324 0.286257 0.000000 0.430135 1.807487 0.921427 1.436996 1.391677 1.860894 0.090186 1.860017 0.970040
0.462292 1.462292 1.537708 0.537708 1.887097 0.478941 0.906997 0.182963 1.053063 1.791742 1.010260 0.074406 1.593338 0.790902 1.962378 1.894275 1.499054 0.652586 0.925532 1.446756 1.865153 0.087963 1.509608 1.961795 0.151115 1.124840 0.720966 0.653488 1.615612 1.923432 0.861669 0.983360 1.973830 0.166195 1.846660 0.551555 0.848892 0.064177 1.938459 0.143878 0.430135 0.000000 1.377353 0.491292 1.006861 1.821812 1.430759 0.339949 1.709848 0.539905
1.839645 1.160355 0.160355 0.839645 0.509744 0.898412 0.470355 1.194389 1.569584 0.414389 1.612387 1.302946 0.215986 1.831745 0.585025 0.728373 1.123593 0.724766 0.451820 0.069404 0.487800 1.465316 0.132255 0.660852 1.226238 1.497807 1.901682 0.723864 1.007035 0.699215 0.515683 1.639287 0.648818 1.211157 0.775988 1.928907 0.528461 1.313176 0.684189 1.521231 1.807487 1.377353 0.000000 0.886060 0.370491 0.800835 0.053407 1.717302 0.332496 0.837447
0.953584 1.953584 1.046416 0.046416 1.395805 0.012352 0.415705 0.308329 1.544355 1.300449 1.501552 0.416886 1.102046 1.282194 1.471085 1.614433 1.990347 0.161294 0.434240 0.955464 1.373860 0.579255 1.018316 1.546912 0.340178 1.616133 1.212258 0.162196 1.893095 1.585276 0.370377 1.474652 1.534878 0.325097 1.662048 1.042847 0.357600 0.427115 1.570249 0.635170 0.921427 0.491292 0.886060 0.000000 0.515569 1.686895 0.939467 0.831242 1.218556 0.048613
1.469153 1.530847 0.530847 0.469153 0.880236 0.527921 0.099864 0.823898 1.940076 0.784880 1.982879 0.932455 0.586477 1.797763 0.955516 1.098864 1.494084 0.354275 0.081329 0.439895 0.858291 1.094824 0.502747 1.031343 0.855747 1.868298 1.727827 0.353373 1.377526 1.069707 0.145192 1.990221 1.019309 0.840666 1.146479 1.558416 0.157969 0.942684 1.054680 1.150739 1.436996 1.006861 0.370491 0.515569 0.000000 1.171326 0.423898 1.346811 0.702987 0.466956
1.359520 0.359520 0.640480 1.640480 0.291091 1.699247 1.271190 1.995224 0.768749 0.386446 0.811552 1.896219 0.584850 1.030910 0.215810 0.072462 0.322758 1.525601 1.252656 0.731431 0.313035 1.733849 0.668580 0.139983 1.972927 0.696972 1.100847 1.524700 0.206200 0.101620 1.316519 0.838452 0.152018 1.988008 0.024848 1.270258 1.329296 1.885989 0.116647 1.677934 1.391677 1.821812 0.800835 1.686895 1.171326 0.000000 0.747428 1.481863 0.468340 1.638283
1.893052 1.106948 0.106948 0.893052 0.456337 0.951819 0.523762 1.247796 1.516177 0.360982 1.558980 1.356353 0.162579 1.778338 0.531618 0.674966 1.070186 0.778173 0.505227 0.015997 0.434393 1.518722 0.078848 0.607445 1.279645 1.444400 1.848275 0.777271 0.953628 0.645808 0.569090 1.585880 0.595411 1.264564 0.722581 1.982314 0.581868 1.366583 0.630782 1.574638 1.860894 1.430759 0.053407 0.939467 0.423898 0.747428 0.000000 1.770709 0.279089 0.890854
0.122343 1.122343 1.877657 0.877657 1.772954 0.818890 1.246947 0.522913 0.713114 1.868309 0.670311 0.414356 1.933287 0.450953 1.697673 1.554325 1.159105 0.992536 1.265481 1.786706 1.794898 0.251986 1.849557 1.621846 0.491064 0.784891 0.381016 0.993437 1.275663 1.583483 1.201618 0.643411 1.633881 0.506145 1.506711 0.211605 1.188841 0.404126 1.598510 0.196071 0.090186 0.339949 1.717302 0.831242 1.346811 1.481863 1.770709 0.000000 1.950203 0.879854
1.827860 0.827860 0.172140 1.172140 0.177249 1.230908 0.802851 1.526885 1.237089 0.081893 1.279892 1.635442 0.116510 1.499250 0.252530 0.395877 0.791097 1.057262 0.784316 0.263092 0.155304 1.797811 0.200240 0.328356 1.558734 1.165311 1.569186 1.056360 0.674539 0.366720 0.848179 1.306792 0.316322 1.543653 0.443492 1.738597 0.860956 1.645671 0.351693 1.853726 1.860017 1.709848 0.332496 1.218556 0.702987 0.468340 0.279089 1.950203 0.000000 1.169943
1.002197 1.997803 0.997803 0.002197 1.347192 0.060965 0.367092 0.356942 1.592968 1.251836 1.550165 0.465499 1.053433 1.330807 1.422473 1.565820 1.961040 0.112681 0.385627 0.906851 1.325247 0.627868 0.969703 1.498299 0.388791 1.664746 1.260871 0.113583 1.844482 1.536663 0.321764 1.523265 1.486265 0.373710 1.613435 1.091460 0.308987 0.475728 1.521636 0.683783 0.970040 0.539905 0.837447 0.048613 0.466956 1.638283 0.890854 0.879854 1.169943 0.000000
