45
0.000000 1.000000 2.000000 1.000000 0.115236 1.323552 0.531149 1.117751 1.598195 0.871219 1.135298 0.518989 0.863999 0.955158 0.293261 1.435289 1.254158 1.184976 0.363472 0.580093 0.892167 0.969153 0.856219 1.346229 1.742932 0.076795 0.809311 1.659424 0.627071 1.584592 1.646922 1.535735 0.931201 1.208242 1.006161 0.919504 1.829132 1.980334 1.699202 1.083083 0.242452 0.693866 0.454432 1.687056 1.940035
1.000000 0.000000 1.000000 2.000000 0.884764 0.323552 0.468851 1.882249 1.401805 1.871219 1.864702 1.518989 0.136001 0.044842 1.293261 0.435289 1.745842 0.184976 1.363472 0.419907 0.107833 0.030847 1.856219 1.653771 0.742932 1.076795 1.809311 1.340576 0.372929 0.584592 1.353078 0.535735 0.068799 1.791758 1.993839 0.080496 1.170868 1.019666 0.699202 0.083083 1.242452 1.693866 0.545568 0.687056 1.059965
2.000000 1.000000 0.000000 1.000000 1.884764 0.676448 1.468851 0.882249 0.401805 1.128781 0.864702 1.481011 1.136001 1.044842 1.706739 0.564711 0.745842 0.815024 1.636528 1.419907 1.107833 1.030847 1.143781 0.653771 0.257068 1.923205 1.190689 0.340576 1.372929 0.415408 0.353078 0.464265 1.068799 0.791758 0.993839 1.080496 0.170868 0.019666 0.300798 0.916917 1.757548 1.306134 1.545568 0.312944 0.059965
1.000000 2.000000 1.000000 0.000000 1.115236 1.676448 1.531149 0.117751 0.598195 0.128781 0.135298 0.481011 1.863999 1.955158 0.706739 1.564711 0.254158 1.815024 0.636528 1.580093 1.892167 1.969153 0.143781 0.346229 1.257068 0.923205 0.190689 0.659424 1.627071 1.415408 0.646922 1.464265 1.931201 0.208242 0.006161 1.919504 0.829132 0.980334 1.300798 1.916917 0.757548 0.306134 1.454432 1.312944 0.940035
0.115236 0.884764 1.884764 1.115236 0.000000 1.208317 0.415913 1.232987 1.713430 0.986455 1.250534 0.634225 0.748763 0.839922 0.408497 1.320053 1.369393 1.069740 0.478708 0.464858 0.776931 0.853918 0.971455 1.461464 1.627696 0.192030 0.924547 1.774660 0.511836 1.469356 1.762158 1.420499 0.815966 1.323478 1.121396 0.804268 1.944368 1.904431 1.583966 0.967847 0.357688 0.809102 0.339196 1.571820 1.944729
1.323552 0.323552 0.676448 1.676448 1.208317 0.000000 0.792403 1.558696 1.078253 1.805229 1.541150 1.842542 0.459554 0.368394 1.616814 0.111737 1.422290 0.138577 1.687024 0.743459 0.431386 0.354399 1.820229 1.330219 0.419380 1.400347 1.867136 1.017024 0.696481 0.261040 1.029525 0.212183 0.392351 1.468205 1.670287 0.404049 0.847316 0.696114 0.375650 0.240470 1.566005 1.982581 0.869121 0.363504 0.736413
0.531149 0.468851 1.468851 1.531149 0.415913 0.792403 0.000000 1.648900 1.870656 1.402368 1.666447 1.050138 0.332850 0.424009 0.824410 0.904140 1.785307 0.653827 0.894621 0.048944 0.361018 0.438004 1.387368 1.877378 1.211783 0.607944 1.340460 1.809427 0.095922 1.053443 1.821929 1.004586 0.400052 1.739391 1.537310 0.388355 1.639719 1.488517 1.168053 0.551933 0.773601 1.225015 0.076717 1.155907 1.528816
1.117751 1.882249 0.882249 0.117751 1.232987 1.558696 1.648900 0.000000 0.480443 0.246533 0.017547 0.598762 1.981750 1.927090 0.824490 1.446960 0.136406 1.697273 0.754279 1.697845 1.990082 1.913095 0.261532 0.228477 1.139316 1.040957 0.308440 0.541672 1.744823 1.297656 0.529171 1.346514 1.951047 0.090491 0.111591 1.962745 0.711380 0.862582 1.183047 1.799166 0.875299 0.423885 1.572183 1.195193 0.822284
1.598195 1.401805 0.401805 0.598195 1.713430 1.078253 1.870656 0.480443 0.000000 0.726976 0.462896 1.079205 1.537807 1.446647 1.304933 0.966516 0.344037 1.216830 1.234723 1.821712 1.509639 1.432652 0.741975 0.251966 0.658873 1.521400 0.788883 0.061229 1.774734 0.817213 0.048728 0.866070 1.470604 0.389952 0.592034 1.482302 0.230937 0.382139 0.702603 1.318723 1.355742 0.904328 1.947374 0.714749 0.341840
0.871219 1.871219 1.128781 0.128781 0.986455 1.805229 1.402368 0.246533 0.726976 0.000000 0.264079 0.352230 1.735217 1.826377 0.577957 1.693492 0.382939 1.943806 0.507747 1.451312 1.763385 1.840372 0.015000 0.475010 1.385849 0.794424 0.061907 0.788205 1.498290 1.544189 0.775703 1.593046 1.802420 0.337024 0.134942 1.790722 0.957913 1.109115 1.429579 1.954301 0.628766 0.177353 1.325650 1.441725 1.068816
1.135298 1.864702 0.864702 0.135298 1.250534 1.541150 1.666447 0.017547 0.462896 0.264079 0.000000 0.616309 1.999297 1.909544 0.842037 1.429413 0.118860 1.679726 0.771826 1.715391 1.972535 1.895548 0.279079 0.210931 1.121770 1.058503 0.325987 0.524126 1.762369 1.280110 0.511624 1.328967 1.933501 0.072944 0.129137 1.945198 0.693834 0.845036 1.165500 1.781619 0.892846 0.441432 1.589730 1.177646 0.804737
0.518989 1.518989 1.481011 0.481011 0.634225 1.842542 1.050138 0.598762 1.079205 0.352230 0.616309 0.000000 1.382988 1.474147 0.225728 1.954278 0.735168 1.703965 0.155517 1.099083 1.411156 1.488143 0.337230 0.827239 1.738079 0.442195 0.290322 1.140435 1.146061 1.896419 1.127933 1.945276 1.450191 0.689253 0.487171 1.438493 1.310143 1.461345 1.781809 1.602072 0.276537 0.174877 0.973421 1.793955 1.421046
0.863999 0.136001 1.136001 1.863999 0.748763 0.459554 0.332850 1.981750 1.537807 1.735217 1.999297 1.382988 0.000000 0.091160 1.157260 0.571290 1.881844 0.320977 1.227471 0.283905 0.028168 0.105155 1.720218 1.789773 0.878934 0.940793 1.673310 1.476578 0.236927 0.720594 1.489079 0.671736 0.067203 1.927759 1.870159 0.055505 1.306870 1.155668 0.835203 0.219084 1.106451 1.557865 0.409567 0.823057 1.195966
0.955158 0.044842 1.044842 1.955158 0.839922 0.368394 0.424009 1.927090 1.446647 1.826377 1.909544 1.474147 0.091160 0.000000 1.248420 0.480131 1.790684 0.229817 1.318630 0.375065 0.062992 0.013995 1.811377 1.698613 0.787774 1.031953 1.764470 1.385418 0.328087 0.629434 1.397920 0.580577 0.023957 1.836599 1.961319 0.035655 1.215710 1.064508 0.744044 0.127924 1.197611 1.649024 0.500727 0.731898 1.104807
0.293261 1.293261 1.706739 0.706739 0.408497 1.616814 0.824410 0.824490 1.304933 0.577957 0.842037 0.225728 1.157260 1.248420 0.000000 1.728550 0.960896 1.478237 0.070211 0.873355 1.185428 1.262415 0.562958 1.052967 1.963806 0.216467 0.516050 1.366162 0.920333 1.877854 1.353661 1.828996 1.224463 0.914981 0.712899 1.212765 1.535870 1.687072 1.992463 1.376344 0.050809 0.400605 0.747693 1.980317 1.646774
1.435289 0.435289 0.564711 1.564711 1.320053 0.111737 0.904140 1.446960 0.966516 1.693492 1.429413 1.954278 0.571290 0.480131 1.728550 0.000000 1.310553 0.250313 1.798761 0.855196 0.543122 0.466136 1.708492 1.218482 0.307643 1.512084 1.755400 0.905287 0.808218 0.149303 0.917789 0.100446 0.504088 1.356469 1.558550 0.515785 0.735579 0.584377 0.263913 0.352207 1.677741 1.870845 0.980857 0.251767 0.624676
1.254158 1.745842 0.745842 0.254158 1.369393 1.422290 1.785307 0.136406 0.344037 0.382939 0.118860 0.735168 1.881844 1.790684 0.960896 1.310553 0.000000 1.560867 0.890686 1.834251 1.853676 1.776689 0.397939 0.092071 1.002910 1.177363 0.444846 0.405266 1.881229 1.161250 0.392765 1.210107 1.814641 0.045915 0.247997 1.826339 0.574974 0.726176 1.046640 1.662760 1.011705 0.560291 1.708589 1.058786 0.685877
1.184976 0.184976 0.815024 1.815024 1.069740 0.138577 0.653827 1.697273 1.216830 1.943806 1.679726 1.703965 0.320977 0.229817 1.478237 0.250313 1.560867 0.000000 1.548448 0.604882 0.292809 0.215822 1.958805 1.468796 0.557957 1.261770 1.994287 1.155601 0.557904 0.399617 1.168102 0.350759 0.253774 1.606782 1.808864 0.265472 0.985893 0.834691 0.514226 0.101893 1.427428 1.878842 0.730544 0.502080 0.874989
0.363472 1.363472 1.636528 0.636528 0.478708 1.687024 0.894621 0.754279 1.234723 0.507747 0.771826 0.155517 1.227471 1.318630 0.070211 1.798761 0.890686 1.548448 0.000000 0.943565 1.255639 1.332625 0.492747 0.982757 1.893596 0.286677 0.445839 1.295952 0.990543 1.948064 1.283450 1.899207 1.294673 0.844770 0.642689 1.282976 1.465660 1.616862 1.937326 1.446554 0.121020 0.330394 0.817904 1.949472 1.576563
0.580093 0.419907 1.419907 1.580093 0.464858 0.743459 0.048944 1.697845 1.821712 1.451312 1.715391 1.099083 0.283905 0.375065 0.873355 0.855196 1.834251 0.604882 0.943565 0.000000 0.312073 0.389060 1.436312 1.926322 1.162839 0.656888 1.389405 1.760483 0.046978 1.004499 1.772984 0.955642 0.351108 1.788336 1.586254 0.339410 1.590775 1.439573 1.119109 0.502989 0.822546 1.273960 0.125662 1.106963 1.479872
0.892167 0.107833 1.107833 1.892167 0.776931 0.431386 0.361018 1.990082 1.509639 1.763385 1.972535 1.411156 0.028168 0.062992 1.185428 0.543122 1.853676 0.292809 1.255639 0.312073 0.000000 0.076987 1.748386 1.761605 0.850766 0.968961 1.701478 1.448410 0.265095 0.692426 1.460911 0.643568 0.039035 1.899591 1.898327 0.027337 1.278702 1.127500 0.807035 0.190916 1.134619 1.586033 0.437735 0.794889 1.167798
0.969153 0.030847 1.030847 1.969153 0.853918 0.354399 0.438004 1.913095 1.432652 1.840372 1.895548 1.488143 0.105155 0.013995 1.262415 0.466136 1.776689 0.215822 1.332625 0.389060 0.076987 0.000000 1.825373 1.684618 0.773779 1.045948 1.778465 1.371423 0.342082 0.615439 1.383924 0.566582 0.037952 1.822604 1.975314 0.049650 1.201715 1.050513 0.730049 0.113929 1.211606 1.663020 0.514722 0.717903 1.090812
0.856219 1.856219 1.143781 0.143781 0.971455 1.820229 1.387368 0.261532 0.741975 0.015000 0.279079 0.337230 1.720218 1.811377 0.562958 1.708492 0.397939 1.958805 0.492747 1.436312 1.748386 1.825373 0.000000 0.490009 1.400849 0.779424 0.046908 0.803205 1.483291 1.559189 0.790703 1.608046 1.787420 0.352023 0.149942 1.775723 0.972913 1.124115 1.444579 1.939302 0.613767 0.162353 1.310651 1.456725 1.083816
1.346229 1.653771 0.653771 0.346229 1.461464 1.330219 1.877378 0.228477 0.251966 0.475010 0.210931 0.827239 1.789773 1.698613 1.052967 1.218482 0.092071 1.468796 0.982757 1.926322 1.761605 1.684618 0.490009 0.000000 0.910839 1.269434 0.536917 0.313195 1.973300 1.069179 0.300694 1.118036 1.722570 0.137986 0.340068 1.734268 0.482903 0.634105 0.954569 1.570689 1.103776 0.652362 1.800660 0.966715 0.593806
1.742932 0.742932 0.257068 1.257068 1.627696 0.419380 1.211783 1.139316 0.658873 1.385849 1.121770 1.738079 0.878934 0.787774 1.963806 0.307643 1.002910 0.557957 1.893596 1.162839 0.850766 0.773779 1.400849 0.910839 0.000000 1.819727 1.447756 0.597644 1.115861 0.158340 0.610146 0.207197 0.811731 1.048825 1.250907 0.823429 0.427936 0.276734 0.043730 0.659850 1.985385 1.563202 1.288501 0.055876 0.317033
0.076795 1.076795 1.923205 0.923205 0.192030 1.400347 0.607944 1.040957 1.521400 0.794424 1.058503 0.442195 0.940793 1.031953 0.216467 1.512084 1.177363 1.261770 0.286677 0.656888 0.968961 1.045948 0.779424 1.269434 1.819727 0.000000 0.732517 1.582629 0.703866 1.661387 1.570128 1.612530 1.007996 1.131448 0.929366 0.996298 1.752337 1.903539 1.775997 1.159877 0.165658 0.617071 0.531226 1.763851 1.863240
0.809311 1.809311 1.190689 0.190689 0.924547 1.867136 1.340460 0.308440 0.788883 0.061907 0.325987 0.290322 1.673310 1.764470 0.516050 1.755400 0.444846 1.994287 0.445839 1.389405 1.701478 1.778465 0.046908 0.536917 1.447756 0.732517 0.000000 0.850112 1.436383 1.606096 0.837611 1.654954 1.740513 0.398931 0.196849 1.728815 1.019820 1.171022 1.491487 1.892394 0.566859 0.115445 1.263743 1.503633 1.130724
1.659424 1.340576 0.340576 0.659424 1.774660 1.017024 1.809427 0.541672 0.061229 0.788205 0.524126 1.140435 1.476578 1.385418 1.366162 0.905287 0.405266 1.155601 1.295952 1.760483 1.448410 1.371423 0.803205 0.313195 0.597644 1.582629 0.850112 0.000000 1.713505 0.755984 0.012502 0.804841 1.409375 0.451181 0.653263 1.421073 0.169708 0.320910 0.641374 1.257494 1.416971 0.965558 1.886145 0.653520 0.280611
0.627071 0.372929 1.372929 1.627071 0.511836 0.696481 0.095922 1.744823 1.774734 1.498290 1.762369 1.146061 0.236927 0.328087 0.920333 0.808218 1.881229 0.557904 0.990543 0.046978 0.265095 0.342082 1.483291 1.973300 1.115861 0.703866 1.436383 1.713505 0.000000 0.957521 1.726006 0.908664 0.304130 1.835314 1.633232 0.292432 1.543797 1.392595 1.072131 0.456011 0.869524 1.320938 0.172640 1.059985 1.432894
1.584592 0.584592 0.415408 1.415408 1.469356 0.261040 1.053443 1.297656 0.817213 1.544189 1.280110 1.896419 0.720594 0.629434 1.877854 0.149303 1.161250 0.399617 1.948064 1.004499 0.692426 0.615439 1.559189 1.069179 0.158340 1.661387 1.606096 0.755984 0.957521 0.000000 0.768486 0.048857 0.653391 1.207166 1.409247 0.665089 0.586276 0.435074 0.114610 0.501510 1.827045 1.721542 1.130161 0.102464 0.475373
1.646922 1.353078 0.353078 0.646922 1.762158 1.029525 1.821929 0.529171 0.048728 0.775703 0.511624 1.127933 1.489079 1.397920 1.353661 0.917789 0.392765 1.168102 1.283450 1.772984 1.460911 1.383924 0.790703 0.300694 0.610146 1.570128 0.837611 0.012502 1.726006 0.768486 0.000000 0.817343 1.421876 0.438680 0.640762 1.433574 0.182210 0.333412 0.653876 1.269995 1.404470 0.953056 1.898646 0.666022 0.293113
1.535735 0.535735 0.464265 1.464265 1.420499 0.212183 1.004586 1.346514 0.866070 1.593046 1.328967 1.945276 0.671736 0.580577 1.828996 0.100446 1.210107 0.350759 1.899207 0.955642 0.643568 0.566582 1.608046 1.118036 0.207197 1.612530 1.654954 0.804841 0.908664 0.048857 0.817343 0.000000 0.604534 1.256023 1.458104 0.616231 0.635133 0.483931 0.163467 0.452653 1.778187 1.770399 1.081303 0.151321 0.524230
0.931201 0.068799 1.068799 1.931201 0.815966 0.392351 0.400052 1.951047 1.470604 1.802420 1.933501 1.450191 0.067203 0.023957 1.224463 0.504088 1.814641 0.253774 1.294673 0.351108 0.039035 0.037952 1.787420 1.722570 0.811731 1.007996 1.740513 1.409375 0.304130 0.653391 1.421876 0.604534 0.000000 1.860556 1.937362 0.011698 1.239667 1.088465 0.768001 0.151881 1.173654 1.625067 0.476770 0.755855 1.128764
1.208242 1.791758 0.791758 0.208242 1.323478 1.468205 1.739391 0.090491 0.389952 0.337024 0.072944 0.689253 1.927759 1.836599 0.914981 1.356469 0.045915 1.606782 0.844770 1.788336 1.899591 1.822604 0.352023 0.137986 1.048825 1.131448 0.398931 0.451181 1.835314 1.207166 0.438680 1.256023 1.860556 0.000000 0.202082 1.872254 0.620890 0.772091 1.092556 1.708675 0.965790 0.514376 1.662674 1.104702 0.731793
1.006161 1.993839 0.993839 0.006161 1.121396 1.670287 1.537310 0.111591 0.592034 0.134942 0.129137 0.487171 1.870159 1.961319 0.712899 1.558550 0.247997 1.808864 0.642689 1.586254 1.898327 1.975314 0.149942 0.340068 1.250907 0.929366 0.196849 0.653263 1.633232 1.409247 0.640762 1.458104 1.937362 0.202082 0.000000 1.925664 0.822971 0.974173 1.294637 1.910757 0.763708 0.312294 1.460592 1.306783 0.933874
0.919504 0.080496 1.080496 1.919504 0.804268 0.404049 0.388355 1.962745 1.482302 1.790722 1.945198 1.438493 0.055505 0.035655 1.212765 0.515785 1.826339 0.265472 1.282976 0.339410 0.027337 0.049650 1.775723 1.734268 0.823429 0.996298 1.728815 1.421073 0.292432 0.665089 1.433574 0.616231 0.011698 1.872254 1.925664 0.000000 1.251365 1.100163 0.779698 0.163579 1.161956 1.613370 0.465072 0.767552 1.140461
1.829132 1.170868 0.170868 0.829132 1.944368 0.847316 1.639719 0.711380 0.230937 0.957913 0.693834 1.310143 1.306870 1.215710 1.535870 0.735579 0.574974 0.985893 1.465660 1.590775 1.278702 1.201715 0.972913 0.482903 0.427936 1.752337 1.019820 0.169708 1.543797 0.586276 0.182210 0.635133 1.239667 0.620890 0.822971 1.251365 0.000000 0.151202 0.471666 1.087786 1.586679 1.135266 1.716437 0.483812 0.110903
1.980334 1.019666 0.019666 0.980334 1.904431 0.696114 1.488517 0.862582 0.382139 1.109115 0.845036 1.461345 1.155668 1.064508 1.687072 0.584377 0.726176 0.834691 1.616862 1.439573 1.127500 1.050513 1.124115 0.634105 0.276734 1.903539 1.171022 0.320910 1.392595 0.435074 0.333412 0.483931 1.088465 0.772091 0.974173 1.100163 0.151202 0.000000 0.320464 0.936584 1.737881 1.286468 1.565235 0.332610 0.040299
1.699202 0.699202 0.300798 1.300798 1.583966 0.375650 1.168053 1.183047 0.702603 1.429579 1.165500 1.781809 0.835203 0.744044 1.992463 0.263913 1.046640 0.514226 1.937326 1.119109 0.807035 0.730049 1.444579 0.954569 0.043730 1.775997 1.491487 0.641374 1.072131 0.114610 0.653876 0.163467 0.768001 1.092556 1.294637 0.779698 0.471666 0.320464 0.000000 0.616120 1.941654 1.606932 1.244770 0.012146 0.360763
1.083083 0.083083 0.916917 1.916917 0.967847 0.240470 0.551933 1.799166 1.318723 1.954301 1.781619 1.602072 0.219084 0.127924 1.376344 0.352207 1.662760 0.101893 1.446554 0.502989 0.190916 0.113929 1.939302 1.570689 0.659850 1.159877 1.892394 1.257494 0.456011 0.501510 1.269995 0.452653 0.151881 1.708675 1.910757 0.163579 1.087786 0.936584 0.616120 0.000000 1.325535 1.776949 0.628651 0.603974 0.976882
0.242452 1.242452 1.757548 0.757548 0.357688 1.566005 0.773601 0.875299 1.355742 0.628766 0.892846 0.276537 1.106451 1.197611 0.050809 1.677741 1.011705 1.427428 0.121020 0.822546 1.134619 1.211606 0.613767 1.103776 1.985385 0.165658 0.566859 1.416971 0.869524 1.827045 1.404470 1.778187 1.173654 0.965790 0.763708 1.161956 1.586679 1.737881 1.941654 1.325535 0.000000 0.451414 0.696884 1.929508 1.697583
0.693866 1.693866 1.306134 0.306134 0.809102 1.982581 1.225015 0.423885 0.904328 0.177353 0.441432 0.174877 1.557865 1.649024 0.400605 1.870845 0.560291 1.878842 0.330394 1.273960 1.586033 1.663020 0.162353 0.652362 1.563202 0.617071 0.115445 0.965558 1.320938 1.721542 0.953056 1.770399 1.625067 0.514376 0.312294 1.613370 1.135266 1.286468 1.606932 1.776949 0.451414 0.000000 1.148298 1.619078 1.246169
0.454432 0.545568 1.545568 1.454432 0.339196 0.869121 0.076717 1.572183 1.947374 1.325650 1.589730 0.973421 0.409567 0.500727 0.747693 0.980857 1.708589 0.730544 0.817904 0.125662 0.437735 0.514722 1.310651 1.800660 1.288501 0.531226 1.263743 1.886145 0.172640 1.130161 1.898646 1.081303 0.476770 1.662674 1.460592 0.465072 1.716437 1.565235 1.244770 0.628651 0.696884 1.148298 0.000000 1.232624 1.605533
1.687056 0.687056 0.312944 1.312944 1.571820 0.363504 1.155907 1.195193 0.714749 1.441725 1.177646 1.793955 0.823057 0.731898 1.980317 0.251767 1.058786 0.502080 1.949472 1.106963 0.794889 0.717903 1.456725 0.966715 0.055876 1.763851 1.503633 0.653520 1.059985 0.102464 0.666022 0.151321 0.755855 1.104702 1.306783 0.767552 0.483812 0.332610 0.012146 0.603974 1.929508 1.619078 1.232624 0.000000 0.372909
1.940035 1.059965 0.059965 0.940035 1.944729 0.736413 1.528816 0.822284 0.341840 1.068816 0.804737 1.421046 1.195966 1.104807 1.646774 0.624676 0.685877 0.874989 1.576563 1.479872 1.167798 1.090812 1.083816 0.593806 0.317033 1.863240 1.130724 0.280611 1.432894 0.475373 0.293113 0.524230 1.128764 0.731793 0.933874 1.140461 0.110903 0.040299 0.360763 0.976882 1.697583 1.246169 1.605533 0.372909 0.000000
