40
0.000000 1.000000 2.000000 1.000000 0.285609 0.049477 1.722159 1.284490 1.091784 0.432107 1.433147 1.890740 0.947947 0.548675 1.152774 1.737851 0.763249 1.437501 1.877018 0.051964 1.613944 0.364887 0.390949 1.111671 1.625238 0.238017 0.850675 1.919817 1.272884 1.614793 1.525448 1.643368 1.595655 0.408877 0.135182 0.294881 1.224291 0.330381 1.717899 0.685044
1.000000 0.000000 1.000000 2.000000 0.714391 0.950523 1.277841 0.284490 0.091784 1.432107 1.566853 0.890740 0.052053 0.451325 0.152774 0.737851 1.763249 1.562499 0.877018 1.051964 0.613944 0.635113 1.390949 0.111671 0.625238 0.761983 0.149325 0.919817 1.727116 0.614793 1.474552 1.356632 0.595655 0.591123 0.864818 1.294881 0.224291 1.330381 0.717899 0.314956
2.000000 1.000000 0.000000 1.000000 1.714391 1.950523 0.277841 0.715510 0.908216 1.567893 0.566853 0.109260 1.052053 1.451325 0.847226 0.262149 1.236751 0.562499 0.122982 1.948036 0.386056 1.635113 1.609051 0.888329 0.374762 1.761983 1.149325 0.080183 0.727116 0.385207 0.474552 0.356632 0.404345 1.591123 1.864818 1.705119 0.775709 1.669619 0.282101 1.314956
1.000000 2.000000 1.000000 0.000000 1.285609 1.049477 0.722159 1.715510 1.908216 0.567893 0.433147 1.109260 1.947947 1.548675 1.847226 1.262149 0.236751 0.437501 1.122982 0.948036 1.386056 1.364887 0.609051 1.888329 1.374762 1.238017 1.850675 1.080183 0.272884 1.385207 0.525448 0.643368 1.404345 1.408877 1.135182 0.705119 1.775709 0.669619 1.282101 1.685044
0.285609 0.714391 1.714391 1.285609 0.000000 0.236132 1.992231 0.998881 0.806175 0.717716 1.718756 1.605131 0.662337 0.263066 0.867165 1.452241 1.048858 1.723110 1.591409 0.337573 1.328335 0.079278 0.676558 0.826062 1.339629 0.047593 0.565066 1.634208 1.558493 1.329184 1.811057 1.928977 1.310046 0.123268 0.150427 0.580490 0.938682 0.615990 1.432289 0.399434
0.049477 0.950523 1.950523 1.049477 0.236132 0.000000 1.771637 1.235012 1.042307 0.481584 1.482624 1.841262 0.898469 0.499198 1.103296 1.688373 0.812726 1.486978 1.827541 0.101441 1.564466 0.315410 0.440426 1.062194 1.575761 0.188539 0.801198 1.870340 1.322362 1.565315 1.574925 1.692846 1.546178 0.359399 0.085705 0.344358 1.174813 0.379859 1.668421 0.635566
1.722159 1.277841 0.277841 0.722159 1.992231 1.771637 0.000000 0.993351 1.186056 1.290053 0.289013 0.387101 1.329894 1.729165 1.125067 0.539990 0.958911 0.284659 0.400823 1.670196 0.663897 1.912953 1.331211 1.166169 0.652602 1.960176 1.427165 0.358024 0.449275 0.663048 0.196712 0.078791 0.682186 1.868964 1.857342 1.427279 1.053550 1.391778 0.559942 1.592797
1.284490 0.284490 0.715510 1.715510 0.998881 1.235012 0.993351 0.000000 0.192705 1.716596 1.282364 0.606250 0.336543 0.735815 0.131716 0.453361 1.952262 1.278009 0.592528 1.336453 0.329454 0.919602 1.675439 0.172818 0.340748 1.046473 0.433814 0.635327 1.442626 0.330303 1.190062 1.072142 0.311165 0.875613 1.149307 1.579370 0.060199 1.614871 0.433409 0.599446
1.091784 0.091784 0.908216 1.908216 0.806175 1.042307 1.186056 0.192705 0.000000 1.523891 1.475069 0.798955 0.143838 0.543109 0.060989 0.646066 1.855033 1.470715 0.785234 1.143748 0.522159 0.726897 1.482733 0.019887 0.533454 0.853768 0.241109 0.828033 1.635331 0.523008 1.382768 1.264847 0.503871 0.682908 0.956602 1.386665 0.132506 1.422166 0.626114 0.406741
0.432107 1.432107 1.567893 0.567893 0.717716 0.481584 1.290053 1.716596 1.523891 0.000000 1.001040 1.677153 1.380053 0.980782 1.584881 1.830043 0.331142 1.005394 1.690875 0.380143 1.953949 0.796994 0.041158 1.543778 1.942655 0.670123 1.282782 1.648076 0.840777 1.953100 1.093341 1.211262 1.972238 0.840984 0.567289 0.137226 1.656398 0.101726 1.849995 1.117150
1.433147 1.566853 0.566853 0.433147 1.718756 1.482624 0.289013 1.282364 1.475069 1.001040 0.000000 0.676114 1.618907 1.981822 1.414080 0.829003 0.669898 0.004354 0.689835 1.381183 0.952910 1.798034 1.042198 1.455182 0.941615 1.671163 1.716178 0.647036 0.160262 0.952061 0.092301 0.210222 0.971198 1.842023 1.568329 1.138266 1.342563 1.102765 0.848955 1.881810
1.890740 0.890740 0.109260 1.109260 1.605131 1.841262 0.387101 0.606250 0.798955 1.677153 0.676114 0.000000 0.942793 1.342065 0.737966 0.152889 1.346012 0.671759 0.013722 1.942704 0.276796 1.525853 1.718311 0.779068 0.265502 1.652723 1.040064 0.029077 0.836376 0.275947 0.583812 0.465892 0.295085 1.481863 1.755558 1.814379 0.666449 1.778879 0.172841 1.205696
0.947947 0.052053 1.052053 1.947947 0.662337 0.898469 1.329894 0.336543 0.143838 1.380053 1.618907 0.942793 0.000000 0.399271 0.204827 0.789904 1.711195 1.614553 0.929071 0.999910 0.665997 0.583059 1.338895 0.163725 0.677292 0.709930 0.097271 0.971870 1.779169 0.666846 1.526606 1.408685 0.647708 0.539070 0.812764 1.242827 0.276344 1.278328 0.769952 0.262903
0.548675 0.451325 1.451325 1.548675 0.263066 0.499198 1.729165 0.735815 0.543109 0.980782 1.981822 1.342065 0.399271 0.000000 0.604099 1.189175 1.311924 1.986176 1.328343 0.600639 1.065269 0.183788 0.939624 0.562996 1.076563 0.310658 0.302000 1.371142 1.821559 1.066118 1.925877 1.807957 1.046980 0.139798 0.413493 0.843556 0.675616 0.879056 1.169223 0.136368
1.152774 0.152774 0.847226 1.847226 0.867165 1.103296 1.125067 0.131716 0.060989 1.584881 1.414080 0.737966 0.204827 0.604099 0.000000 0.585077 1.916022 1.409725 0.724244 1.204738 0.461170 0.787887 1.543723 0.041102 0.472464 0.914757 0.302099 0.767043 1.574342 0.462019 1.321778 1.203858 0.442881 0.743897 1.017592 1.447655 0.071517 1.483155 0.565125 0.467730
1.737851 0.737851 0.262149 1.262149 1.452241 1.688373 0.539990 0.453361 0.646066 1.830043 0.829003 0.152889 0.789904 1.189175 0.585077 0.000000 1.498901 0.824649 0.139167 1.789814 0.123907 1.372963 1.871201 0.626179 0.112612 1.499834 0.887175 0.181966 0.989265 0.123058 0.736702 0.618781 0.142196 1.328974 1.602668 1.967269 0.513560 1.931768 0.019952 1.052807
0.763249 1.763249 1.236751 0.236751 1.048858 0.812726 0.958911 1.952262 1.855033 0.331142 0.669898 1.346012 1.711195 1.311924 1.916022 1.498901 0.000000 0.674252 1.359733 0.711285 1.622808 1.128136 0.372300 1.874920 1.611513 1.001265 1.613924 1.316934 0.509636 1.621958 0.762199 0.880120 1.641096 1.172125 0.898431 0.468368 1.987539 0.432867 1.518853 1.448292
1.437501 1.562499 0.562499 0.437501 1.723110 1.486978 0.284659 1.278009 1.470715 1.005394 0.004354 0.671759 1.614553 1.986176 1.409725 0.824649 0.674252 0.000000 0.685481 1.385537 0.948555 1.802388 1.046552 1.450828 0.937261 1.675518 1.711824 0.642682 0.164617 0.947706 0.087947 0.205867 0.966844 1.846378 1.572683 1.142620 1.338208 1.107120 0.844601 1.877456
1.877018 0.877018 0.122982 1.122982 1.591409 1.827541 0.400823 0.592528 0.785234 1.690875 0.689835 0.013722 0.929071 1.328343 0.724244 0.139167 1.359733 0.685481 0.000000 1.928982 0.263074 1.512131 1.732033 0.765347 0.251780 1.639001 1.026343 0.042799 0.850098 0.262225 0.597534 0.479614 0.281363 1.468141 1.741836 1.828101 0.652727 1.792601 0.159119 1.191974
0.051964 1.051964 1.948036 0.948036 0.337573 0.101441 1.670196 1.336453 1.143748 0.380143 1.381183 1.942704 0.999910 0.600639 1.204738 1.789814 0.711285 1.385537 1.928982 0.000000 1.665908 0.416851 0.338985 1.163635 1.677202 0.289980 0.902639 1.971781 1.220920 1.666757 1.473484 1.591405 1.647619 0.460841 0.187146 0.242917 1.276255 0.278417 1.769862 0.737007
1.613944 0.613944 0.386056 1.386056 1.328335 1.564466 0.663897 0.329454 0.522159 1.953949 0.952910 0.276796 0.665997 1.065269 0.461170 0.123907 1.622808 0.948555 0.263074 1.665908 0.000000 1.249057 1.995107 0.502272 0.011294 1.375927 0.763269 0.305873 1.113172 0.000849 0.860608 0.742688 0.018289 1.205067 1.478762 1.908825 0.389653 1.944325 0.103955 0.928900
0.364887 0.635113 1.635113 1.364887 0.079278 0.315410 1.912953 0.919602 0.726897 0.796994 1.798034 1.525853 0.583059 0.183788 0.787887 1.372963 1.128136 1.802388 1.512131 0.416851 1.249057 0.000000 0.755836 0.746784 1.260351 0.126871 0.485788 1.554930 1.637771 1.249906 1.890335 1.991744 1.230768 0.043990 0.229705 0.659768 0.859404 0.695268 1.353011 0.320156
0.390949 1.390949 1.609051 0.609051 0.676558 0.440426 1.331211 1.675439 1.482733 0.041158 1.042198 1.718311 1.338895 0.939624 1.543723 1.871201 0.372300 1.046552 1.732033 0.338985 1.995107 0.755836 0.000000 1.502620 1.983813 0.628966 1.241624 1.689234 0.881935 1.994258 1.134499 1.252419 1.986604 0.799826 0.526131 0.096068 1.615240 0.060568 1.891153 1.075992
1.111671 0.111671 0.888329 1.888329 0.826062 1.062194 1.166169 0.172818 0.019887 1.543778 1.455182 0.779068 0.163725 0.562996 0.041102 0.626179 1.874920 1.450828 0.765347 1.163635 0.502272 0.746784 1.502620 0.000000 0.513567 0.873655 0.260996 0.808146 1.615444 0.503122 1.362881 1.244960 0.483984 0.702795 0.976489 1.406552 0.112619 1.442053 0.606227 0.426628
1.625238 0.625238 0.374762 1.374762 1.339629 1.575761 0.652602 0.340748 0.533454 1.942655 0.941615 0.265502 0.677292 1.076563 0.472464 0.112612 1.611513 0.937261 0.251780 1.677202 0.011294 1.260351 1.983813 0.513567 0.000000 1.387221 0.774563 0.294579 1.101878 0.010445 0.849314 0.731394 0.029583 1.216361 1.490056 1.920119 0.400947 1.955619 0.092660 0.940195
0.238017 0.761983 1.761983 1.238017 0.047593 0.188539 1.960176 1.046473 0.853768 0.670123 1.671163 1.652723 0.709930 0.310658 0.914757 1.499834 1.001265 1.675518 1.639001 0.289980 1.375927 0.126871 0.628966 0.873655 1.387221 0.000000 0.612659 1.681800 1.510901 1.376776 1.763465 1.881385 1.357638 0.170860 0.102834 0.532897 0.986274 0.568398 1.479882 0.447027
0.850675 0.149325 1.149325 1.850675 0.565066 0.801198 1.427165 0.433814 0.241109 1.282782 1.716178 1.040064 0.097271 0.302000 0.302099 0.887175 1.613924 1.711824 1.026343 0.902639 0.763269 0.485788 1.241624 0.260996 0.774563 0.612659 0.000000 1.069142 1.876440 0.764118 1.623877 1.505956 0.744980 0.441799 0.715493 1.145556 0.373615 1.181057 0.867223 0.165632
1.919817 0.919817 0.080183 1.080183 1.634208 1.870340 0.358024 0.635327 0.828033 1.648076 0.647036 0.029077 0.971870 1.371142 0.767043 0.181966 1.316934 0.642682 0.042799 1.971781 0.305873 1.554930 1.689234 0.808146 0.294579 1.681800 1.069142 0.000000 0.807299 0.305024 0.554735 0.436815 0.324162 1.510940 1.784635 1.785302 0.695526 1.749802 0.201918 1.234773
1.272884 1.727116 0.727116 0.272884 1.558493 1.322362 0.449275 1.442626 1.635331 0.840777 0.160262 0.836376 1.779169 1.821559 1.574342 0.989265 0.509636 0.164617 0.850098 1.220920 1.113172 1.637771 0.881935 1.615444 1.101878 1.510901 1.876440 0.807299 0.000000 1.112323 0.252564 0.370484 1.131461 1.681761 1.408066 0.978003 1.502825 0.942503 1.009217 1.957928
1.614793 0.614793 0.385207 1.385207 1.329184 1.565315 0.663048 0.330303 0.523008 1.953100 0.952061 0.275947 0.666846 1.066118 0.462019 0.123058 1.621958 0.947706 0.262225 1.666757 0.000849 1.249906 1.994258 0.503122 0.010445 1.376776 0.764118 0.305024 1.112323 0.000000 0.859759 0.741839 0.019138 1.205916 1.479611 1.909674 0.390502 1.945174 0.103106 0.929749
1.525448 1.474552 0.474552 0.525448 1.811057 1.574925 0.196712 1.190062 1.382768 1.093341 0.092301 0.583812 1.526606 1.925877 1.321778 0.736702 0.762199 0.087947 0.597534 1.473484 0.860608 1.890335 1.134499 1.362881 0.849314 1.763465 1.623877 0.554735 0.252564 0.859759 0.000000 0.117920 0.878897 1.934325 1.660630 1.230567 1.250261 1.195067 0.756654 1.789509
1.643368 1.356632 0.356632 0.643368 1.928977 1.692846 0.078791 1.072142 1.264847 1.211262 0.210222 0.465892 1.408685 1.807957 1.203858 0.618781 0.880120 0.205867 0.479614 1.591405 0.742688 1.991744 1.252419 1.244960 0.731394 1.881385 1.505956 0.436815 0.370484 0.741839 0.117920 0.000000 0.760977 1.947755 1.778551 1.348488 1.132341 1.312987 0.638733 1.671588
1.595655 0.595655 0.404345 1.404345 1.310046 1.546178 0.682186 0.311165 0.503871 1.972238 0.971198 0.295085 0.647708 1.046980 0.442881 0.142196 1.641096 0.966844 0.281363 1.647619 0.018289 1.230768 1.986604 0.483984 0.029583 1.357638 0.744980 0.324162 1.131461 0.019138 0.878897 0.760977 0.000000 1.186778 1.460473 1.890536 0.371364 1.926036 0.122244 0.910611
0.408877 0.591123 1.591123 1.408877 0.123268 0.359399 1.868964 0.875613 0.682908 0.840984 1.842023 1.481863 0.539070 0.139798 0.743897 1.328974 1.172125 1.846378 1.468141 0.460841 1.205067 0.043990 0.799826 0.702795 1.216361 0.170860 0.441799 1.510940 1.681761 1.205916 1.934325 1.947755 1.186778 0.000000 0.273695 0.703758 0.815414 0.739258 1.309022 0.276167
0.135182 0.864818 1.864818 1.135182 0.150427 0.085705 1.857342 1.149307 0.956602 0.567289 1.568329 1.755558 0.812764 0.413493 1.017592 1.602668 0.898431 1.572683 1.741836 0.187146 1.478762 0.229705 0.526131 0.976489 1.490056 0.102834 0.715493 1.784635 1.408066 1.479611 1.660630 1.778551 1.460473 0.273695 0.000000 0.430063 1.089109 0.465563 1.582716 0.549861
0.294881 1.294881 1.705119 0.705119 0.580490 0.344358 1.427279 1.579370 1.386665 0.137226 1.138266 1.814379 1.242827 0.843556 1.447655 1.967269 0.468368 1.142620 1.828101 0.242917 1.908825 0.659768 0.096068 1.406552 1.920119 0.532897 1.145556 1.785302 0.978003 1.909674 1.230567 1.348488 1.890536 0.703758 0.430063 0.000000 1.519172 0.035500 1.987221 0.979924
1.224291 0.224291 0.775709 1.775709 0.938682 1.174813 1.053550 0.060199 0.132506 1.656398 1.342563 0.666449 0.276344 0.675616 0.071517 0.513560 1.987539 1.338208 0.652727 1.276255 0.389653 0.859404 1.615240 0.112619 0.400947 0.986274 0.373615 0.695526 1.502825 0.390502 1.250261 1.132341 0.371364 0.815414 1.089109 1.519172 0.000000 1.554672 0.493608 0.539247
0.330381 1.330381 1.669619 0.669619 0.615990 0.379859 1.391778 1.614871 1.422166 0.101726 1.102765 1.778879 1.278328 0.879056 1.483155 1.931768 0.432867 1.107120 1.792601 0.278417 1.944325 0.695268 0.060568 1.442053 1.955619 0.568398 1.181057 1.749802 0.942503 1.945174 1.195067 1.312987 1.926036 0.739258 0.465563 0.035500 1.554672 0.000000 1.951720 1.015425
1.717899 0.717899 0.282101 1.282101 1.432289 1.668421 0.559942 0.433409 0.626114 1.849995 0.848955 0.172841 0.769952 1.169223 0.565125 0.019952 1.518853 0.844601 0.159119 1.769862 0.103955 1.353011 1.891153 0.606227 0.092660 1.479882 0.867223 0.201918 1.009217 0.103106 0.756654 0.638733 0.122244 1.309022 1.582716 1.987221 0.493608 1.951720 0.000000 1.032855
0.685044 0.314956 1.314956 1.685044 0.399434 0.635566 1.592797 0.599446 0.406741 1.117150 1.881810 1.205696 0.262903 0.136368 0.467730 1.052807 1.448292 1.877456 1.191974 0.737007 0.928900 0.320156 1.075992 0.426628 0.940195 0.447027 0.165632 1.234773 1.957928 0.929749 1.789509 1.671588 0.910611 0.276167 0.549861 0.979924 0.539247 1.015425 1.032855 0.000000
