25
0.000000 1.000000 2.000000 1.000000 1.940186 1.462655 1.729227 1.931098 0.268041 1.977173 1.377266 0.292422 1.374143 0.119409 1.153072 0.950556 1.753000 1.734943 1.653266 1.820310 1.030876 1.174959 1.658307 0.198948 0.288734
1.000000 0.000000 1.000000 2.000000 1.059814 1.537345 1.270773 1.068902 0.731959 1.022827 0.377266 1.292422 1.625857 1.119409 1.846928 1.950556 0.753000 0.734943 1.346734 1.179690 0.030876 0.174959 0.658307 1.198948 1.288734
2.000000 1.000000 0.000000 1.000000 0.059814 0.537345 0.270773 0.068902 1.731959 0.022827 0.622734 1.707578 0.625857 1.880591 0.846928 1.049444 0.247000 0.265057 0.346734 0.179690 0.969124 0.825041 0.341693 1.801052 1.711266
1.000000 2.000000 1.000000 0.000000 0.940186 0.462655 0.729227 0.931098 1.268041 0.977173 1.622734 0.707578 0.374143 0.880591 0.153072 0.049444 1.247000 1.265057 0.653266 0.820310 1.969124 1.825041 1.341693 0.801052 0.711266
1.940186 1.059814 0.059814 0.940186 0.000000 0.477531 0.210959 0.009088 1.791772 0.036986 0.682548 1.647764 0.566043 1.820777 0.787115 0.989630 0.306813 0.324870 0.286920 0.119876 1.028938 0.884855 0.401506 1.741238 1.651453
1.462655 1.537345 0.537345 0.462655 0.477531 0.000000 0.266572 0.468443 1.730696 0.514518 1.160079 1.170233 0.088512 1.343246 0.309583 0.512099 0.784345 0.802402 0.190611 0.357655 1.506469 1.362386 0.879038 1.263707 1.173921
1.729227 1.270773 0.270773 0.729227 0.210959 0.266572 0.000000 0.201871 1.997268 0.247946 0.893507 1.436805 0.355084 1.609818 0.576155 0.778671 0.517772 0.535830 0.075961 0.091083 1.239897 1.095814 0.612466 1.530279 1.440494
1.931098 1.068902 0.068902 0.931098 0.009088 0.468443 0.201871 0.000000 1.800861 0.046075 0.691636 1.638676 0.556955 1.811689 0.778026 0.980542 0.315901 0.333959 0.277832 0.110788 1.038026 0.893943 0.410595 1.732150 1.642364
0.268041 0.731959 1.731959 1.268041 1.791772 1.730696 1.997268 1.800861 0.000000 1.754786 1.109224 0.560463 1.642185 0.387450 1.421113 1.218598 1.484959 1.466902 1.921308 1.911648 0.762835 0.906918 1.390266 0.466989 0.556775
1.977173 1.022827 0.022827 0.977173 0.036986 0.514518 0.247946 0.046075 1.754786 0.000000 0.645562 1.684751 0.603029 1.857764 0.824101 1.026616 0.269827 0.287884 0.323907 0.156862 0.991951 0.847868 0.364520 1.778225 1.688439
1.377266 0.377266 0.622734 1.622734 0.682548 1.160079 0.893507 0.691636 1.109224 0.645562 0.000000 1.669687 1.248591 1.496674 1.469663 1.672178 0.375735 0.357678 0.969468 0.802424 0.346390 0.202306 0.281042 1.576214 1.665999
0.292422 1.292422 1.707578 0.707578 1.647764 1.170233 1.436805 1.638676 0.560463 1.684751 1.669687 0.000000 1.081721 0.173013 0.860650 0.658134 1.954578 1.972635 1.360844 1.527888 1.323298 1.467381 1.950729 0.093474 0.003688
1.374143 1.625857 0.625857 0.374143 0.566043 0.088512 0.355084 0.556955 1.642185 0.603029 1.248591 1.081721 0.000000 1.254734 0.221072 0.423587 0.872856 0.890913 0.279123 0.446167 1.594981 1.450898 0.967549 1.175195 1.085410
0.119409 1.119409 1.880591 0.880591 1.820777 1.343246 1.609818 1.811689 0.387450 1.857764 1.496674 0.173013 1.254734 0.000000 1.033663 0.831147 1.872409 1.854352 1.533857 1.700901 1.150285 1.294368 1.777716 0.079539 0.169325
1.153072 1.846928 0.846928 0.153072 0.787115 0.309583 0.576155 0.778026 1.421113 0.824101 1.469663 0.860650 0.221072 1.033663 0.000000 0.202516 1.093928 1.111985 0.500194 0.667238 1.816052 1.671969 1.188621 0.954124 0.864338
0.950556 1.950556 1.049444 0.049444 0.989630 0.512099 0.778671 0.980542 1.218598 1.026616 1.672178 0.658134 0.423587 0.831147 0.202516 0.000000 1.296443 1.314501 0.702710 0.869754 1.981432 1.874485 1.391136 0.751608 0.661823
1.753000 0.753000 0.247000 1.247000 0.306813 0.784345 0.517772 0.315901 1.484959 0.269827 0.375735 1.954578 0.872856 1.872409 1.093928 1.296443 0.000000 0.018057 0.593733 0.426689 0.722124 0.578041 0.094693 1.951949 1.958266
1.734943 0.734943 0.265057 1.265057 0.324870 0.802402 0.535830 0.333959 1.466902 0.287884 0.357678 1.972635 0.890913 1.854352 1.111985 1.314501 0.018057 0.000000 0.611791 0.444747 0.704067 0.559984 0.076636 1.933891 1.976323
1.653266 1.346734 0.346734 0.653266 0.286920 0.190611 0.075961 0.277832 1.921308 0.323907 0.969468 1.360844 0.279123 1.533857 0.500194 0.702710 0.593733 0.611791 0.000000 0.167044 1.315858 1.171775 0.688427 1.454318 1.364533
1.820310 1.179690 0.179690 0.820310 0.119876 0.357655 0.091083 0.110788 1.911648 0.156862 0.802424 1.527888 0.446167 1.700901 0.667238 0.869754 0.426689 0.444747 0.167044 0.000000 1.148814 1.004731 0.521382 1.621362 1.531577
1.030876 0.030876 0.969124 1.969124 1.028938 1.506469 1.239897 1.038026 0.762835 0.991951 0.346390 1.323298 1.594981 1.150285 1.816052 1.981432 0.722124 0.704067 1.315858 1.148814 0.000000 0.144083 0.627431 1.229824 1.319610
1.174959 0.174959 0.825041 1.825041 0.884855 1.362386 1.095814 0.893943 0.906918 0.847868 0.202306 1.467381 1.450898 1.294368 1.671969 1.874485 0.578041 0.559984 1.171775 1.004731 0.144083 0.000000 0.483348 1.373907 1.463693
1.658307 0.658307 0.341693 1.341693 0.401506 0.879038 0.612466 0.410595 1.390266 0.364520 0.281042 1.950729 0.967549 1.777716 1.188621 1.391136 0.094693 0.076636 0.688427 0.521382 0.627431 0.483348 0.000000 1.857255 1.947041
0.198948 1.198948 1.801052 0.801052 1.741238 1.263707 1.530279 1.732150 0.466989 1.778225 1.576214 0.093474 1.175195 0.079539 0.954124 0.751608 1.951949 1.933891 1.454318 1.621362 1.229824 1.373907 1.857255 0.000000 0.089786
0.288734 1.288734 1.711266 0.711266 1.651453 1.173921 1.440494 1.642364 0.556775 1.688439 1.665999 0.003688 1.085410 0.169325 0.864338 0.661823 1.958266 1.976323 1.364533 1.531577 1.319610 1.463693 1.947041 0.089786 0.000000
