45
0.000000 1.000000 2.000000 1.000000 0.036122 1.393141 0.506806 0.646071 1.381605 1.885598 1.341632 0.061959 1.343495 0.659824 0.581615 0.869326 1.474033 0.873715 1.269074 1.298301 1.057089 1.732604 1.125642 1.973781 1.204628 0.050735 0.482357 0.876121 1.010292 0.025785 0.051056 1.308065 0.245274 1.574523 1.634818 0.735500 1.116784 0.947465 0.759691 1.233369 0.122931 1.821273 1.970336 1.447221 1.739117
1.000000 0.000000 1.000000 2.000000 0.963878 1.606859 1.506806 1.646071 0.381605 0.885598 0.341632 0.938041 1.656505 1.659824 0.418385 1.869326 1.525967 1.873715 0.269074 1.701699 0.057089 0.732604 1.874358 1.026219 0.204628 0.949265 0.517643 1.876121 1.989708 1.025785 0.948944 0.308065 0.754726 1.425477 0.634818 0.264500 0.116784 0.052535 1.759691 1.766631 1.122931 0.821273 0.970336 0.447221 0.739117
2.000000 1.000000 0.000000 1.000000 1.963878 0.606859 1.493194 1.353929 0.618395 0.114402 0.658368 1.938041 0.656505 1.340176 1.418385 1.130674 0.525967 1.126285 0.730926 0.701699 0.942911 0.267396 0.874358 0.026219 0.795372 1.949265 1.517643 1.123879 0.989708 1.974215 1.948944 0.691935 1.754726 0.425477 0.365182 1.264500 0.883216 1.052535 1.240309 0.766631 1.877069 0.178727 0.029664 0.552779 0.260883
1.000000 2.000000 1.000000 0.000000 1.036122 0.393141 0.493194 0.353929 1.618395 1.114402 1.658368 1.061959 0.343495 0.340176 1.581615 0.130674 0.474033 0.126285 1.730926 0.298301 1.942911 1.267396 0.125642 0.973781 1.795372 1.050735 1.482357 0.123879 0.010292 0.974215 1.051056 1.691935 1.245274 0.574523 1.365182 1.735500 1.883216 1.947465 0.240309 0.233369 0.877069 1.178727 1.029664 1.552779 1.260883
0.036122 0.963878 1.963878 1.036122 0.000000 1.429264 0.542929 0.682194 1.345483 1.849476 1.305510 0.025836 1.379618 0.695947 0.545492 0.905448 1.510156 0.909837 1.232952 1.334423 1.020967 1.696481 1.161765 1.990096 1.168505 0.014612 0.446235 0.912243 1.046414 0.061908 0.014933 1.271943 0.209152 1.610646 1.598696 0.699378 1.080662 0.911342 0.795813 1.269492 0.159053 1.785151 1.934214 1.411098 1.702994
1.393141 1.606859 0.606859 0.393141 1.429264 0.000000 0.886335 0.747070 1.225254 0.721261 1.265227 1.455100 0.049646 0.733317 1.974756 0.523815 0.080892 0.519427 1.337785 0.094841 1.549770 0.874255 0.267499 0.580640 1.402231 1.443876 1.875498 0.517020 0.382849 1.367356 1.444197 1.298794 1.638416 0.181382 0.972041 1.871358 1.490075 1.659394 0.633450 0.159772 1.270211 0.785585 0.636523 1.159638 0.867742
0.506806 1.506806 1.493194 0.493194 0.542929 0.886335 0.000000 0.139265 1.888411 1.607596 1.848438 0.568765 0.836689 0.153018 1.088421 0.362520 0.967227 0.366908 1.775880 0.791494 1.563895 1.760590 0.618836 1.466975 1.711434 0.557541 0.989163 0.369315 0.503486 0.481021 0.557862 1.814871 0.752081 1.067717 1.858376 1.242307 1.623590 1.454271 0.252885 0.726563 0.383875 1.671920 1.522858 1.954027 1.754077
0.646071 1.646071 1.353929 0.353929 0.682194 0.747070 0.139265 0.000000 1.972324 1.468331 1.987703 0.708030 0.697424 0.013753 1.227686 0.223255 0.827962 0.227644 1.915145 0.652229 1.703160 1.621325 0.479571 1.327710 1.850699 0.696806 1.128428 0.230050 0.364221 0.620286 0.697127 1.954136 0.891346 0.928452 1.719111 1.381572 1.762855 1.593536 0.113620 0.587298 0.523140 1.532655 1.383593 1.906708 1.614812
1.381605 0.381605 0.618395 1.618395 1.345483 1.225254 1.888411 1.972324 0.000000 0.503993 0.039973 1.319646 1.274900 1.958571 0.799990 1.749069 1.144362 1.744680 0.112531 1.320094 0.324516 0.350999 1.492753 0.644614 0.176977 1.330871 0.899248 1.742274 1.608103 1.407390 1.330549 0.073540 1.136331 1.043872 0.253213 0.646105 0.264821 0.434140 1.858704 1.385026 1.504536 0.439668 0.588731 0.065616 0.357512
1.885598 0.885598 0.114402 1.114402 1.849476 0.721261 1.607596 1.468331 0.503993 0.000000 0.543966 1.823639 0.770907 1.454578 1.303983 1.245076 0.640369 1.240687 0.616524 0.816101 0.828509 0.152995 0.988760 0.140621 0.680970 1.834864 1.403241 1.238281 1.104110 1.911383 1.834542 0.577533 1.640324 0.539879 0.250780 1.150098 0.768814 0.938133 1.354711 0.881033 1.991471 0.064325 0.084738 0.438377 0.146482
1.341632 0.341632 0.658368 1.658368 1.305510 1.265227 1.848438 1.987703 0.039973 0.543966 0.000000 1.279673 1.314873 1.998544 0.760017 1.789042 1.184335 1.784653 0.072558 1.360067 0.284543 0.390971 1.532726 0.684587 0.137004 1.290898 0.859275 1.782247 1.648076 1.367417 1.290576 0.033567 1.096358 1.083845 0.293186 0.606132 0.224848 0.394167 1.898677 1.424999 1.464563 0.479641 0.628704 0.105589 0.397484
0.061959 0.938041 1.938041 1.061959 0.025836 1.455100 0.568765 0.708030 1.319646 1.823639 1.279673 0.000000 1.405454 0.721783 0.519656 0.931284 1.535992 0.935673 1.207115 1.360259 0.995130 1.670645 1.187601 1.964260 1.142669 0.011224 0.420398 0.938080 1.072251 0.087744 0.010903 1.246106 0.183316 1.636482 1.572860 0.673542 1.054826 0.885506 0.821649 1.295328 0.184889 1.759315 1.908377 1.385262 1.677158
1.343495 1.656505 0.656505 0.343495 1.379618 0.049646 0.836689 0.697424 1.274900 0.770907 1.314873 1.405454 0.000000 0.683671 1.925110 0.474169 0.130538 0.469780 1.387431 0.045195 1.599416 0.923901 0.217853 0.630286 1.451877 1.394230 1.825852 0.467374 0.333203 1.317710 1.394551 1.348440 1.588770 0.231028 1.021687 1.921004 1.539721 1.709040 0.583804 0.110126 1.220564 0.835231 0.686169 1.209284 0.917388
0.659824 1.659824 1.340176 0.340176 0.695947 0.733317 0.153018 0.013753 1.958571 1.454578 1.998544 0.721783 0.683671 0.000000 1.241439 0.209502 0.814209 0.213890 1.928898 0.638476 1.716913 1.607572 0.465818 1.313957 1.864452 0.710559 1.142181 0.216297 0.350468 0.634039 0.710880 1.967889 0.905099 0.914699 1.705358 1.395325 1.776608 1.607289 0.099867 0.573545 0.536894 1.518902 1.369840 1.892955 1.601059
0.581615 0.418385 1.418385 1.581615 0.545492 1.974756 1.088421 1.227686 0.799990 1.303983 0.760017 0.519656 1.925110 1.241439 0.000000 1.450941 1.944352 1.455330 0.687459 1.879916 0.475474 1.150989 1.707257 1.444604 0.623013 0.530880 0.099258 1.457736 1.591907 0.607400 0.530559 0.726450 0.336340 1.843862 1.053203 0.153886 0.535169 0.365850 1.341306 1.814984 0.704546 1.239659 1.388721 0.865606 1.157502
0.869326 1.869326 1.130674 0.130674 0.905448 0.523815 0.362520 0.223255 1.749069 1.245076 1.789042 0.931284 0.474169 0.209502 1.450941 0.000000 0.604707 0.004389 1.861600 0.428975 1.926415 1.398071 0.256316 1.104455 1.926047 0.920060 1.351683 0.006795 0.140966 0.843541 0.920381 1.822609 1.114600 0.705197 1.495856 1.604826 1.986110 1.816791 0.109635 0.364043 0.746395 1.309401 1.160338 1.683453 1.391558
1.474033 1.525967 0.525967 0.474033 1.510156 0.080892 0.967227 0.827962 1.144362 0.640369 1.184335 1.535992 0.130538 0.814209 1.944352 0.604707 0.000000 0.600318 1.256893 0.175732 1.468878 0.793363 0.348391 0.499748 1.321339 1.524768 1.956390 0.597912 0.463741 1.448248 1.525089 1.217902 1.719308 0.100490 0.891149 1.790466 1.409183 1.578502 0.714342 0.240664 1.351102 0.704693 0.555631 1.078746 0.786850
0.873715 1.873715 1.126285 0.126285 0.909837 0.519427 0.366908 0.227644 1.744680 1.240687 1.784653 0.935673 0.469780 0.213890 1.455330 0.004389 0.600318 0.000000 1.857211 0.424586 1.930804 1.393682 0.251928 1.100066 1.921658 0.924449 1.356072 0.002406 0.136577 0.847930 0.924770 1.818220 1.118989 0.700808 1.491467 1.609215 1.990499 1.821180 0.114024 0.359654 0.750784 1.305012 1.155949 1.679064 1.387169
1.269074 0.269074 0.730926 1.730926 1.232952 1.337785 1.775880 1.915145 0.112531 0.616524 0.072558 1.207115 1.387431 1.928898 0.687459 1.861600 1.256893 1.857211 0.000000 1.432625 0.211985 0.463530 1.605284 0.757145 0.064446 1.218339 0.786717 1.854805 1.720634 1.294859 1.218018 0.038991 1.023800 1.156403 0.365744 0.533574 0.152290 0.321609 1.971235 1.497557 1.392005 0.552199 0.701262 0.178147 0.470043
1.298301 1.701699 0.701699 0.298301 1.334423 0.094841 0.791494 0.652229 1.320094 0.816101 1.360067 1.360259 0.045195 0.638476 1.879916 0.428975 0.175732 0.424586 1.432625 0.000000 1.644610 0.969096 0.172658 0.675480 1.497072 1.349035 1.780658 0.422180 0.288009 1.272515 1.349356 1.393634 1.543575 0.276222 1.066881 1.966199 1.584915 1.754235 0.538610 0.064931 1.175370 0.880426 0.731363 1.254479 0.962583
1.057089 0.057089 0.942911 1.942911 1.020967 1.549770 1.563895 1.703160 0.324516 0.828509 0.284543 0.995130 1.599416 1.716913 0.475474 1.926415 1.468878 1.930804 0.211985 1.644610 0.000000 0.675514 1.817269 0.969130 0.147539 1.006355 0.574732 1.933210 1.932619 1.082874 1.006033 0.250976 0.811815 1.368388 0.577729 0.321589 0.059695 0.109624 1.816780 1.709542 1.180020 0.764184 0.913247 0.390132 0.682027
1.732604 0.732604 0.267396 1.267396 1.696481 0.874255 1.760590 1.621325 0.350999 0.152995 0.390971 1.670645 0.923901 1.607572 1.150989 1.398071 0.793363 1.393682 0.463530 0.969096 0.675514 0.000000 1.141754 0.293615 0.527976 1.681869 1.250247 1.391275 1.257105 1.758389 1.681548 0.424539 1.487329 0.692873 0.097785 0.997103 0.615819 0.785139 1.507706 1.034027 1.855534 0.088670 0.237733 0.285383 0.006513
1.125642 1.874358 0.874358 0.125642 1.161765 0.267499 0.618836 0.479571 1.492753 0.988760 1.532726 1.187601 0.217853 0.465818 1.707257 0.256316 0.348391 0.251928 1.605284 0.172658 1.817269 1.141754 0.000000 0.848139 1.669730 1.176377 1.607999 0.249521 0.115350 1.099857 1.176698 1.566293 1.370917 0.448881 1.239540 1.861143 1.757574 1.926893 0.365951 0.107727 1.002712 1.053084 0.904022 1.427137 1.135241
1.973781 1.026219 0.026219 0.973781 1.990096 0.580640 1.466975 1.327710 0.644614 0.140621 0.684587 1.964260 0.630286 1.313957 1.444604 1.104455 0.499748 1.100066 0.757145 0.675480 0.969130 0.293615 0.848139 0.000000 0.821591 1.975484 1.543862 1.097660 0.963489 1.947996 1.975163 0.718154 1.780944 0.399258 0.391401 1.290718 0.909435 1.078754 1.214090 0.740412 1.850850 0.204945 0.055883 0.578998 0.287102
1.204628 0.204628 0.795372 1.795372 1.168505 1.402231 1.711434 1.850699 0.176977 0.680970 0.137004 1.142669 1.451877 1.864452 0.623013 1.926047 1.321339 1.921658 0.064446 1.497072 0.147539 0.527976 1.669730 0.821591 0.000000 1.153893 0.722271 1.919251 1.785080 1.230413 1.153572 0.103437 0.959353 1.220849 0.430190 0.469127 0.087843 0.257163 1.964319 1.562003 1.327558 0.616646 0.765708 0.242593 0.534489
0.050735 0.949265 1.949265 1.050735 0.014612 1.443876 0.557541 0.696806 1.330871 1.834864 1.290898 0.011224 1.394230 0.710559 0.530880 0.920060 1.524768 0.924449 1.218339 1.349035 1.006355 1.681869 1.176377 1.975484 1.153893 0.000000 0.431622 0.926856 1.061026 0.076520 0.000321 1.257330 0.194540 1.625258 1.584084 0.684766 1.066050 0.896730 0.810425 1.284104 0.173665 1.770539 1.919602 1.396486 1.688382
0.482357 0.517643 1.517643 1.482357 0.446235 1.875498 0.989163 1.128428 0.899248 1.403241 0.859275 0.420398 1.825852 1.142181 0.099258 1.351683 1.956390 1.356072 0.786717 1.780658 0.574732 1.250247 1.607999 1.543862 0.722271 0.431622 0.000000 1.358478 1.492649 0.508142 0.431301 0.825708 0.237083 1.943120 1.152461 0.253143 0.634427 0.465108 1.242048 1.715726 0.605288 1.338916 1.487979 0.964864 1.256760
0.876121 1.876121 1.123879 0.123879 0.912243 0.517020 0.369315 0.230050 1.742274 1.238281 1.782247 0.938080 0.467374 0.216297 1.457736 0.006795 0.597912 0.002406 1.854805 0.422180 1.933210 1.391275 0.249521 1.097660 1.919251 0.926856 1.358478 0.000000 0.134171 0.850336 0.927177 1.815814 1.121395 0.698402 1.489061 1.611621 1.992905 1.823586 0.116430 0.357248 0.753190 1.302606 1.153543 1.676658 1.384762
1.010292 1.989708 0.989708 0.010292 1.046414 0.382849 0.503486 0.364221 1.608103 1.104110 1.648076 1.072251 0.333203 0.350468 1.591907 0.140966 0.463741 0.136577 1.720634 0.288009 1.932619 1.257105 0.115350 0.963489 1.785080 1.061026 1.492649 0.134171 0.000000 0.984507 1.061348 1.681643 1.255566 0.564231 1.354890 1.745792 1.872924 1.957757 0.250601 0.223077 0.887361 1.168435 1.019372 1.542487 1.250592
0.025785 1.025785 1.974215 0.974215 0.061908 1.367356 0.481021 0.620286 1.407390 1.911383 1.367417 0.087744 1.317710 0.634039 0.607400 0.843541 1.448248 0.847930 1.294859 1.272515 1.082874 1.758389 1.099857 1.947996 1.230413 0.076520 0.508142 0.850336 0.984507 0.000000 0.076841 1.333850 0.271060 1.548738 1.660603 0.761286 1.142569 0.973250 0.733906 1.207584 0.097146 1.847059 1.996121 1.473006 1.764902
0.051056 0.948944 1.948944 1.051056 0.014933 1.444197 0.557862 0.697127 1.330549 1.834542 1.290576 0.010903 1.394551 0.710880 0.530559 0.920381 1.525089 0.924770 1.218018 1.349356 1.006033 1.681548 1.176698 1.975163 1.153572 0.000321 0.431301 0.927177 1.061348 0.076841 0.000000 1.257009 0.194219 1.625579 1.583763 0.684445 1.065729 0.896409 0.810746 1.284425 0.173986 1.770218 1.919280 1.396165 1.688061
1.308065 0.308065 0.691935 1.691935 1.271943 1.298794 1.814871 1.954136 0.073540 0.577533 0.033567 1.246106 1.348440 1.967889 0.726450 1.822609 1.217902 1.818220 0.038991 1.393634 0.250976 0.424539 1.566293 0.718154 0.103437 1.257330 0.825708 1.815814 1.681643 1.333850 1.257009 0.000000 1.062791 1.117412 0.326753 0.572564 0.191281 0.360600 1.932244 1.458566 1.430996 0.513209 0.662271 0.139156 0.431052
0.245274 0.754726 1.754726 1.245274 0.209152 1.638416 0.752081 0.891346 1.136331 1.640324 1.096358 0.183316 1.588770 0.905099 0.336340 1.114600 1.719308 1.118989 1.023800 1.543575 0.811815 1.487329 1.370917 1.780944 0.959353 0.194540 0.237083 1.121395 1.255566 0.271060 0.194219 1.062791 0.000000 1.819798 1.389544 0.490226 0.871510 0.702190 1.004965 1.478644 0.368205 1.575999 1.725062 1.201946 1.493842
1.574523 1.425477 0.425477 0.574523 1.610646 0.181382 1.067717 0.928452 1.043872 0.539879 1.083845 1.636482 0.231028 0.914699 1.843862 0.705197 0.100490 0.700808 1.156403 0.276222 1.368388 0.692873 0.448881 0.399258 1.220849 1.625258 1.943120 0.698402 0.564231 1.548738 1.625579 1.117412 1.819798 0.000000 0.790659 1.689976 1.308693 1.478012 0.814832 0.341154 1.451592 0.604203 0.455141 0.978256 0.686360
1.634818 0.634818 0.365182 1.365182 1.598696 0.972041 1.858376 1.719111 0.253213 0.250780 0.293186 1.572860 1.021687 1.705358 1.053203 1.495856 0.891149 1.491467 0.365744 1.066881 0.577729 0.097785 1.239540 0.391401 0.430190 1.584084 1.152461 1.489061 1.354890 1.660603 1.583763 0.326753 1.389544 0.790659 0.000000 0.899318 0.518034 0.687353 1.605491 1.131813 1.757749 0.186455 0.335518 0.187597 0.104298
0.735500 0.264500 1.264500 1.735500 0.699378 1.871358 1.242307 1.381572 0.646105 1.150098 0.606132 0.673542 1.921004 1.395325 0.153886 1.604826 1.790466 1.609215 0.533574 1.966199 0.321589 0.997103 1.861143 1.290718 0.469127 0.684766 0.253143 1.611621 1.745792 0.761286 0.684445 0.572564 0.490226 1.689976 0.899318 0.000000 0.381284 0.211964 1.495191 1.968870 0.858431 1.085773 1.234836 0.711720 1.003616
1.116784 0.116784 0.883216 1.883216 1.080662 1.490075 1.623590 1.762855 0.264821 0.768814 0.224848 1.054826 1.539721 1.776608 0.535169 1.986110 1.409183 1.990499 0.152290 1.584915 0.059695 0.615819 1.757574 0.909435 0.087843 1.066050 0.634427 1.992905 1.872924 1.142569 1.065729 0.191281 0.871510 1.308693 0.518034 0.381284 0.000000 0.169319 1.876475 1.649847 1.239715 0.704489 0.853552 0.330437 0.622332
0.947465 0.052535 1.052535 1.947465 0.911342 1.659394 1.454271 1.593536 0.434140 0.938133 0.394167 0.885506 1.709040 1.607289 0.365850 1.816791 1.578502 1.821180 0.321609 1.754235 0.109624 0.785139 1.926893 1.078754 0.257163 0.896730 0.465108 1.823586 1.957757 0.973250 0.896409 0.360600 0.702190 1.478012 0.687353 0.211964 0.169319 0.000000 1.707156 1.819166 1.070396 0.873809 1.022871 0.499756 0.791652
0.759691 1.759691 1.240309 0.240309 0.795813 0.633450 0.252885 0.113620 1.858704 1.354711 1.898677 0.821649 0.583804 0.099867 1.341306 0.109635 0.714342 0.114024 1.971235 0.538610 1.816780 1.507706 0.365951 1.214090 1.964319 0.810425 1.242048 0.116430 0.250601 0.733906 0.810746 1.932244 1.004965 0.814832 1.605491 1.495191 1.876475 1.707156 0.000000 0.473678 0.636760 1.419036 1.269973 1.793088 1.501193
1.233369 1.766631 0.766631 0.233369 1.269492 0.159772 0.726563 0.587298 1.385026 0.881033 1.424999 1.295328 0.110126 0.573545 1.814984 0.364043 0.240664 0.359654 1.497557 0.064931 1.709542 1.034027 0.107727 0.740412 1.562003 1.284104 1.715726 0.357248 0.223077 1.207584 1.284425 1.458566 1.478644 0.341154 1.131813 1.968870 1.649847 1.819166 0.473678 0.000000 1.110438 0.945357 0.796295 1.319410 1.027514
0.122931 1.122931 1.877069 0.877069 0.159053 1.270211 0.383875 0.523140 1.504536 1.991471 1.464563 0.184889 1.220564 0.536894 0.704546 0.746395 1.351102 0.750784 1.392005 1.175370 1.180020 1.855534 1.002712 1.850850 1.327558 0.173665 0.605288 0.753190 0.887361 0.097146 0.173986 1.430996 0.368205 1.451592 1.757749 0.858431 1.239715 1.070396 0.636760 1.110438 0.000000 1.944204 1.906733 1.570152 1.862047
1.821273 0.821273 0.178727 1.178727 1.785151 0.785585 1.671920 1.532655 0.439668 0.064325 0.479641 1.759315 0.835231 1.518902 1.239659 1.309401 0.704693 1.305012 0.552199 0.880426 0.764184 0.088670 1.053084 0.204945 0.616646 1.770539 1.338916 1.302606 1.168435 1.847059 1.770218 0.513209 1.575999 0.604203 0.186455 1.085773 0.704489 0.873809 1.419036 0.945357 1.944204 0.000000 0.149063 0.374053 0.082157
1.970336 0.970336 0.029664 1.029664 1.934214 0.636523 1.522858 1.383593 0.588731 0.084738 0.628704 1.908377 0.686169 1.369840 1.388721 1.160338 0.555631 1.155949 0.701262 0.731363 0.913247 0.237733 0.904022 0.055883 0.765708 1.919602 1.487979 1.153543 1.019372 1.996121 1.919280 0.662271 1.725062 0.455141 0.335518 1.234836 0.853552 1.022871 1.269973 0.796295 1.906733 0.149063 0.000000 0.523115 0.231220
1.447221 0.447221 0.552779 1.552779 1.411098 1.159638 1.954027 1.906708 0.065616 0.438377 0.105589 1.385262 1.209284 1.892955 0.865606 1.683453 1.078746 1.679064 0.178147 1.254479 0.390132 0.285383 1.427137 0.578998 0.242593 1.396486 0.964864 1.676658 1.542487 1.473006 1.396165 0.139156 1.201946 0.978256 0.187597 0.711720 0.330437 0.499756 1.793088 1.319410 1.570152 0.374053 0.523115 0.000000 0.291896
1.739117 0.739117 0.260883 1.260883 1.702994 0.867742 1.754077 1.614812 0.357512 0.146482 0.397484 1.677158 0.917388 1.601059 1.157502 1.391558 0.786850 1.387169 0.470043 0.962583 0.682027 0.006513 1.135241 0.287102 0.534489 1.688382 1.256760 1.384762 1.250592 1.764902 1.688061 0.431052 1.493842 0.686360 0.104298 1.003616 0.622332 0.791652 1.501193 1.027514 1.862047 0.082157 0.231220 0.291896 0.000000
