20
0.000000 1.000000 2.000000 1.000000 0.515519 1.410463 1.626029 0.967094 1.332694 0.825390 1.292210 1.191285 0.873221 0.370551 0.814568 0.233017 0.332296 1.711563 0.002143 0.098565
1.000000 0.000000 1.000000 2.000000 0.484481 1.589537 1.373971 0.032906 0.332694 0.174610 1.707790 1.808715 0.126779 0.629449 1.814568 1.233017 1.332296 0.711563 1.002143 0.901435
2.000000 1.000000 0.000000 1.000000 1.484481 0.589537 0.373971 1.032906 0.667306 1.174610 0.707790 0.808715 1.126779 1.629449 1.185432 1.766983 1.667704 0.288437 1.997857 1.901435
1.000000 2.000000 1.000000 0.000000 1.515519 0.410463 0.626029 1.967094 1.667306 1.825390 0.292210 0.191285 1.873221 1.370551 0.185432 0.766983 0.667704 1.288437 0.997857 1.098565
0.515519 0.484481 1.484481 1.515519 0.000000 1.925982 1.858452 0.451575 0.817175 0.309871 1.807729 1.706805 0.357701 0.144969 1.330087 0.748537 0.847815 1.196043 0.517663 0.416954
1.410463 1.589537 0.589537 0.410463 1.925982 0.000000 0.215566 1.622443 1.256843 1.764147 0.118253 0.219178 1.716316 1.781013 0.595895 1.177446 1.078167 0.877975 1.408320 1.509028
1.626029 1.373971 0.373971 0.626029 1.858452 0.215566 0.000000 1.406877 1.041277 1.548581 0.333819 0.434744 1.500750 1.996580 0.811461 1.393012 1.293733 0.662408 1.623886 1.724594
0.967094 0.032906 1.032906 1.967094 0.451575 1.622443 1.406877 0.000000 0.365600 0.141704 1.740696 1.841621 0.093873 0.596544 1.781662 1.200111 1.299390 0.744469 0.969237 0.868529
1.332694 0.332694 0.667306 1.667306 0.817175 1.256843 1.041277 0.365600 0.000000 0.507304 1.375096 1.476020 0.459474 0.962144 1.852738 1.565712 1.664990 0.378868 1.334838 1.234129
0.825390 0.174610 1.174610 1.825390 0.309871 1.764147 1.548581 0.141704 0.507304 0.000000 1.882400 1.983325 0.047831 0.454839 1.639958 1.058407 1.157686 0.886173 0.827533 0.726825
1.292210 1.707790 0.707790 0.292210 1.807729 0.118253 0.333819 1.740696 1.375096 1.882400 0.000000 0.100924 1.834570 1.662760 0.477642 1.059192 0.959914 0.996228 1.290066 1.390775
1.191285 1.808715 0.808715 0.191285 1.706805 0.219178 0.434744 1.841621 1.476020 1.983325 0.100924 0.000000 1.935494 1.561836 0.376718 0.958268 0.858990 1.097152 1.189142 1.289850
0.873221 0.126779 1.126779 1.873221 0.357701 1.716316 1.500750 0.093873 0.459474 0.047831 1.834570 1.935494 0.000000 0.502670 1.687788 1.106238 1.205517 0.838342 0.875364 0.774656
0.370551 0.629449 1.629449 1.370551 0.144969 1.781013 1.996580 0.596544 0.962144 0.454839 1.662760 1.561836 0.502670 0.000000 1.185118 0.603568 0.702846 1.341012 0.372694 0.271985
0.814568 1.814568 1.185432 0.185432 1.330087 0.595895 0.811461 1.781662 1.852738 1.639958 0.477642 0.376718 1.687788 1.185118 0.000000 0.581550 0.482272 1.473870 0.812424 0.913133
0.233017 1.233017 1.766983 0.766983 0.748537 1.177446 1.393012 1.200111 1.565712 1.058407 1.059192 0.958268 1.106238 0.603568 0.581550 0.000000 0.099278 1.944580 0.230874 0.331582
0.332296 1.332296 1.667704 0.667704 0.847815 1.078167 1.293733 1.299390 1.664990 1.157686 0.959914 0.858990 1.205517 0.702846 0.482272 0.099278 0.000000 1.956142 0.330152 0.430861
1.711563 0.711563 0.288437 1.288437 1.196043 0.877975 0.662408 0.744469 0.378868 0.886173 0.996228 1.097152 0.838342 1.341012 1.473870 1.944580 1.956142 0.000000 1.713706 1.612997
0.002143 1.002143 1.997857 0.997857 0.517663 1.408320 1.623886 0.969237 1.334838 0.827533 1.290066 1.189142 0.875364 0.372694 0.812424 0.230874 0.330152 1.713706 0.000000 0.100708
0.098565 0.901435 1.901435 1.098565 0.416954 1.509028 1.724594 0.868529 1.234129 0.726825 1.390775 1.289850 0.774656 0.271985 0.913133 0.331582 0.430861 1.612997 0.100708 0.000000
