10
0.000000 1.000000 2.000000 1.000000 1.736199 1.816775 1.100960 1.084762 0.769483 1.913645
1.000000 0.000000 1.000000 2.000000 0.736199 1.183225 0.100960 1.915238 0.230517 0.913645
2.000000 1.000000 0.000000 1.000000 0.263801 0.183225 0.899040 0.915238 1.230517 0.086355
1.000000 2.000000 1.000000 0.000000 1.263801 0.816775 1.899040 0.084762 1.769483 1.086355
1.736199 0.736199 0.263801 1.263801 0.000000 0.447027 0.635239 1.179040 0.966716 0.177446
1.816775 1.183225 0.183225 0.816775 0.447027 0.000000 1.082266 0.732013 1.413742 0.269580
1.100960 0.100960 0.899040 1.899040 0.635239 1.082266 0.000000 1.814279 0.331477 0.812685
1.084762 1.915238 0.915238 0.084762 1.179040 0.732013 1.814279 0.000000 1.854245 1.001593
0.769483 0.230517 1.230517 1.769483 0.966716 1.413742 0.331477 1.854245 0.000000 1.144162
1.913645 0.913645 0.086355 1.086355 0.177446 0.269580 0.812685 1.001593 1.144162 0.000000
