30
0.000000 1.000000 2.000000 1.000000 0.974683 1.410041 1.439376 0.237331 0.801667 1.639810 0.774438 1.746126 0.458855 1.695893 0.860881 0.576219 1.398064 1.741194 1.979597 0.278643 0.624848 0.450849 1.550043 0.337012 1.506398 1.778619 0.643168 1.425505 1.254333 0.422668
1.000000 0.000000 1.000000 2.000000 0.025317 0.410041 0.439376 0.762669 1.801667 0.639810 1.774438 0.746126 1.458855 1.304107 0.139119 1.576219 1.601936 1.258806 0.979597 1.278643 1.624848 1.450849 1.449957 0.662988 0.506398 0.778619 0.356832 1.574495 0.254333 0.577332
2.000000 1.000000 0.000000 1.000000 1.025317 0.589959 0.560624 1.762669 1.198333 0.360190 1.225562 0.253874 1.541145 0.304107 1.139119 1.423781 0.601936 0.258806 0.020403 1.721357 1.375152 1.549151 0.449957 1.662988 0.493602 0.221381 1.356832 0.574495 0.745667 1.577332
1.000000 2.000000 1.000000 0.000000 1.974683 1.589959 1.560624 1.237331 0.198333 1.360190 0.225562 1.253874 0.541145 0.695893 1.860881 0.423781 0.398064 0.741194 1.020403 0.721357 0.375152 0.549151 0.550043 1.337012 1.493602 1.221381 1.643168 0.425505 1.745667 1.422668
0.974683 0.025317 1.025317 1.974683 0.000000 0.435358 0.464693 0.737352 1.776350 0.665127 1.749121 0.771443 1.433538 1.329424 0.113802 1.550902 1.627253 1.284123 1.004914 1.253326 1.599531 1.425532 1.475274 0.637671 0.531715 0.803936 0.331515 1.599812 0.279650 0.552015
1.410041 0.410041 0.589959 1.589959 0.435358 0.000000 0.029335 1.172710 1.788292 0.229769 1.815521 0.336085 1.868896 0.894066 0.549160 1.986260 1.191895 0.848765 0.569556 1.688684 1.965111 1.860890 1.039916 1.073029 0.096358 0.368578 0.766873 1.164454 0.155708 0.987372
1.439376 0.439376 0.560624 1.560624 0.464693 0.029335 0.000000 1.202044 1.758957 0.200434 1.786187 0.306750 1.898231 0.864732 0.578495 1.984405 1.162560 0.819430 0.540221 1.718019 1.935777 1.890225 1.010581 1.102363 0.067023 0.339243 0.796207 1.135119 0.185043 1.016707
0.237331 0.762669 1.762669 1.237331 0.737352 1.172710 1.202044 0.000000 1.038999 1.402478 1.011769 1.508794 0.696186 1.933224 0.623549 0.813551 1.635396 1.978526 1.742266 0.515974 0.862179 0.688180 1.787374 0.099681 1.269067 1.541287 0.405837 1.662837 1.017002 0.185337
0.801667 1.801667 1.198333 0.198333 1.776350 1.788292 1.758957 1.038999 0.000000 1.558523 0.027230 1.452207 0.342812 0.894225 1.662548 0.225448 0.596397 0.939527 1.218736 0.523024 0.176820 0.350818 0.748376 1.138680 1.691934 1.419714 1.444836 0.623838 1.944000 1.224336
1.639810 0.639810 0.360190 1.360190 0.665127 0.229769 0.200434 1.402478 1.558523 0.000000 1.585753 0.106316 1.901335 0.664298 0.778929 1.783971 0.962126 0.618996 0.339787 1.918453 1.735343 1.909341 0.810147 1.302797 0.133411 0.138809 0.996642 0.934685 0.385477 1.217141
0.774438 1.774438 1.225562 0.225562 1.749121 1.815521 1.786187 1.011769 0.027230 1.585753 0.000000 1.479437 0.315583 0.921455 1.635318 0.198218 0.623627 0.966757 1.245965 0.495795 0.149590 0.323589 0.775605 1.111450 1.719164 1.446944 1.417606 0.651068 1.971229 1.197106
1.746126 0.746126 0.253874 1.253874 0.771443 0.336085 0.306750 1.508794 1.452207 0.106316 1.479437 0.000000 1.795019 0.557982 0.885245 1.677655 0.855810 0.512680 0.233471 1.975231 1.629027 1.803025 0.703832 1.409113 0.239727 0.032493 1.102957 0.828369 0.491793 1.323457
0.458855 1.458855 1.541145 0.541145 1.433538 1.868896 1.898231 0.696186 0.342812 1.901335 0.315583 1.795019 0.000000 1.237037 1.319736 0.117364 0.939209 1.282339 1.561548 0.180212 0.165993 0.008006 1.091188 0.795867 1.965254 1.762526 1.102023 0.966650 1.713188 0.881524
1.695893 1.304107 0.304107 0.695893 1.329424 0.894066 0.864732 1.933224 0.894225 0.664298 0.921455 0.557982 1.237037 0.000000 1.443227 1.119673 0.297828 0.045302 0.324510 1.417250 1.071045 1.245044 0.145850 1.967095 0.797709 0.525489 1.660939 0.270387 1.049774 1.881439
0.860881 0.139119 1.139119 1.860881 0.113802 0.549160 0.578495 0.623549 1.662548 0.778929 1.635318 0.885245 1.319736 1.443227 0.000000 1.437100 1.741055 1.397925 1.118717 1.139523 1.485728 1.311729 1.589077 0.523868 0.645518 0.917738 0.217712 1.713614 0.393452 0.438212
0.576219 1.576219 1.423781 0.423781 1.550902 1.986260 1.984405 0.813551 0.225448 1.783971 0.198218 1.677655 0.117364 1.119673 1.437100 0.000000 0.821845 1.164975 1.444183 0.297577 0.048628 0.125371 0.973823 0.913232 1.917382 1.645162 1.219388 0.849286 1.830552 0.998888
1.398064 1.601936 0.601936 0.398064 1.627253 1.191895 1.162560 1.635396 0.596397 0.962126 0.623627 0.855810 0.939209 0.297828 1.741055 0.821845 0.000000 0.343130 0.622338 1.119422 0.773217 0.947215 0.151978 1.735077 1.095537 0.823317 1.958767 0.027441 1.347603 1.820733
1.741194 1.258806 0.258806 0.741194 1.284123 0.848765 0.819430 1.978526 0.939527 0.618996 0.966757 0.512680 1.282339 0.045302 1.397925 1.164975 0.343130 0.000000 0.279208 1.462552 1.116347 1.290346 0.191152 1.921793 0.752407 0.480187 1.615637 0.315689 1.004473 1.836137
1.979597 0.979597 0.020403 1.020403 1.004914 0.569556 0.540221 1.742266 1.218736 0.339787 1.245965 0.233471 1.561548 0.324510 1.118717 1.444183 0.622338 0.279208 0.000000 1.741760 1.395555 1.569554 0.470360 1.642585 0.473199 0.200979 1.336429 0.594897 0.725264 1.556929
0.278643 1.278643 1.721357 0.721357 1.253326 1.688684 1.718019 0.515974 0.523024 1.918453 0.495795 1.975231 0.180212 1.417250 1.139523 0.297577 1.119422 1.462552 1.741760 0.000000 0.346205 0.172206 1.271400 0.615655 1.785041 1.942739 0.921811 1.146863 1.532976 0.701311
0.624848 1.624848 1.375152 0.375152 1.599531 1.965111 1.935777 0.862179 0.176820 1.735343 0.149590 1.629027 0.165993 1.071045 1.485728 0.048628 0.773217 1.116347 1.395555 0.346205 0.000000 0.173999 0.925195 0.961860 1.868754 1.596534 1.268016 0.800658 1.879181 1.047516
0.450849 1.450849 1.549151 0.549151 1.425532 1.860890 1.890225 0.688180 0.350818 1.909341 0.323589 1.803025 0.008006 1.245044 1.311729 0.125371 0.947215 1.290346 1.569554 0.172206 0.173999 0.000000 1.099194 0.787861 1.957247 1.770533 1.094017 0.974657 1.705182 0.873517
1.550043 1.449957 0.449957 0.550043 1.475274 1.039916 1.010581 1.787374 0.748376 0.810147 0.775605 0.703832 1.091188 0.145850 1.589077 0.973823 0.151978 0.191152 0.470360 1.271400 0.925195 1.099194 0.000000 1.887055 0.943559 0.671339 1.806789 0.124537 1.195624 1.972711
0.337012 0.662988 1.662988 1.337012 0.637671 1.073029 1.102363 0.099681 1.138680 1.302797 1.111450 1.409113 0.795867 1.967095 0.523868 0.913232 1.735077 1.921793 1.642585 0.615655 0.961860 0.787861 1.887055 0.000000 1.169386 1.441606 0.306156 1.762518 0.917321 0.085656
1.506398 0.506398 0.493602 1.493602 0.531715 0.096358 0.067023 1.269067 1.691934 0.133411 1.719164 0.239727 1.965254 0.797709 0.645518 1.917382 1.095537 0.752407 0.473199 1.785041 1.868754 1.957247 0.943559 1.169386 0.000000 0.272220 0.863230 1.068096 0.252065 1.083730
1.778619 0.778619 0.221381 1.221381 0.803936 0.368578 0.339243 1.541287 1.419714 0.138809 1.446944 0.032493 1.762526 0.525489 0.917738 1.645162 0.823317 0.480187 0.200979 1.942739 1.596534 1.770533 0.671339 1.441606 0.272220 0.000000 1.135450 0.795876 0.524286 1.355950
0.643168 0.356832 1.356832 1.643168 0.331515 0.766873 0.796207 0.405837 1.444836 0.996642 1.417606 1.102957 1.102023 1.660939 0.217712 1.219388 1.958767 1.615637 1.336429 0.921811 1.268016 1.094017 1.806789 0.306156 0.863230 1.135450 0.000000 1.931326 0.611165 0.220500
1.425505 1.574495 0.574495 0.425505 1.599812 1.164454 1.135119 1.662837 0.623838 0.934685 0.651068 0.828369 0.966650 0.270387 1.713614 0.849286 0.027441 0.315689 0.594897 1.146863 0.800658 0.974657 0.124537 1.762518 1.068096 0.795876 1.931326 0.000000 1.320162 1.848174
1.254333 0.254333 0.745667 1.745667 0.279650 0.155708 0.185043 1.017002 1.944000 0.385477 1.971229 0.491793 1.713188 1.049774 0.393452 1.830552 1.347603 1.004473 0.725264 1.532976 1.879181 1.705182 1.195624 0.917321 0.252065 0.524286 0.611165 1.320162 0.000000 0.831665
0.422668 0.577332 1.577332 1.422668 0.552015 0.987372 1.016707 0.185337 1.224336 1.217141 1.197106 1.323457 0.881524 1.881439 0.438212 0.998888 1.820733 1.836137 1.556929 0.701311 1.047516 0.873517 1.972711 0.085656 1.083730 1.355950 0.220500 1.848174 0.831665 0.000000
