40
0.000000 1.000000 2.000000 1.000000 1.064880 1.064277 0.236383 0.719356 0.219414 1.988802 0.333023 0.093869 1.776861 1.624303 0.330158 0.478248 0.888790 0.734038 1.364452 1.668197 0.955534 1.253521 1.215417 1.616614 0.311073 0.253201 0.954746 0.584444 1.904904 0.358436 0.240284 0.580902 1.234020 0.570319 1.608580 0.367581 0.677655 1.154936 1.789760 1.662284
1.000000 0.000000 1.000000 2.000000 1.935120 0.064277 0.763617 1.719356 1.219414 1.011198 0.666977 0.906131 0.776861 0.624303 1.330158 1.478248 0.111210 0.265962 0.364452 0.668197 1.955534 0.253521 0.215417 1.383386 0.688927 1.253201 0.045254 0.415556 0.904904 0.641564 0.759716 1.580902 0.234020 1.570319 1.391420 1.367581 1.677655 1.845064 1.210240 1.337716
2.000000 1.000000 0.000000 1.000000 0.935120 0.935723 1.763617 1.280644 1.780586 0.011198 1.666977 1.906131 0.223139 0.375697 1.669842 1.521752 1.111210 1.265962 0.635548 0.331803 1.044466 0.746479 0.784583 0.383386 1.688927 1.746799 1.045254 1.415556 0.095096 1.641564 1.759716 1.419098 0.765980 1.429681 0.391420 1.632419 1.322345 0.845064 0.210240 0.337716
1.000000 2.000000 1.000000 0.000000 0.064880 1.935723 1.236383 0.280644 0.780586 0.988802 1.333023 1.093869 1.223139 1.375697 0.669842 0.521752 1.888790 1.734038 1.635548 1.331803 0.044466 1.746479 1.784583 0.616614 1.311073 0.746799 1.954746 1.584444 1.095096 1.358436 1.240284 0.419098 1.765980 0.429681 0.608580 0.632419 0.322345 0.154936 0.789760 0.662284
1.064880 1.935120 0.935120 0.064880 0.000000 1.870843 1.301263 0.345524 0.845465 0.923922 1.397903 1.158749 1.158259 1.310817 0.734721 0.586632 1.953670 1.798918 1.570668 1.266923 0.109346 1.681599 1.719703 0.551734 1.375953 0.811679 1.980374 1.649324 1.030216 1.423316 1.305164 0.483978 1.701100 0.494561 0.543700 0.697299 0.387225 0.090056 0.724880 0.597404
1.064277 0.064277 0.935723 1.935723 1.870843 0.000000 0.827894 1.783632 1.283691 0.946921 0.731253 0.970408 0.712585 0.560027 1.394435 1.542525 0.175487 0.330239 0.300176 0.603920 1.980189 0.189244 0.151140 1.319109 0.753204 1.317478 0.109531 0.479832 0.840628 0.705840 0.823993 1.645178 0.169744 1.634596 1.327143 1.431858 1.741932 1.780788 1.145963 1.273439
0.236383 0.763617 1.763617 1.236383 1.301263 0.827894 0.000000 0.955738 0.455797 1.774815 0.096641 0.142514 1.540479 1.387921 0.566541 0.714631 0.652407 0.497655 1.128070 1.431814 1.191917 1.017138 0.979034 1.852997 0.074690 0.489584 0.718363 0.348062 1.668522 0.122054 0.003901 0.817284 0.997638 0.806702 1.844962 0.603964 0.914038 1.391318 1.973857 1.898667
0.719356 1.719356 1.280644 0.280644 0.345524 1.783632 0.955738 0.000000 0.499941 1.269446 1.052379 0.813224 1.503783 1.656341 0.389197 0.241108 1.608145 1.453393 1.916192 1.612448 0.236178 1.972877 1.934772 0.897259 1.030429 0.466155 1.674101 1.303800 1.375740 1.077792 0.959639 0.138454 1.953376 0.149036 0.889224 0.351774 0.041701 0.435580 1.070405 0.942929
0.219414 1.219414 1.780586 0.780586 0.845465 1.283691 0.455797 0.499941 0.000000 1.769387 0.552438 0.313283 1.996276 1.843718 0.110744 0.258834 1.108204 0.953452 1.583867 1.887611 0.736120 1.472935 1.434831 1.397200 0.530488 0.033786 1.174160 0.803859 1.875681 0.577851 0.459698 0.361487 1.453435 0.350905 1.389165 0.148167 0.458240 0.935521 1.570346 1.442870
1.988802 1.011198 0.011198 0.988802 0.923922 0.946921 1.774815 1.269446 1.769387 0.000000 1.678175 1.917329 0.234337 0.386895 1.658643 1.510554 1.122408 1.277160 0.646746 0.343001 1.033268 0.757677 0.795781 0.372188 1.700125 1.735601 1.056452 1.426754 0.106294 1.652762 1.770914 1.407900 0.777178 1.418483 0.380222 1.621221 1.311147 0.833866 0.199042 0.326518
0.333023 0.666977 1.666977 1.333023 1.397903 0.731253 0.096641 1.052379 0.552438 1.678175 0.000000 0.239155 1.443838 1.291280 0.663182 0.811271 0.555766 0.401014 1.031429 1.335173 1.288557 0.920498 0.882393 1.949638 0.021950 0.586224 0.621722 0.251421 1.571881 0.025413 0.092740 0.913925 0.900997 0.903343 1.941603 0.700605 1.010678 1.487959 1.877216 1.995308
0.093869 0.906131 1.906131 1.093869 1.158749 0.970408 0.142514 0.813224 0.313283 1.917329 0.239155 0.000000 1.682993 1.530435 0.424027 0.572117 0.794921 0.640169 1.270584 1.574328 1.049403 1.159652 1.121548 1.710483 0.217204 0.347070 0.860877 0.490576 1.811036 0.264568 0.146415 0.674770 1.140152 0.664188 1.702448 0.461450 0.771524 1.248804 1.883629 1.756153
1.776861 0.776861 0.223139 1.223139 1.158259 0.712585 1.540479 1.503783 1.996276 0.234337 1.443838 1.682993 0.000000 0.152558 1.892980 1.744891 0.888072 1.042824 0.412409 0.108665 1.267605 0.523340 0.561445 0.606524 1.465788 1.969938 0.822116 1.192417 0.128043 1.418425 1.536578 1.642237 0.542841 1.652819 0.614559 1.855557 1.545484 1.068203 0.433378 0.560855
1.624303 0.624303 0.375697 1.375697 1.310817 0.560027 1.387921 1.656341 1.843718 0.386895 1.291280 1.530435 0.152558 0.000000 1.954462 1.897449 0.735514 0.890266 0.259851 0.043893 1.420163 0.370782 0.408887 0.759082 1.313230 1.877504 0.669558 1.039859 0.280601 1.265867 1.384020 1.794795 0.390283 1.805377 0.767117 1.991885 1.698042 1.220761 0.585936 0.713412
0.330158 1.330158 1.669842 0.669842 0.734721 1.394435 0.566541 0.389197 0.110744 1.658643 0.663182 0.424027 1.892980 1.954462 0.000000 0.148090 1.218948 1.064196 1.694611 1.998355 0.625376 1.583679 1.545575 1.286456 0.641232 0.076958 1.284904 0.914603 1.764937 0.688595 0.570442 0.250743 1.564179 0.240161 1.278421 0.037423 0.347496 0.824777 1.459602 1.332126
0.478248 1.478248 1.521752 0.521752 0.586632 1.542525 0.714631 0.241108 0.258834 1.510554 0.811271 0.572117 1.744891 1.897449 0.148090 0.000000 1.367038 1.212286 1.842700 1.853555 0.477286 1.731769 1.693665 1.138366 0.789321 0.225047 1.432994 1.062692 1.616847 0.836684 0.718532 0.102654 1.712268 0.092071 1.130332 0.110667 0.199407 0.676688 1.311512 1.184036
0.888790 0.111210 1.111210 1.888790 1.953670 0.175487 0.652407 1.608145 1.108204 1.122408 0.555766 0.794921 0.888072 0.735514 1.218948 1.367038 0.000000 0.154752 0.475663 0.779407 1.844324 0.364731 0.326627 1.494596 0.577717 1.141991 0.065956 0.304345 1.016115 0.530353 0.648506 1.469691 0.345231 1.459109 1.502630 1.256371 1.566445 1.956275 1.321450 1.448926
0.734038 0.265962 1.265962 1.734038 1.798918 0.330239 0.497655 1.453393 0.953452 1.277160 0.401014 0.640169 1.042824 0.890266 1.064196 1.212286 0.154752 0.000000 0.630415 0.934159 1.689572 0.519483 0.481379 1.649348 0.422965 0.987239 0.220708 0.149593 1.170867 0.375601 0.493754 1.314939 0.499983 1.304357 1.657383 1.101619 1.411693 1.888973 1.476202 1.603678
1.364452 0.364452 0.635548 1.635548 1.570668 0.300176 1.128070 1.916192 1.583867 0.646746 1.031429 1.270584 0.412409 0.259851 1.694611 1.842700 0.475663 0.630415 0.000000 0.303744 1.680014 0.110931 0.149035 1.018933 1.053379 1.617653 0.409707 0.780008 0.540452 1.006016 1.124169 1.945354 0.130432 1.934772 1.026968 1.732034 1.957893 1.480612 0.845787 0.973264
1.668197 0.668197 0.331803 1.331803 1.266923 0.603920 1.431814 1.612448 1.887611 0.343001 1.335173 1.574328 0.108665 0.043893 1.998355 1.853555 0.779407 0.934159 0.303744 0.000000 1.376269 0.414676 0.452780 0.715189 1.357124 1.921398 0.713451 1.083753 0.236708 1.309760 1.427913 1.750902 0.434176 1.761484 0.723223 1.964222 1.654148 1.176867 0.542043 0.669519
0.955534 1.955534 1.044466 0.044466 0.109346 1.980189 1.191917 0.236178 0.736120 1.033268 1.288557 1.049403 1.267605 1.420163 0.625376 0.477286 1.844324 1.689572 1.680014 1.376269 0.000000 1.790945 1.829049 0.661080 1.266607 0.702333 1.910280 1.539978 1.139561 1.313970 1.195818 0.374632 1.810446 0.385215 0.653046 0.587953 0.277879 0.199402 0.834226 0.706750
1.253521 0.253521 0.746479 1.746479 1.681599 0.189244 1.017138 1.972877 1.472935 0.757677 0.920498 1.159652 0.523340 0.370782 1.583679 1.731769 0.364731 0.519483 0.110931 0.414676 1.790945 0.000000 0.038104 1.129865 0.942448 1.506722 0.298775 0.669077 0.651384 0.895085 1.013237 1.834423 0.019501 1.823840 1.137899 1.621102 1.931176 1.591543 0.956719 1.084195
1.215417 0.215417 0.784583 1.784583 1.719703 0.151140 0.979034 1.934772 1.434831 0.795781 0.882393 1.121548 0.561445 0.408887 1.545575 1.693665 0.326627 0.481379 0.149035 0.452780 1.829049 0.038104 0.000000 1.167969 0.904344 1.468618 0.260671 0.630973 0.689488 0.856981 0.975133 1.796318 0.018603 1.785736 1.176003 1.582998 1.893072 1.629647 0.994823 1.122299
1.616614 1.383386 0.383386 0.616614 0.551734 1.319109 1.852997 0.897259 1.397200 0.372188 1.949638 1.710483 0.606524 0.759082 1.286456 1.138366 1.494596 1.649348 1.018933 0.715189 0.661080 1.129865 1.167969 0.000000 1.927688 1.363414 1.428640 1.798941 0.478481 1.975051 1.856898 1.035713 1.149365 1.046295 0.008035 1.249033 0.938959 0.461679 0.173146 0.045670
0.311073 0.688927 1.688927 1.311073 1.375953 0.753204 0.074690 1.030429 0.530488 1.700125 0.021950 0.217204 1.465788 1.313230 0.641232 0.789321 0.577717 0.422965 1.053379 1.357124 1.266607 0.942448 0.904344 1.927688 0.000000 0.564274 0.643672 0.273371 1.593831 0.047363 0.070790 0.891975 0.922947 0.881392 1.919653 0.678654 0.988728 1.466009 1.899167 1.973357
0.253201 1.253201 1.746799 0.746799 0.811679 1.317478 0.489584 0.466155 0.033786 1.735601 0.586224 0.347070 1.969938 1.877504 0.076958 0.225047 1.141991 0.987239 1.617653 1.921398 0.702333 1.506722 1.468618 1.363414 0.564274 0.000000 1.207946 0.837645 1.841895 0.611637 0.493484 0.327701 1.487221 0.317118 1.355379 0.114380 0.424454 0.901735 1.536559 1.409083
0.954746 0.045254 1.045254 1.954746 1.980374 0.109531 0.718363 1.674101 1.174160 1.056452 0.621722 0.860877 0.822116 0.669558 1.284904 1.432994 0.065956 0.220708 0.409707 0.713451 1.910280 0.298775 0.260671 1.428640 0.643672 1.207946 0.000000 0.370301 0.950159 0.596309 0.714462 1.535647 0.279275 1.525065 1.436675 1.322327 1.632401 1.890319 1.255494 1.382970
0.584444 0.415556 1.415556 1.584444 1.649324 0.479832 0.348062 1.303800 0.803859 1.426754 0.251421 0.490576 1.192417 1.039859 0.914603 1.062692 0.304345 0.149593 0.780008 1.083753 1.539978 0.669077 0.630973 1.798941 0.273371 0.837645 0.370301 0.000000 1.320460 0.226008 0.344161 1.165346 0.649576 1.154764 1.806976 0.952026 1.262099 1.739380 1.625795 1.753272
1.904904 0.904904 0.095096 1.095096 1.030216 0.840628 1.668522 1.375740 1.875681 0.106294 1.571881 1.811036 0.128043 0.280601 1.764937 1.616847 1.016115 1.170867 0.540452 0.236708 1.139561 0.651384 0.689488 0.478481 1.593831 1.841895 0.950159 1.320460 0.000000 1.546468 1.664621 1.514194 0.670884 1.524776 0.486516 1.727514 1.417441 0.940160 0.305335 0.432811
0.358436 0.641564 1.641564 1.358436 1.423316 0.705840 0.122054 1.077792 0.577851 1.652762 0.025413 0.264568 1.418425 1.265867 0.688595 0.836684 0.530353 0.375601 1.006016 1.309760 1.313970 0.895085 0.856981 1.975051 0.047363 0.611637 0.596309 0.226008 1.546468 0.000000 0.118153 0.939338 0.875584 0.928756 1.967016 0.726018 1.036091 1.513372 1.851803 1.979280
0.240284 0.759716 1.759716 1.240284 1.305164 0.823993 0.003901 0.959639 0.459698 1.770914 0.092740 0.146415 1.536578 1.384020 0.570442 0.718532 0.648506 0.493754 1.124169 1.427913 1.195818 1.013237 0.975133 1.856898 0.070790 0.493484 0.714462 0.344161 1.664621 0.118153 0.000000 0.821185 0.993737 0.810603 1.848863 0.607865 0.917938 1.395219 1.969956 1.902568
0.580902 1.580902 1.419098 0.419098 0.483978 1.645178 0.817284 0.138454 0.361487 1.407900 0.913925 0.674770 1.642237 1.794795 0.250743 0.102654 1.469691 1.314939 1.945354 1.750902 0.374632 1.834423 1.796318 1.035713 0.891975 0.327701 1.535647 1.165346 1.514194 0.939338 0.821185 0.000000 1.814922 0.010582 1.027678 0.213320 0.096753 0.574034 1.208859 1.081382
1.234020 0.234020 0.765980 1.765980 1.701100 0.169744 0.997638 1.953376 1.453435 0.777178 0.900997 1.140152 0.542841 0.390283 1.564179 1.712268 0.345231 0.499983 0.130432 0.434176 1.810446 0.019501 0.018603 1.149365 0.922947 1.487221 0.279275 0.649576 0.670884 0.875584 0.993737 1.814922 0.000000 1.804340 1.157400 1.601602 1.911675 1.611044 0.976219 1.103696
0.570319 1.570319 1.429681 0.429681 0.494561 1.634596 0.806702 0.149036 0.350905 1.418483 0.903343 0.664188 1.652819 1.805377 0.240161 0.092071 1.459109 1.304357 1.934772 1.761484 0.385215 1.823840 1.785736 1.046295 0.881392 0.317118 1.525065 1.154764 1.524776 0.928756 0.810603 0.010582 1.804340 0.000000 1.038260 0.202738 0.107336 0.584616 1.219441 1.091965
1.608580 1.391420 0.391420 0.608580 0.543700 1.327143 1.844962 0.889224 1.389165 0.380222 1.941603 1.702448 0.614559 0.767117 1.278421 1.130332 1.502630 1.657383 1.026968 0.723223 0.653046 1.137899 1.176003 0.008035 1.919653 1.355379 1.436675 1.806976 0.486516 1.967016 1.848863 1.027678 1.157400 1.038260 0.000000 1.240998 0.930925 0.453644 0.181180 0.053704
0.367581 1.367581 1.632419 0.632419 0.697299 1.431858 0.603964 0.351774 0.148167 1.621221 0.700605 0.461450 1.855557 1.991885 0.037423 0.110667 1.256371 1.101619 1.732034 1.964222 0.587953 1.621102 1.582998 1.249033 0.678654 0.114380 1.322327 0.952026 1.727514 0.726018 0.607865 0.213320 1.601602 0.202738 1.240998 0.000000 0.310074 0.787354 1.422179 1.294703
0.677655 1.677655 1.322345 0.322345 0.387225 1.741932 0.914038 0.041701 0.458240 1.311147 1.010678 0.771524 1.545484 1.698042 0.347496 0.199407 1.566445 1.411693 1.957893 1.654148 0.277879 1.931176 1.893072 0.938959 0.988728 0.424454 1.632401 1.262099 1.417441 1.036091 0.917938 0.096753 1.911675 0.107336 0.930925 0.310074 0.000000 0.477281 1.112105 0.984629
1.154936 1.845064 0.845064 0.154936 0.090056 1.780788 1.391318 0.435580 0.935521 0.833866 1.487959 1.248804 1.068203 1.220761 0.824777 0.676688 1.956275 1.888973 1.480612 1.176867 0.199402 1.591543 1.629647 0.461679 1.466009 0.901735 1.890319 1.739380 0.940160 1.513372 1.395219 0.574034 1.611044 0.584616 0.453644 0.787354 0.477281 0.000000 0.634825 0.507348
1.789760 1.210240 0.210240 0.789760 0.724880 1.145963 1.973857 1.070405 1.570346 0.199042 1.877216 1.883629 0.433378 0.585936 1.459602 1.311512 1.321450 1.476202 0.845787 0.542043 0.834226 0.956719 0.994823 0.173146 1.899167 1.536559 1.255494 1.625795 0.305335 1.851803 1.969956 1.208859 0.976219 1.219441 0.181180 1.422179 1.112105 0.634825 0.000000 0.127476
1.662284 1.337716 0.337716 0.662284 0.597404 1.273439 1.898667 0.942929 1.442870 0.326518 1.995308 1.756153 0.560855 0.713412 1.332126 1.184036 1.448926 1.603678 0.973264 0.669519 0.706750 1.084195 1.122299 0.045670 1.973357 1.409083 1.382970 1.753272 0.432811 1.979280 1.902568 1.081382 1.103696 1.091965 0.053704 1.294703 0.984629 0.507348 0.127476 0.000000
