45
0.000000 1.000000 2.000000 1.000000 0.637623 1.490308 0.389567 1.476462 1.053934 1.077218 1.289493 0.208141 0.628847 0.935832 0.466433 1.083337 0.642456 1.286596 0.160051 1.093336 1.313678 0.371120 0.611996 1.085596 0.844418 0.485245 1.831744 0.868581 0.260840 0.286973 0.136806 0.384566 1.387495 1.010767 1.137316 0.828147 1.315630 1.693559 0.487874 1.284049 1.917642 1.984141 1.425686 1.242941 1.441842
1.000000 0.000000 1.000000 2.000000 0.362377 1.509692 0.610433 1.523538 1.946066 0.077218 1.710507 0.791859 1.628847 1.935832 0.533567 1.916663 1.642456 0.286596 0.839949 1.906664 1.686322 1.371120 0.388004 0.085596 1.844418 0.514755 1.168256 0.131419 1.260840 1.286973 1.136806 0.615434 0.387495 1.989233 1.862684 0.171853 0.315630 0.693559 0.512126 1.715951 1.082358 0.984141 1.574314 0.242941 1.558158
2.000000 1.000000 0.000000 1.000000 1.362377 0.509692 1.610433 0.523538 0.946066 0.922782 0.710507 1.791859 1.371153 1.064168 1.533567 0.916663 1.357544 0.713404 1.839949 0.906664 0.686322 1.628880 1.388004 0.914404 1.155582 1.514755 0.168256 1.131419 1.739160 1.713027 1.863194 1.615434 0.612505 0.989233 0.862684 1.171853 0.684370 0.306441 1.512126 0.715951 0.082358 0.015859 0.574314 0.757059 0.558158
1.000000 2.000000 1.000000 0.000000 1.637623 0.490308 1.389567 0.476462 0.053934 1.922782 0.289493 1.208141 0.371153 0.064168 1.466433 0.083337 0.357544 1.713404 1.160051 0.093336 0.313678 0.628880 1.611996 1.914404 0.155582 1.485245 0.831744 1.868581 0.739160 0.713027 0.863194 1.384566 1.612505 0.010767 0.137316 1.828147 1.684370 1.306441 1.487874 0.284049 0.917642 1.015859 0.425686 1.757059 0.441842
0.637623 0.362377 1.362377 1.637623 0.000000 1.872069 0.248056 1.885916 1.691557 0.439595 1.927116 0.429482 1.266470 1.573455 0.171190 1.720960 1.280078 0.648973 0.477572 1.730959 1.951300 1.008743 0.025627 0.447974 1.482040 0.152378 1.530633 0.230958 0.898462 0.924596 0.774429 0.253057 0.749872 1.648389 1.774939 0.190525 0.678007 1.055936 0.149749 1.921671 1.444735 1.346519 1.936692 0.605318 1.920535
1.490308 1.509692 0.509692 0.490308 1.872069 0.000000 1.879875 0.013846 0.436374 1.432474 0.200815 1.698449 0.861461 0.554476 1.956741 0.406971 0.847852 1.223096 1.650359 0.396972 0.176631 1.119188 1.897696 1.424096 0.645890 1.975553 0.341436 1.641111 1.229468 1.203335 1.353502 1.874874 1.122197 0.479541 0.352992 1.681545 1.194062 0.816133 1.978182 0.206260 0.427334 0.525551 0.064623 1.266751 0.048466
0.389567 0.610433 1.610433 1.389567 0.248056 1.879875 0.000000 1.866029 1.443501 0.687651 1.679060 0.181426 1.018414 1.325399 0.076866 1.472904 1.032022 0.897029 0.229516 1.482903 1.703244 0.760687 0.222429 0.696030 1.233985 0.095678 1.778689 0.479014 0.650406 0.676540 0.526373 0.005001 0.997928 1.400334 1.526883 0.438581 0.926063 1.303992 0.098307 1.673615 1.692791 1.594575 1.815252 0.853374 1.831409
1.476462 1.523538 0.523538 0.476462 1.885916 0.013846 1.866029 0.000000 0.422528 1.446320 0.186968 1.684603 0.847615 0.540630 1.942894 0.393124 0.834006 1.236942 1.636513 0.383126 0.162784 1.105342 1.911542 1.437942 0.632044 1.961706 0.355283 1.654958 1.215622 1.189489 1.339655 1.861027 1.136043 0.465695 0.339146 1.695391 1.207909 0.829980 1.964336 0.192413 0.441181 0.539397 0.050776 1.280597 0.034620
1.053934 1.946066 0.946066 0.053934 1.691557 0.436374 1.443501 0.422528 0.000000 1.868848 0.235560 1.262075 0.425087 0.118102 1.520367 0.029403 0.411478 1.659470 1.213985 0.039402 0.259744 0.682814 1.665930 1.860470 0.209516 1.539178 0.777810 1.922515 0.793094 0.766961 0.917128 1.438500 1.558571 0.043167 0.083382 1.882081 1.630436 1.252507 1.541808 0.230115 0.863708 0.961925 0.371752 1.703125 0.387908
1.077218 0.077218 0.922782 1.922782 0.439595 1.432474 0.687651 1.446320 1.868848 0.000000 1.633289 0.869077 1.706065 1.986950 0.610785 1.839445 1.719674 0.209378 0.917167 1.829446 1.609104 1.448338 0.465222 0.008378 1.921636 0.591973 1.091038 0.208637 1.338058 1.364191 1.214024 0.692652 0.310277 1.912015 1.785466 0.249071 0.238412 0.616341 0.589344 1.638733 1.005140 0.906923 1.497096 0.165723 1.480940
1.289493 1.710507 0.710507 0.289493 1.927116 0.200815 1.679060 0.186968 0.235560 1.633289 0.000000 1.497635 0.660646 0.353661 1.755926 0.206156 0.647038 1.423910 1.449545 0.196158 0.024184 0.918373 1.901490 1.624910 0.445076 1.774738 0.542251 1.841926 1.028654 1.002520 1.152687 1.674059 1.323011 0.278727 0.152177 1.882359 1.394877 1.016948 1.777367 0.005445 0.628149 0.726365 0.136192 1.467566 0.152349
0.208141 0.791859 1.791859 1.208141 0.429482 1.698449 0.181426 1.684603 1.262075 0.869077 1.497635 0.000000 0.836988 1.143973 0.258292 1.291478 0.850597 1.078455 0.048090 1.301477 1.521819 0.579261 0.403855 0.877455 1.052559 0.277103 1.960115 0.660440 0.468981 0.495114 0.344947 0.176425 1.179354 1.218908 1.345457 0.620006 1.107489 1.485418 0.279733 1.492190 1.874217 1.776000 1.633827 1.034800 1.649983
0.628847 1.628847 1.371153 0.371153 1.266470 0.861461 1.018414 0.847615 0.425087 1.706065 0.660646 0.836988 0.000000 0.306985 1.095280 0.454490 0.013609 1.915443 0.788898 0.464489 0.684830 0.257727 1.240843 1.714444 0.215571 1.114092 1.202897 1.497428 0.368007 0.341874 0.492041 1.013413 1.983658 0.381920 0.508469 1.456995 1.944477 1.677594 1.116721 0.655201 1.288795 1.387011 0.796838 1.871788 0.812995
0.935832 1.935832 1.064168 0.064168 1.573455 0.554476 1.325399 0.540630 0.118102 1.986950 0.353661 1.143973 0.306985 0.000000 1.402265 0.147505 0.293376 1.777572 1.095883 0.157504 0.377845 0.564712 1.547828 1.978571 0.091414 1.421077 0.895912 1.804413 0.674993 0.648859 0.799026 1.320398 1.676673 0.074935 0.201484 1.763980 1.748538 1.370609 1.423706 0.348216 0.981810 1.080026 0.489853 1.821227 0.506010
0.466433 0.533567 1.533567 1.466433 0.171190 1.956741 0.076866 1.942894 1.520367 0.610785 1.755926 0.258292 1.095280 1.402265 0.000000 1.549770 1.108888 0.820163 0.306382 1.559769 1.780110 0.837553 0.145563 0.619164 1.310850 0.018812 1.701823 0.402148 0.727272 0.753406 0.603239 0.081867 0.921062 1.477199 1.603749 0.361715 0.849197 1.227126 0.021441 1.750481 1.615925 1.517709 1.892118 0.776508 1.908275
1.083337 1.916663 0.916663 0.083337 1.720960 0.406971 1.472904 0.393124 0.029403 1.839445 0.206156 1.291478 0.454490 0.147505 1.549770 0.000000 0.440882 1.630067 1.243388 0.009999 0.230340 0.712217 1.695333 1.831066 0.238919 1.568582 0.748407 1.951918 0.822498 0.796364 0.946531 1.467903 1.529168 0.072571 0.053979 1.911485 1.601033 1.223104 1.571211 0.200711 0.834305 0.932521 0.342348 1.673722 0.358505
0.642456 1.642456 1.357544 0.357544 1.280078 0.847852 1.032022 0.834006 0.411478 1.719674 0.647038 0.850597 0.013609 0.293376 1.108888 0.440882 0.000000 1.929052 0.802507 0.450880 0.671222 0.271336 1.254452 1.728052 0.201962 1.127700 1.189289 1.511036 0.381616 0.355483 0.505649 1.027021 1.970049 0.368311 0.494860 1.470603 1.958085 1.663986 1.130330 0.641593 1.275187 1.373403 0.783230 1.885397 0.799386
1.286596 0.286596 0.713404 1.713404 0.648973 1.223096 0.897029 1.236942 1.659470 0.209378 1.423910 1.078455 1.915443 1.777572 0.820163 1.630067 1.929052 0.000000 1.126545 1.620068 1.399726 1.657716 0.674600 0.201000 1.868986 0.801352 0.881659 0.418015 1.547436 1.573569 1.423403 0.902030 0.100899 1.702637 1.576088 0.458449 0.029033 0.406962 0.798722 1.429355 0.795761 0.697545 1.287718 0.043655 1.271562
0.160051 0.839949 1.839949 1.160051 0.477572 1.650359 0.229516 1.636513 1.213985 0.917167 1.449545 0.048090 0.788898 1.095883 0.306382 1.243388 0.802507 1.126545 0.000000 1.253387 1.473729 0.531171 0.451945 0.925545 1.004469 0.325193 1.991795 0.708530 0.420891 0.447024 0.296857 0.224515 1.227444 1.170818 1.297367 0.668096 1.155579 1.533508 0.327823 1.444100 1.922307 1.824090 1.585737 1.082890 1.601893
1.093336 1.906664 0.906664 0.093336 1.730959 0.396972 1.482903 0.383126 0.039402 1.829446 0.196158 1.301477 0.464489 0.157504 1.559769 0.009999 0.450880 1.620068 1.253387 0.000000 0.220342 0.722216 1.705332 1.821068 0.248918 1.578580 0.738408 1.961917 0.832496 0.806363 0.956530 1.477902 1.519169 0.082569 0.043980 1.921483 1.591034 1.213105 1.581210 0.190713 0.824306 0.922523 0.332350 1.663723 0.348506
1.313678 1.686322 0.686322 0.313678 1.951300 0.176631 1.703244 0.162784 0.259744 1.609104 0.024184 1.521819 0.684830 0.377845 1.780110 0.230340 0.671222 1.399726 1.473729 0.220342 0.000000 0.942557 1.925674 1.600726 0.469260 1.798922 0.518067 1.817742 1.052838 1.026705 1.176871 1.698243 1.298827 0.302911 0.176361 1.858175 1.370693 0.992764 1.801551 0.029629 0.603965 0.702181 0.112008 1.443381 0.128165
0.371120 1.371120 1.628880 0.628880 1.008743 1.119188 0.760687 1.105342 0.682814 1.448338 0.918373 0.579261 0.257727 0.564712 0.837553 0.712217 0.271336 1.657716 0.531171 0.722216 0.942557 0.000000 0.983116 1.456716 0.473298 0.856365 1.460624 1.239701 0.110280 0.084147 0.234314 0.755686 1.758615 0.639647 0.766196 1.199267 1.686750 1.935321 0.858994 0.912929 1.546522 1.644739 1.054565 1.614061 1.070722
0.611996 0.388004 1.388004 1.611996 0.025627 1.897696 0.222429 1.911542 1.665930 0.465222 1.901490 0.403855 1.240843 1.547828 0.145563 1.695333 1.254452 0.674600 0.451945 1.705332 1.925674 0.983116 0.000000 0.473600 1.456414 0.126752 1.556259 0.256585 0.872836 0.898969 0.748803 0.227430 0.775499 1.622763 1.749312 0.216151 0.703634 1.081563 0.124122 1.896045 1.470361 1.372145 1.962318 0.630945 1.946162
1.085596 0.085596 0.914404 1.914404 0.447974 1.424096 0.696030 1.437942 1.860470 0.008378 1.624910 0.877455 1.714444 1.978571 0.619164 1.831066 1.728052 0.201000 0.925545 1.821068 1.600726 1.456716 0.473600 0.000000 1.930014 0.600352 1.082659 0.217016 1.346436 1.372569 1.222403 0.701031 0.301899 1.903637 1.777087 0.257449 0.230033 0.607962 0.597722 1.630355 0.996761 0.898545 1.488718 0.157345 1.472561
0.844418 1.844418 1.155582 0.155582 1.482040 0.645890 1.233985 0.632044 0.209516 1.921636 0.445076 1.052559 0.215571 0.091414 1.310850 0.238919 0.201962 1.868986 1.004469 0.248918 0.469260 0.473298 1.456414 1.930014 0.000000 1.329662 0.987327 1.712998 0.583578 0.557445 0.707611 1.228983 1.768087 0.166349 0.292898 1.672565 1.839953 1.462024 1.332292 0.439631 1.073225 1.171441 0.581268 1.912641 0.597424
0.485245 0.514755 1.514755 1.485245 0.152378 1.975553 0.095678 1.961706 1.539178 0.591973 1.774738 0.277103 1.114092 1.421077 0.018812 1.568582 1.127700 0.801352 0.325193 1.578580 1.798922 0.856365 0.126752 0.600352 1.329662 0.000000 1.683011 0.383336 0.746084 0.772218 0.622051 0.100679 0.902251 1.496011 1.622561 0.342903 0.830385 1.208314 0.002629 1.769293 1.597113 1.498897 1.910930 0.757696 1.927087
1.831744 1.168256 0.168256 0.831744 1.530633 0.341436 1.778689 0.355283 0.777810 1.091038 0.542251 1.960115 1.202897 0.895912 1.701823 0.748407 1.189289 0.881659 1.991795 0.738408 0.518067 1.460624 1.556259 1.082659 0.987327 1.683011 0.000000 1.299675 1.570905 1.544771 1.694938 1.783690 0.780761 0.820978 0.694428 1.340108 0.852626 0.474697 1.680382 0.547696 0.085898 0.184114 0.406059 0.925315 0.389902
0.868581 0.131419 1.131419 1.868581 0.230958 1.641111 0.479014 1.654958 1.922515 0.208637 1.841926 0.660440 1.497428 1.804413 0.402148 1.951918 1.511036 0.418015 0.708530 1.961917 1.817742 1.239701 0.256585 0.217016 1.712998 0.383336 1.299675 0.000000 1.129420 1.155554 1.005387 0.484015 0.518914 1.879347 1.994103 0.040433 0.447049 0.824978 0.380707 1.847371 1.213777 1.115561 1.705734 0.374360 1.689577
0.260840 1.260840 1.739160 0.739160 0.898462 1.229468 0.650406 1.215622 0.793094 1.338058 1.028654 0.468981 0.368007 0.674993 0.727272 0.822498 0.381616 1.547436 0.420891 0.832496 1.052838 0.110280 0.872836 1.346436 0.583578 0.746084 1.570905 1.129420 0.000000 0.026133 0.124033 0.645405 1.648335 0.749927 0.876477 1.088987 1.576469 1.954398 0.748714 1.023209 1.656803 1.755019 1.164846 1.503781 1.181002
0.286973 1.286973 1.713027 0.713027 0.924596 1.203335 0.676540 1.189489 0.766961 1.364191 1.002520 0.495114 0.341874 0.648859 0.753406 0.796364 0.355483 1.573569 0.447024 0.806363 1.026705 0.084147 0.898969 1.372569 0.557445 0.772218 1.544771 1.155554 0.026133 0.000000 0.150167 0.671539 1.674468 0.723794 0.850343 1.115120 1.602603 1.980532 0.774847 0.997076 1.630669 1.728886 1.138713 1.529914 1.154869
0.136806 1.136806 1.863194 0.863194 0.774429 1.353502 0.526373 1.339655 0.917128 1.214024 1.152687 0.344947 0.492041 0.799026 0.603239 0.946531 0.505649 1.423403 0.296857 0.956530 1.176871 0.234314 0.748803 1.222403 0.707611 0.622051 1.694938 1.005387 0.124033 0.150167 0.000000 0.521372 1.524302 0.873960 1.000510 0.964954 1.452436 1.830365 0.624680 1.147242 1.780836 1.879052 1.288879 1.379747 1.305036
0.384566 0.615434 1.615434 1.384566 0.253057 1.874874 0.005001 1.861027 1.438500 0.692652 1.674059 0.176425 1.013413 1.320398 0.081867 1.467903 1.027021 0.902030 0.224515 1.477902 1.698243 0.755686 0.227430 0.701031 1.228983 0.100679 1.783690 0.484015 0.645405 0.671539 0.521372 0.000000 1.002929 1.395332 1.521882 0.443582 0.931064 1.308993 0.103308 1.668614 1.697792 1.599576 1.810251 0.858375 1.826408
1.387495 0.387495 0.612505 1.612505 0.749872 1.122197 0.997928 1.136043 1.558571 0.310277 1.323011 1.179354 1.983658 1.676673 0.921062 1.529168 1.970049 0.100899 1.227444 1.519169 1.298827 1.758615 0.775499 0.301899 1.768087 0.902251 0.780761 0.518914 1.648335 1.674468 1.524302 1.002929 0.000000 1.601738 1.475189 0.559348 0.071865 0.306064 0.899621 1.328456 0.694862 0.596646 1.186819 0.144554 1.170663
1.010767 1.989233 0.989233 0.010767 1.648389 0.479541 1.400334 0.465695 0.043167 1.912015 0.278727 1.218908 0.381920 0.074935 1.477199 0.072571 0.368311 1.702637 1.170818 0.082569 0.302911 0.639647 1.622763 1.903637 0.166349 1.496011 0.820978 1.879347 0.749927 0.723794 0.873960 1.395332 1.601738 0.000000 0.126549 1.838914 1.673604 1.295675 1.498641 0.273282 0.906876 1.005092 0.414919 1.746292 0.431075
1.137316 1.862684 0.862684 0.137316 1.774939 0.352992 1.526883 0.339146 0.083382 1.785466 0.152177 1.345457 0.508469 0.201484 1.603749 0.053979 0.494860 1.576088 1.297367 0.043980 0.176361 0.766196 1.749312 1.777087 0.292898 1.622561 0.694428 1.994103 0.876477 0.850343 1.000510 1.521882 1.475189 0.126549 0.000000 1.965464 1.547054 1.169125 1.625190 0.146732 0.780326 0.878542 0.288369 1.619743 0.304526
0.828147 0.171853 1.171853 1.828147 0.190525 1.681545 0.438581 1.695391 1.882081 0.249071 1.882359 0.620006 1.456995 1.763980 0.361715 1.911485 1.470603 0.458449 0.668096 1.921483 1.858175 1.199267 0.216151 0.257449 1.672565 0.342903 1.340108 0.040433 1.088987 1.115120 0.964954 0.443582 0.559348 1.838914 1.965464 0.000000 0.487482 0.865411 0.340273 1.887804 1.254210 1.155994 1.746167 0.414794 1.730010
1.315630 0.315630 0.684370 1.684370 0.678007 1.194062 0.926063 1.207909 1.630436 0.238412 1.394877 1.107489 1.944477 1.748538 0.849197 1.601033 1.958085 0.029033 1.155579 1.591034 1.370693 1.686750 0.703634 0.230033 1.839953 0.830385 0.852626 0.447049 1.576469 1.602603 1.452436 0.931064 0.071865 1.673604 1.547054 0.487482 0.000000 0.377929 0.827756 1.400322 0.766728 0.668512 1.258685 0.072689 1.242528
1.693559 0.693559 0.306441 1.306441 1.055936 0.816133 1.303992 0.829980 1.252507 0.616341 1.016948 1.485418 1.677594 1.370609 1.227126 1.223104 1.663986 0.406962 1.533508 1.213105 0.992764 1.935321 1.081563 0.607962 1.462024 1.208314 0.474697 0.824978 1.954398 1.980532 1.830365 1.308993 0.306064 1.295675 1.169125 0.865411 0.377929 0.000000 1.205685 1.022393 0.388799 0.290583 0.880756 0.450618 0.864599
0.487874 0.512126 1.512126 1.487874 0.149749 1.978182 0.098307 1.964336 1.541808 0.589344 1.777367 0.279733 1.116721 1.423706 0.021441 1.571211 1.130330 0.798722 0.327823 1.581210 1.801551 0.858994 0.124122 0.597722 1.332292 0.002629 1.680382 0.380707 0.748714 0.774847 0.624680 0.103308 0.899621 1.498641 1.625190 0.340273 0.827756 1.205685 0.000000 1.771922 1.594484 1.496267 1.913559 0.755067 1.929716
1.284049 1.715951 0.715951 0.284049 1.921671 0.206260 1.673615 0.192413 0.230115 1.638733 0.005445 1.492190 0.655201 0.348216 1.750481 0.200711 0.641593 1.429355 1.444100 0.190713 0.029629 0.912929 1.896045 1.630355 0.439631 1.769293 0.547696 1.847371 1.023209 0.997076 1.147242 1.668614 1.328456 0.273282 0.146732 1.887804 1.400322 1.022393 1.771922 0.000000 0.633594 0.731810 0.141637 1.473010 0.157794
1.917642 1.082358 0.082358 0.917642 1.444735 0.427334 1.692791 0.441181 0.863708 1.005140 0.628149 1.874217 1.288795 0.981810 1.615925 0.834305 1.275187 0.795761 1.922307 0.824306 0.603965 1.546522 1.470361 0.996761 1.073225 1.597113 0.085898 1.213777 1.656803 1.630669 1.780836 1.697792 0.694862 0.906876 0.780326 1.254210 0.766728 0.388799 1.594484 0.633594 0.000000 0.098216 0.491957 0.839417 0.475800
1.984141 0.984141 0.015859 1.015859 1.346519 0.525551 1.594575 0.539397 0.961925 0.906923 0.726365 1.776000 1.387011 1.080026 1.517709 0.932521 1.373403 0.697545 1.824090 0.922523 0.702181 1.644739 1.372145 0.898545 1.171441 1.498897 0.184114 1.115561 1.755019 1.728886 1.879052 1.599576 0.596646 1.005092 0.878542 1.155994 0.668512 0.290583 1.496267 0.731810 0.098216 0.000000 0.590173 0.741200 0.574016
1.425686 1.574314 0.574314 0.425686 1.936692 0.064623 1.815252 0.050776 0.371752 1.497096 0.136192 1.633827 0.796838 0.489853 1.892118 0.342348 0.783230 1.287718 1.585737 0.332350 0.112008 1.054565 1.962318 1.488718 0.581268 1.910930 0.406059 1.705734 1.164846 1.138713 1.288879 1.810251 1.186819 0.414919 0.288369 1.746167 1.258685 0.880756 1.913559 0.141637 0.491957 0.590173 0.000000 1.331373 0.016157
1.242941 0.242941 0.757059 1.757059 0.605318 1.266751 0.853374 1.280597 1.703125 0.165723 1.467566 1.034800 1.871788 1.821227 0.776508 1.673722 1.885397 0.043655 1.082890 1.663723 1.443381 1.614061 0.630945 0.157345 1.912641 0.757696 0.925315 0.374360 1.503781 1.529914 1.379747 0.858375 0.144554 1.746292 1.619743 0.414794 0.072689 0.450618 0.755067 1.473010 0.839417 0.741200 1.331373 0.000000 1.315217
1.441842 1.558158 0.558158 0.441842 1.920535 0.048466 1.831409 0.034620 0.387908 1.480940 0.152349 1.649983 0.812995 0.506010 1.908275 0.358505 0.799386 1.271562 1.601893 0.348506 0.128165 1.070722 1.946162 1.472561 0.597424 1.927087 0.389902 1.689577 1.181002 1.154869 1.305036 1.826408 1.170663 0.431075 0.304526 1.730010 1.242528 0.864599 1.929716 0.157794 0.475800 0.574016 0.016157 1.315217 0.000000
