25
0.000000 1.000000 2.000000 1.000000 0.737642 1.149872 1.624365 0.921798 0.807062 0.353891 1.849460 1.156406 1.935336 1.725015 1.775935 1.212714 0.762711 0.389211 1.151891 0.384132 1.196878 1.344114 0.075489 0.307778 0.747436
1.000000 0.000000 1.000000 2.000000 0.262358 1.850128 1.375635 0.078202 1.807062 0.646109 1.150540 1.843594 0.935336 0.725015 0.775935 1.787286 1.762711 0.610789 1.848109 1.384132 0.196878 1.655886 1.075489 1.307778 0.252564
2.000000 1.000000 0.000000 1.000000 1.262358 0.850128 0.375635 1.078202 1.192938 1.646109 0.150540 0.843594 0.064664 0.274985 0.224065 0.787286 1.237289 1.610789 0.848109 1.615868 0.803122 0.655886 1.924511 1.692222 1.252564
1.000000 2.000000 1.000000 0.000000 1.737642 0.149872 0.624365 1.921798 0.192938 1.353891 0.849460 0.156406 1.064664 1.274985 1.224065 0.212714 0.237289 1.389211 0.151891 0.615868 1.803122 0.344114 0.924511 0.692222 1.747436
0.737642 0.262358 1.262358 1.737642 0.000000 1.887513 1.637993 0.184157 1.544704 0.383751 1.412898 1.894048 1.197695 0.987373 1.038294 1.950356 1.500353 0.348431 1.889533 1.121774 0.459236 1.918245 0.813130 1.045420 0.009794
1.149872 1.850128 0.850128 0.149872 1.887513 0.000000 0.474494 1.928330 0.342809 1.503763 0.699588 0.006534 0.914792 1.125113 1.074193 0.062842 0.387160 1.539083 0.002020 0.765740 1.653250 0.194242 1.074383 0.842094 1.897308
1.624365 1.375635 0.375635 0.624365 1.637993 0.474494 0.000000 1.453836 0.817303 1.978256 0.225095 0.467959 0.440298 0.650620 0.599699 0.411651 0.861654 1.986424 0.472474 1.240234 1.178756 0.280252 1.548877 1.316587 1.628199
0.921798 0.078202 1.078202 1.921798 0.184157 1.928330 1.453836 0.000000 1.728861 0.567907 1.228741 1.921795 1.013538 0.803217 0.854137 1.865487 1.684510 0.532588 1.926310 1.305930 0.275080 1.734088 0.997287 1.229577 0.174362
0.807062 1.807062 1.192938 0.192938 1.544704 0.342809 0.817303 1.728861 0.000000 1.160953 1.042398 0.349344 1.257601 1.467923 1.417002 0.405652 0.044351 1.196273 0.344829 0.422930 1.996060 0.537051 0.731574 0.499284 1.554498
0.353891 0.646109 1.646109 1.353891 0.383751 1.503763 1.978256 0.567907 1.160953 0.000000 1.796649 1.510297 1.581445 1.371124 1.422045 1.566605 1.116602 0.035320 1.505782 0.738023 0.842987 1.698004 0.429379 0.661669 0.393545
1.849460 1.150540 0.150540 0.849460 1.412898 0.699588 0.225095 1.228741 1.042398 1.796649 0.000000 0.693054 0.215203 0.425525 0.374604 0.636746 1.086749 1.761329 0.697569 1.465328 0.953662 0.505347 1.773972 1.541682 1.403104
1.156406 1.843594 0.843594 0.156406 1.894048 0.006534 0.467959 1.921795 0.349344 1.510297 0.693054 0.000000 0.908257 1.118579 1.067658 0.056308 0.393695 1.545617 0.004515 0.772274 1.646716 0.187707 1.080918 0.848628 1.903842
1.935336 0.935336 0.064664 1.064664 1.197695 0.914792 0.440298 1.013538 1.257601 1.581445 0.215203 0.908257 0.000000 0.210322 0.159401 0.851949 1.301952 1.546126 0.912772 1.680532 0.738458 0.720550 1.989175 1.756885 1.187900
1.725015 0.725015 0.274985 1.274985 0.987373 1.125113 0.650620 0.803217 1.467923 1.371124 0.425525 1.118579 0.210322 0.000000 0.050921 1.062271 1.512274 1.335804 1.123094 1.890853 0.528137 0.930872 1.800503 1.967207 0.977579
1.775935 0.775935 0.224065 1.224065 1.038294 1.074193 0.599699 0.854137 1.417002 1.422045 0.374604 1.067658 0.159401 0.050921 0.000000 1.011350 1.461353 1.386725 1.072173 1.839933 0.579057 0.879951 1.851424 1.916286 1.028499
1.212714 1.787286 0.787286 0.212714 1.950356 0.062842 0.411651 1.865487 0.405652 1.566605 0.636746 0.056308 0.851949 1.062271 1.011350 0.000000 0.450003 1.601925 0.060823 0.828582 1.590408 0.131399 1.137226 0.904936 1.960150
0.762711 1.762711 1.237289 0.237289 1.500353 0.387160 0.861654 1.684510 0.044351 1.116602 1.086749 0.393695 1.301952 1.512274 1.461353 0.450003 0.000000 1.151922 0.389180 0.378579 1.959589 0.581402 0.687223 0.454933 1.510147
0.389211 0.610789 1.610789 1.389211 0.348431 1.539083 1.986424 0.532588 1.196273 0.035320 1.761329 1.545617 1.546126 1.335804 1.386725 1.601925 1.151922 0.000000 1.541102 0.773343 0.807667 1.733324 0.464699 0.696989 0.358225
1.151891 1.848109 0.848109 0.151891 1.889533 0.002020 0.472474 1.926310 0.344829 1.505782 0.697569 0.004515 0.912772 1.123094 1.072173 0.060823 0.389180 1.541102 0.000000 0.767759 1.651230 0.192222 1.076403 0.844113 1.899327
0.384132 1.384132 1.615868 0.615868 1.121774 0.765740 1.240234 1.305930 0.422930 0.738023 1.465328 0.772274 1.680532 1.890853 1.839933 0.828582 0.378579 0.773343 0.767759 0.000000 1.581010 0.959982 0.308643 0.076354 1.131568
1.196878 0.196878 0.803122 1.803122 0.459236 1.653250 1.178756 0.275080 1.996060 0.842987 0.953662 1.646716 0.738458 0.528137 0.579057 1.590408 1.959589 0.807667 1.651230 1.581010 0.000000 1.459008 1.272367 1.504656 0.449442
1.344114 1.655886 0.655886 0.344114 1.918245 0.194242 0.280252 1.734088 0.537051 1.698004 0.505347 0.187707 0.720550 0.930872 0.879951 0.131399 0.581402 1.733324 0.192222 0.959982 1.459008 0.000000 1.268625 1.036335 1.908450
0.075489 1.075489 1.924511 0.924511 0.813130 1.074383 1.548877 0.997287 0.731574 0.429379 1.773972 1.080918 1.989175 1.800503 1.851424 1.137226 0.687223 0.464699 1.076403 0.308643 1.272367 1.268625 0.000000 0.232290 0.822925
0.307778 1.307778 1.692222 0.692222 1.045420 0.842094 1.316587 1.229577 0.499284 0.661669 1.541682 0.848628 1.756885 1.967207 1.916286 0.904936 0.454933 0.696989 0.844113 0.076354 1.504656 1.036335 0.232290 0.000000 1.055214
0.747436 0.252564 1.252564 1.747436 0.009794 1.897308 1.628199 0.174362 1.554498 0.393545 1.403104 1.903842 1.187900 0.977579 1.028499 1.960150 1.510147 0.358225 1.899327 1.131568 0.449442 1.908450 0.822925 1.055214 0.000000
