50
0.000000 1.000000 2.000000 1.000000 0.506851 0.380555 1.075160 1.026267 1.064184 1.350202 1.521185 0.424441 0.018891 1.792039 1.518789 1.312760 1.698095 1.774813 1.209717 0.801464 0.974296 1.199826 0.337750 1.427709 0.137205 0.900921 1.934676 0.899036 0.699513 1.232503 1.801643 1.349099 0.801003 1.739023 1.956334 0.688299 0.910659 1.258055 1.791675 0.410239 0.382385 0.569752 0.745995 1.645867 1.042912 1.089115 0.989561 0.579671 0.378877 0.484669
1.000000 0.000000 1.000000 2.000000 1.506851 0.619445 1.924840 1.973733 0.064184 0.350202 0.521185 0.575559 1.018891 0.792039 0.518789 0.312760 0.698095 0.774813 0.209717 0.198536 0.025704 1.800174 0.662250 0.427709 0.862795 1.900921 0.934676 1.899036 1.699513 1.767497 0.801643 0.349099 1.801003 0.739023 1.043666 0.311701 0.089341 1.741945 1.208325 0.589761 0.617615 1.569752 0.254005 1.354133 1.957088 1.910885 0.010439 0.420329 1.378877 0.515331
2.000000 1.000000 0.000000 1.000000 1.493149 1.619445 0.924840 0.973733 0.935816 0.649798 0.478815 1.575559 1.981109 0.207961 0.481211 0.687240 0.301905 0.225187 0.790283 1.198536 1.025704 0.800174 1.662250 0.572291 1.862795 1.099079 0.065324 1.100964 1.300487 0.767497 0.198357 0.650901 1.198997 0.260977 0.043666 1.311701 1.089341 0.741945 0.208325 1.589761 1.617615 1.430248 1.254005 0.354133 0.957088 0.910885 1.010439 1.420329 1.621123 1.515331
1.000000 2.000000 1.000000 0.000000 0.493149 1.380555 0.075160 0.026267 1.935816 1.649798 1.478815 1.424441 0.981109 1.207961 1.481211 1.687240 1.301905 1.225187 1.790283 1.801464 1.974296 0.199826 1.337750 1.572291 1.137205 0.099079 1.065324 0.100964 0.300487 0.232503 1.198357 1.650901 0.198997 1.260977 0.956334 1.688299 1.910659 0.258055 0.791675 1.410239 1.382385 0.430248 1.745995 0.645867 0.042912 0.089115 1.989561 1.579671 0.621123 1.484669
0.506851 1.506851 1.493149 0.493149 0.000000 0.887406 0.568310 0.519416 1.571034 1.857053 1.971964 0.931291 0.487959 1.701110 1.974361 1.819611 1.795054 1.718336 1.716568 1.308315 1.481147 0.692975 0.844601 1.934559 0.644055 0.394070 1.558474 0.392186 0.192662 0.725653 1.691506 1.855950 0.294152 1.754127 1.449483 1.195149 1.417509 0.751204 1.284825 0.917089 0.889235 0.062901 1.252846 1.139016 0.536062 0.582265 1.496411 1.086521 0.127973 0.991520
0.380555 0.619445 1.619445 1.380555 0.887406 0.000000 1.455716 1.406822 0.683628 0.969647 1.140630 0.043885 0.399447 1.411484 1.138234 0.932205 1.317540 1.394258 0.829162 0.420909 0.593741 1.580381 0.042805 1.047153 0.243351 1.281476 1.554120 1.279592 1.080068 1.613059 1.421088 0.968544 1.181558 1.358468 1.663111 0.307744 0.530103 1.638610 1.827769 0.029683 0.001830 0.950307 0.365440 1.973578 1.423468 1.469671 0.609005 0.199115 0.759433 0.104114
1.075160 1.924840 0.924840 0.075160 0.568310 1.455716 0.000000 0.048893 1.860656 1.574638 1.403655 1.499601 1.056269 1.132801 1.406051 1.612080 1.226745 1.150027 1.715123 1.876625 1.950544 0.124665 1.412910 1.497131 1.212365 0.174240 0.990164 0.176124 0.375647 0.157343 1.123197 1.575741 0.274158 1.185817 0.881174 1.763459 1.985819 0.182894 0.716515 1.485399 1.457545 0.505408 1.821156 0.570707 0.032248 0.013955 1.935279 1.654831 0.696283 1.559830
1.026267 1.973733 0.973733 0.026267 0.519416 1.406822 0.048893 0.000000 1.909549 1.623531 1.452548 1.450707 1.007375 1.181694 1.454944 1.660973 1.275638 1.198920 1.764016 1.827731 1.999437 0.173559 1.364017 1.546025 1.163472 0.125346 1.039058 0.127230 0.326754 0.206236 1.172090 1.624634 0.225264 1.234710 0.930067 1.714566 1.936925 0.231788 0.765409 1.436505 1.408652 0.456515 1.772262 0.619600 0.016646 0.062849 1.984172 1.605937 0.647389 1.510936
1.064184 0.064184 0.935816 1.935816 1.571034 0.683628 1.860656 1.909549 0.000000 0.286018 0.457001 0.639743 1.083075 0.727855 0.454605 0.248576 0.633911 0.710630 0.145533 0.262719 0.089888 1.735991 0.726433 0.363525 0.926979 1.965104 0.870492 1.963220 1.763697 1.703313 0.737459 0.284915 1.865186 0.674839 0.979482 0.375885 0.153525 1.677762 1.144141 0.653945 0.681799 1.633936 0.318188 1.289949 1.892904 1.846701 0.074623 0.484513 1.443061 0.579514
1.350202 0.350202 0.649798 1.649798 1.857053 0.969647 1.574638 1.623531 0.286018 0.000000 0.170983 0.925761 1.369093 0.441837 0.168587 0.037442 0.347893 0.424611 0.140485 0.548738 0.375906 1.449972 1.012452 0.077507 1.212997 1.748877 0.584474 1.750762 1.950285 1.417295 0.451441 0.001103 1.848795 0.388821 0.693464 0.661903 0.439543 1.391743 0.858123 0.939963 0.967817 1.919954 0.604207 1.003931 1.606886 1.560683 0.360641 0.770531 1.729079 0.865533
1.521185 0.521185 0.478815 1.478815 1.971964 1.140630 1.403655 1.452548 0.457001 0.170983 0.000000 1.096744 1.540076 0.270854 0.002396 0.208425 0.176910 0.253628 0.311468 0.719721 0.546889 1.278989 1.183435 0.093476 1.383980 1.577894 0.413491 1.579779 1.779302 1.246312 0.280458 0.172086 1.677812 0.217838 0.522481 0.832886 0.610526 1.220760 0.687140 1.110946 1.138800 1.909063 0.775190 0.832948 1.435903 1.389700 0.531624 0.941514 1.900062 1.036516
0.424441 0.575559 1.575559 1.424441 0.931291 0.043885 1.499601 1.450707 0.639743 0.925761 1.096744 0.000000 0.443332 1.367599 1.094348 0.888320 1.273654 1.350373 0.785276 0.377024 0.549855 1.624266 0.086690 1.003268 0.287236 1.325361 1.510235 1.323477 1.123954 1.656944 1.377202 0.924658 1.225443 1.314582 1.619225 0.263858 0.486218 1.682495 1.783884 0.014202 0.042056 0.994193 0.321555 1.929692 1.467353 1.513556 0.565120 0.155230 0.803318 0.060229
0.018891 1.018891 1.981109 0.981109 0.487959 0.399447 1.056269 1.007375 1.083075 1.369093 1.540076 0.443332 0.000000 1.810931 1.537680 1.331652 1.716986 1.793705 1.228608 0.820356 0.993188 1.180934 0.356642 1.446600 0.156096 0.882029 1.953567 0.880145 0.680622 1.213612 1.820534 1.367990 0.782111 1.757914 1.937443 0.707190 0.929550 1.239163 1.772784 0.429130 0.401276 0.550860 0.764887 1.626976 1.024021 1.070224 1.008452 0.598562 0.359986 0.503561
1.792039 0.792039 0.207961 1.207961 1.701110 1.411484 1.132801 1.181694 0.727855 0.441837 0.270854 1.367599 1.810931 0.000000 0.273250 0.479279 0.093944 0.017226 0.582322 0.990575 0.817743 1.008135 1.454289 0.364331 1.654834 1.307040 0.142637 1.308924 1.508448 0.975458 0.009604 0.442940 1.406958 0.053016 0.251627 1.103740 0.881381 0.949906 0.416286 1.381800 1.409654 1.638209 1.046044 0.562094 1.165049 1.118845 0.802478 1.212368 1.829083 1.307370
1.518789 0.518789 0.481211 1.481211 1.974361 1.138234 1.406051 1.454944 0.454605 0.168587 0.002396 1.094348 1.537680 0.273250 0.000000 0.206029 0.179306 0.256024 0.309072 0.717325 0.544493 1.281386 1.181039 0.091080 1.381584 1.580291 0.415887 1.582175 1.781698 1.248708 0.282854 0.169690 1.680208 0.220234 0.524877 0.830490 0.608130 1.223157 0.689536 1.108550 1.136404 1.911459 0.772793 0.835344 1.438299 1.392096 0.529228 0.939118 1.897666 1.034119
1.312760 0.312760 0.687240 1.687240 1.819611 0.932205 1.612080 1.660973 0.248576 0.037442 0.208425 0.888320 1.331652 0.479279 0.206029 0.000000 0.385335 0.462053 0.103043 0.511296 0.338464 1.487414 0.975010 0.114948 1.175555 1.786319 0.621915 1.788203 1.987727 1.454737 0.488883 0.036339 1.886237 0.426263 0.730906 0.624461 0.402102 1.429185 0.895564 0.902521 0.930375 1.882512 0.566765 1.041373 1.644327 1.598124 0.323199 0.733090 1.691638 0.828091
1.698095 0.698095 0.301905 1.301905 1.795054 1.317540 1.226745 1.275638 0.633911 0.347893 0.176910 1.273654 1.716986 0.093944 0.179306 0.385335 0.000000 0.076718 0.488378 0.896631 0.723799 1.102079 1.360345 0.270386 1.560890 1.400984 0.236581 1.402869 1.602392 1.069402 0.103548 0.348996 1.500902 0.040928 0.345571 1.009796 0.787436 1.043851 0.510230 1.287856 1.315710 1.732153 0.952100 0.656038 1.258993 1.212790 0.708534 1.118424 1.923028 1.213426
1.774813 0.774813 0.225187 1.225187 1.718336 1.394258 1.150027 1.198920 0.710630 0.424611 0.253628 1.350373 1.793705 0.017226 0.256024 0.462053 0.076718 0.000000 0.565096 0.973349 0.800517 1.025361 1.437063 0.347105 1.637609 1.324266 0.159862 1.326150 1.525674 0.992683 0.026830 0.425714 1.424184 0.035790 0.268853 1.086514 0.864155 0.967132 0.433511 1.364575 1.392428 1.655435 1.028818 0.579320 1.182274 1.136071 0.785253 1.195143 1.846309 1.290144
1.209717 0.209717 0.790283 1.790283 1.716568 0.829162 1.715123 1.764016 0.145533 0.140485 0.311468 0.785276 1.228608 0.582322 0.309072 0.103043 0.488378 0.565096 0.000000 0.408253 0.235421 1.590457 0.871967 0.217992 1.072512 1.889362 0.724959 1.891247 1.909230 1.557780 0.591926 0.139382 1.989280 0.529306 0.833949 0.521418 0.299058 1.532229 0.998608 0.799478 0.827332 1.779469 0.463722 1.144416 1.747371 1.701168 0.220156 0.630046 1.588594 0.725048
0.801464 0.198536 1.198536 1.801464 1.308315 0.420909 1.876625 1.827731 0.262719 0.548738 0.719721 0.377024 0.820356 0.990575 0.717325 0.511296 0.896631 0.973349 0.408253 0.000000 0.172832 1.998710 0.463714 0.626244 0.664260 1.702385 1.133211 1.700501 1.500977 1.966032 1.000179 0.547635 1.602467 0.937558 1.242202 0.113165 0.109194 1.940481 1.406860 0.391226 0.419079 1.371216 0.055469 1.552669 1.844377 1.890580 0.188096 0.221794 1.180342 0.316795
0.974296 0.025704 1.025704 1.974296 1.481147 0.593741 1.950544 1.999437 0.089888 0.375906 0.546889 0.549855 0.993188 0.817743 0.544493 0.338464 0.723799 0.800517 0.235421 0.172832 0.000000 1.825878 0.636546 0.453413 0.837091 1.875217 0.960380 1.873333 1.673809 1.793201 0.827347 0.374803 1.775299 0.764727 1.069370 0.285997 0.063637 1.767649 1.234029 0.564057 0.591911 1.544048 0.228301 1.379837 1.982792 1.936589 0.015265 0.394625 1.353173 0.489627
1.199826 1.800174 0.800174 0.199826 0.692975 1.580381 0.124665 0.173559 1.735991 1.449972 1.278989 1.624266 1.180934 1.008135 1.281386 1.487414 1.102079 1.025361 1.590457 1.998710 1.825878 0.000000 1.537576 1.372466 1.337030 0.298905 0.865499 0.300789 0.500313 0.032678 0.998531 1.451075 0.398823 1.061152 0.756508 1.888125 1.889516 0.058229 0.591850 1.610064 1.582211 0.630074 1.945821 0.446041 0.156913 0.110710 1.810614 1.779496 0.820948 1.684495
0.337750 0.662250 1.662250 1.337750 0.844601 0.042805 1.412910 1.364017 0.726433 1.012452 1.183435 0.086690 0.356642 1.454289 1.181039 0.975010 1.360345 1.437063 0.871967 0.463714 0.636546 1.537576 0.000000 1.089958 0.200546 1.238671 1.596925 1.236787 1.037263 1.570253 1.463893 1.011349 1.138753 1.401273 1.705916 0.350549 0.572908 1.595805 1.870574 0.072488 0.044635 0.907502 0.408245 1.983617 1.380663 1.426866 0.651810 0.241920 0.716628 0.146919
1.427709 0.427709 0.572291 1.572291 1.934559 1.047153 1.497131 1.546025 0.363525 0.077507 0.093476 1.003268 1.446600 0.364331 0.091080 0.114948 0.270386 0.347105 0.217992 0.626244 0.453413 1.372466 1.089958 0.000000 1.290504 1.671371 0.506967 1.673255 1.872778 1.339788 0.373934 0.078610 1.771289 0.311314 0.615957 0.739410 0.517050 1.314237 0.780616 1.017470 1.045324 1.997460 0.681713 0.926424 1.529379 1.483176 0.438148 0.848038 1.806586 0.943039
0.137205 0.862795 1.862795 1.137205 0.644055 0.243351 1.212365 1.163472 0.926979 1.212997 1.383980 0.287236 0.156096 1.654834 1.381584 1.175555 1.560890 1.637609 1.072512 0.664260 0.837091 1.337030 0.200546 1.290504 0.000000 1.038125 1.797471 1.036241 0.836718 1.369708 1.664438 1.211894 0.938207 1.601818 1.906461 0.551094 0.773454 1.395259 1.928880 0.273034 0.245180 0.706957 0.608791 1.783072 1.180117 1.226320 0.852356 0.442466 0.516082 0.347465
0.900921 1.900921 1.099079 0.099079 0.394070 1.281476 0.174240 0.125346 1.965104 1.748877 1.577894 1.325361 0.882029 1.307040 1.580291 1.786319 1.400984 1.324266 1.889362 1.702385 1.875217 0.298905 1.238671 1.671371 1.038125 0.000000 1.164404 0.001884 0.201408 0.331583 1.297436 1.749980 0.099918 1.360057 1.055413 1.589219 1.811579 0.357134 0.890755 1.311159 1.283305 0.331169 1.646916 0.744947 0.141992 0.188195 1.890481 1.480591 0.522043 1.385590
1.934676 0.934676 0.065324 1.065324 1.558474 1.554120 0.990164 1.039058 0.870492 0.584474 0.413491 1.510235 1.953567 0.142637 0.415887 0.621915 0.236581 0.159862 0.724959 1.133211 0.960380 0.865499 1.596925 0.506967 1.797471 1.164404 0.000000 1.166288 1.365811 0.832821 0.133033 0.585577 1.264322 0.195653 0.108990 1.246377 1.024017 0.807270 0.273649 1.524437 1.552291 1.495572 1.188680 0.419457 1.022412 0.976209 0.945115 1.355005 1.686447 1.450006
0.899036 1.899036 1.100964 0.100964 0.392186 1.279592 0.176124 0.127230 1.963220 1.750762 1.579779 1.323477 0.880145 1.308924 1.582175 1.788203 1.402869 1.326150 1.891247 1.700501 1.873333 0.300789 1.236787 1.673255 1.036241 0.001884 1.166288 0.000000 0.199523 0.333467 1.299321 1.751865 0.098034 1.361941 1.057298 1.587335 1.809695 0.359018 0.892639 1.309275 1.281421 0.329285 1.645032 0.746831 0.143876 0.190079 1.888597 1.478707 0.520159 1.383706
0.699513 1.699513 1.300487 0.300487 0.192662 1.080068 0.375647 0.326754 1.763697 1.950285 1.779302 1.123954 0.680622 1.508448 1.781698 1.987727 1.602392 1.525674 1.909230 1.500977 1.673809 0.500313 1.037263 1.872778 0.836718 0.201408 1.365811 0.199523 0.000000 0.532990 1.498844 1.951388 0.101490 1.561464 1.256821 1.387812 1.610172 0.558541 1.092162 1.109752 1.081898 0.129761 1.445508 0.946354 0.343399 0.389602 1.689074 1.279184 0.320636 1.184182
1.232503 1.767497 0.767497 0.232503 0.725653 1.613059 0.157343 0.206236 1.703313 1.417295 1.246312 1.656944 1.213612 0.975458 1.248708 1.454737 1.069402 0.992683 1.557780 1.966032 1.793201 0.032678 1.570253 1.339788 1.369708 0.331583 0.832821 0.333467 0.532990 0.000000 0.965854 1.418398 0.431501 1.028474 0.723831 1.920802 1.856838 0.025551 0.559172 1.642742 1.614888 0.662751 1.978499 0.413364 0.189591 0.143388 1.777936 1.812174 0.853626 1.717173
1.801643 0.801643 0.198357 1.198357 1.691506 1.421088 1.123197 1.172090 0.737459 0.451441 0.280458 1.377202 1.820534 0.009604 0.282854 0.488883 0.103548 0.026830 0.591926 1.000179 0.827347 0.998531 1.463893 0.373934 1.664438 1.297436 0.133033 1.299321 1.498844 0.965854 0.000000 0.452544 1.397354 0.062620 0.242023 1.113344 0.890984 0.940302 0.406682 1.391404 1.419258 1.628605 1.055648 0.552490 1.155445 1.109242 0.812082 1.221972 1.819480 1.316974
1.349099 0.349099 0.650901 1.650901 1.855950 0.968544 1.575741 1.624634 0.284915 0.001103 0.172086 0.924658 1.367990 0.442940 0.169690 0.036339 0.348996 0.425714 0.139382 0.547635 0.374803 1.451075 1.011349 0.078610 1.211894 1.749980 0.585577 1.751865 1.951388 1.418398 0.452544 0.000000 1.849898 0.389924 0.694567 0.660800 0.438440 1.392847 0.859226 0.938860 0.966714 1.918851 0.603104 1.005034 1.607989 1.561786 0.359538 0.769428 1.727976 0.864430
0.801003 1.801003 1.198997 0.198997 0.294152 1.181558 0.274158 0.225264 1.865186 1.848795 1.677812 1.225443 0.782111 1.406958 1.680208 1.886237 1.500902 1.424184 1.989280 1.602467 1.775299 0.398823 1.138753 1.771289 0.938207 0.099918 1.264322 0.098034 0.101490 0.431501 1.397354 1.849898 0.000000 1.459975 1.155331 1.489302 1.711661 0.457052 0.990673 1.211241 1.183388 0.231251 1.546998 0.844864 0.241910 0.288113 1.790563 1.380673 0.422125 1.285672
1.739023 0.739023 0.260977 1.260977 1.754127 1.358468 1.185817 1.234710 0.674839 0.388821 0.217838 1.314582 1.757914 0.053016 0.220234 0.426263 0.040928 0.035790 0.529306 0.937558 0.764727 1.061152 1.401273 0.311314 1.601818 1.360057 0.195653 1.361941 1.561464 1.028474 0.062620 0.389924 1.459975 0.000000 0.304643 1.050724 0.828364 1.002923 0.469302 1.328784 1.356638 1.691225 0.993027 0.615110 1.218065 1.171862 0.749462 1.159352 1.882100 1.254353
1.956334 1.043666 0.043666 0.956334 1.449483 1.663111 0.881174 0.930067 0.979482 0.693464 0.522481 1.619225 1.937443 0.251627 0.524877 0.730906 0.345571 0.268853 0.833949 1.242202 1.069370 0.756508 1.705916 0.615957 1.906461 1.055413 0.108990 1.057298 1.256821 0.723831 0.242023 0.694567 1.155331 0.304643 0.000000 1.355367 1.133007 0.698280 0.164659 1.633427 1.661281 1.386582 1.297671 0.310467 0.913422 0.867219 1.054105 1.463995 1.577457 1.558997
0.688299 0.311701 1.311701 1.688299 1.195149 0.307744 1.763459 1.714566 0.375885 0.661903 0.832886 0.263858 0.707190 1.103740 0.830490 0.624461 1.009796 1.086514 0.521418 0.113165 0.285997 1.888125 0.350549 0.739410 0.551094 1.589219 1.246377 1.587335 1.387812 1.920802 1.113344 0.660800 1.489302 1.050724 1.355367 0.000000 0.222360 1.946353 1.520026 0.278060 0.305914 1.258051 0.057697 1.665834 1.731211 1.777414 0.301262 0.108628 1.067176 0.203630
0.910659 0.089341 1.089341 1.910659 1.417509 0.530103 1.985819 1.936925 0.153525 0.439543 0.610526 0.486218 0.929550 0.881381 0.608130 0.402102 0.787436 0.864155 0.299058 0.109194 0.063637 1.889516 0.572908 0.517050 0.773454 1.811579 1.024017 1.809695 1.610172 1.856838 0.890984 0.438440 1.711661 0.828364 1.133007 0.222360 0.000000 1.831287 1.297666 0.500420 0.528274 1.480410 0.164663 1.443474 1.953571 1.999774 0.078902 0.330988 1.289536 0.425989
1.258055 1.741945 0.741945 0.258055 0.751204 1.638610 0.182894 0.231788 1.677762 1.391743 1.220760 1.682495 1.239163 0.949906 1.223157 1.429185 1.043851 0.967132 1.532229 1.940481 1.767649 0.058229 1.595805 1.314237 1.395259 0.357134 0.807270 0.359018 0.558541 0.025551 0.940302 1.392847 0.457052 1.002923 0.698280 1.946353 1.831287 0.000000 0.533621 1.668293 1.640439 0.688303 1.995950 0.387813 0.215142 0.168939 1.752385 1.837725 0.879177 1.742724
1.791675 1.208325 0.208325 0.791675 1.284825 1.827769 0.716515 0.765409 1.144141 0.858123 0.687140 1.783884 1.772784 0.416286 0.689536 0.895564 0.510230 0.433511 0.998608 1.406860 1.234029 0.591850 1.870574 0.780616 1.928880 0.890755 0.273649 0.892639 1.092162 0.559172 0.406682 0.859226 0.990673 0.469302 0.164659 1.520026 1.297666 0.533621 0.000000 1.798086 1.825940 1.221923 1.462329 0.145808 0.748763 0.702560 1.218764 1.628654 1.412798 1.723655
0.410239 0.589761 1.589761 1.410239 0.917089 0.029683 1.485399 1.436505 0.653945 0.939963 1.110946 0.014202 0.429130 1.381800 1.108550 0.902521 1.287856 1.364575 0.799478 0.391226 0.564057 1.610064 0.072488 1.017470 0.273034 1.311159 1.524437 1.309275 1.109752 1.642742 1.391404 0.938860 1.211241 1.328784 1.633427 0.278060 0.500420 1.668293 1.798086 0.000000 0.027854 0.979991 0.335757 1.943894 1.453151 1.499354 0.579322 0.169432 0.789116 0.074431
0.382385 0.617615 1.617615 1.382385 0.889235 0.001830 1.457545 1.408652 0.681799 0.967817 1.138800 0.042056 0.401276 1.409654 1.136404 0.930375 1.315710 1.392428 0.827332 0.419079 0.591911 1.582211 0.044635 1.045324 0.245180 1.283305 1.552291 1.281421 1.081898 1.614888 1.419258 0.966714 1.183388 1.356638 1.661281 0.305914 0.528274 1.640439 1.825940 0.027854 0.000000 0.952137 0.363611 1.971748 1.425297 1.471500 0.607176 0.197286 0.761262 0.102284
0.569752 1.569752 1.430248 0.430248 0.062901 0.950307 0.505408 0.456515 1.633936 1.919954 1.909063 0.994193 0.550860 1.638209 1.911459 1.882512 1.732153 1.655435 1.779469 1.371216 1.544048 0.630074 0.907502 1.997460 0.706957 0.331169 1.495572 0.329285 0.129761 0.662751 1.628605 1.918851 0.231251 1.691225 1.386582 1.258051 1.480410 0.688303 1.221923 0.979991 0.952137 0.000000 1.315747 1.076115 0.473160 0.519364 1.559313 1.149423 0.190875 1.054421
0.745995 0.254005 1.254005 1.745995 1.252846 0.365440 1.821156 1.772262 0.318188 0.604207 0.775190 0.321555 0.764887 1.046044 0.772793 0.566765 0.952100 1.028818 0.463722 0.055469 0.228301 1.945821 0.408245 0.681713 0.608791 1.646916 1.188680 1.645032 1.445508 1.978499 1.055648 0.603104 1.546998 0.993027 1.297671 0.057697 0.164663 1.995950 1.462329 0.335757 0.363611 1.315747 0.000000 1.608138 1.788908 1.835111 0.243565 0.166325 1.124873 0.261326
1.645867 1.354133 0.354133 0.645867 1.139016 1.973578 0.570707 0.619600 1.289949 1.003931 0.832948 1.929692 1.626976 0.562094 0.835344 1.041373 0.656038 0.579320 1.144416 1.552669 1.379837 0.446041 1.983617 0.926424 1.783072 0.744947 0.419457 0.746831 0.946354 0.413364 0.552490 1.005034 0.844864 0.615110 0.310467 1.665834 1.443474 0.387813 0.145808 1.943894 1.971748 1.076115 1.608138 0.000000 0.602955 0.556752 1.364572 1.774462 1.266990 1.869464
1.042912 1.957088 0.957088 0.042912 0.536062 1.423468 0.032248 0.016646 1.892904 1.606886 1.435903 1.467353 1.024021 1.165049 1.438299 1.644327 1.258993 1.182274 1.747371 1.844377 1.982792 0.156913 1.380663 1.529379 1.180117 0.141992 1.022412 0.143876 0.343399 0.189591 1.155445 1.607989 0.241910 1.218065 0.913422 1.731211 1.953571 0.215142 0.748763 1.453151 1.425297 0.473160 1.788908 0.602955 0.000000 0.046203 1.967527 1.622583 0.664035 1.527582
1.089115 1.910885 0.910885 0.089115 0.582265 1.469671 0.013955 0.062849 1.846701 1.560683 1.389700 1.513556 1.070224 1.118845 1.392096 1.598124 1.212790 1.136071 1.701168 1.890580 1.936589 0.110710 1.426866 1.483176 1.226320 0.188195 0.976209 0.190079 0.389602 0.143388 1.109242 1.561786 0.288113 1.171862 0.867219 1.777414 1.999774 0.168939 0.702560 1.499354 1.471500 0.519364 1.835111 0.556752 0.046203 0.000000 1.921324 1.668786 0.710238 1.573785
0.989561 0.010439 1.010439 1.989561 1.496411 0.609005 1.935279 1.984172 0.074623 0.360641 0.531624 0.565120 1.008452 0.802478 0.529228 0.323199 0.708534 0.785253 0.220156 0.188096 0.015265 1.810614 0.651810 0.438148 0.852356 1.890481 0.945115 1.888597 1.689074 1.777936 0.812082 0.359538 1.790563 0.749462 1.054105 0.301262 0.078902 1.752385 1.218764 0.579322 0.607176 1.559313 0.243565 1.364572 1.967527 1.921324 0.000000 0.409890 1.368438 0.504891
0.579671 0.420329 1.420329 1.579671 1.086521 0.199115 1.654831 1.605937 0.484513 0.770531 0.941514 0.155230 0.598562 1.212368 0.939118 0.733090 1.118424 1.195143 0.630046 0.221794 0.394625 1.779496 0.241920 0.848038 0.442466 1.480591 1.355005 1.478707 1.279184 1.812174 1.221972 0.769428 1.380673 1.159352 1.463995 0.108628 0.330988 1.837725 1.628654 0.169432 0.197286 1.149423 0.166325 1.774462 1.622583 1.668786 0.409890 0.000000 0.958548 0.095001
0.378877 1.378877 1.621123 0.621123 0.127973 0.759433 0.696283 0.647389 1.443061 1.729079 1.900062 0.803318 0.359986 1.829083 1.897666 1.691638 1.923028 1.846309 1.588594 1.180342 1.353173 0.820948 0.716628 1.806586 0.516082 0.522043 1.686447 0.520159 0.320636 0.853626 1.819480 1.727976 0.422125 1.882100 1.577457 1.067176 1.289536 0.879177 1.412798 0.789116 0.761262 0.190875 1.124873 1.266990 0.664035 0.710238 1.368438 0.958548 0.000000 0.863547
0.484669 0.515331 1.515331 1.484669 0.991520 0.104114 1.559830 1.510936 0.579514 0.865533 1.036516 0.060229 0.503561 1.307370 1.034119 0.828091 1.213426 1.290144 0.725048 0.316795 0.489627 1.684495 0.146919 0.943039 0.347465 1.385590 1.450006 1.383706 1.184182 1.717173 1.316974 0.864430 1.285672 1.254353 1.558997 0.203630 0.425989 1.742724 1.723655 0.074431 0.102284 1.054421 0.261326 1.869464 1.527582 1.573785 0.504891 0.095001 0.863547 0.000000
