30
0.000000 1.000000 2.000000 1.000000 0.762920 0.457119 0.833103 0.155625 1.021494 1.630282 0.674796 1.127554 1.032146 1.712044 1.789177 0.755127 1.873844 1.023355 0.815880 1.642348 1.076608 1.672440 0.021612 1.572803 0.866612 0.358662 1.818001 1.653611 1.901825 0.668252
1.000000 0.000000 1.000000 2.000000 0.237080 0.542881 0.166897 1.155625 0.021494 0.630282 0.325204 1.872446 1.967854 1.287956 0.789177 0.244873 1.126156 0.023355 0.184120 0.642348 1.923392 0.672440 1.021612 1.427197 0.133388 1.358662 1.181999 0.653611 1.098175 0.331748
2.000000 1.000000 0.000000 1.000000 1.237080 1.542881 1.166897 1.844375 0.978506 0.369718 1.325204 0.872446 0.967854 0.287956 0.210823 1.244873 0.126156 0.976645 1.184120 0.357652 0.923392 0.327560 1.978388 0.427197 1.133388 1.641338 0.181999 0.346389 0.098175 1.331748
1.000000 2.000000 1.000000 0.000000 1.762920 1.457119 1.833103 0.844375 1.978506 1.369718 1.674796 0.127554 0.032146 0.712044 1.210823 1.755127 0.873844 1.976645 1.815880 1.357652 0.076608 1.327560 0.978388 0.572803 1.866612 0.641338 0.818001 1.346389 0.901825 1.668252
0.762920 0.237080 1.237080 1.762920 0.000000 0.305801 0.070183 0.918545 0.258574 0.867362 0.088124 1.890474 1.795066 1.525036 1.026257 0.007793 1.363236 0.260434 0.052960 0.879428 1.839528 0.909520 0.784532 1.664277 0.103692 1.121582 1.419079 0.890691 1.335255 0.094668
0.457119 0.542881 1.542881 1.457119 0.305801 0.000000 0.375984 0.612745 0.564374 1.173163 0.217677 1.584674 1.489265 1.830837 1.332058 0.298008 1.669037 0.566235 0.358761 1.185228 1.533727 1.215321 0.478731 1.970078 0.409493 0.815781 1.724880 1.196491 1.641056 0.211133
0.833103 0.166897 1.166897 1.833103 0.070183 0.375984 0.000000 0.988728 0.188391 0.797179 0.158307 1.960657 1.865249 1.454853 0.956074 0.077976 1.293053 0.190252 0.017223 0.809245 1.909711 0.839337 0.854715 1.594094 0.033509 1.191765 1.348896 0.820508 1.265072 0.164851
0.155625 1.155625 1.844375 0.844375 0.918545 0.612745 0.988728 0.000000 1.177119 1.785908 0.830421 0.971929 0.876521 1.556419 1.944802 0.910753 1.718219 1.178980 0.971505 1.797973 0.920983 1.828066 0.134014 1.417177 1.022237 0.203036 1.662376 1.809236 1.746200 0.823877
1.021494 0.021494 0.978506 1.978506 0.258574 0.564374 0.188391 1.177119 0.000000 0.608789 0.346698 1.850952 1.946360 1.266462 0.767683 0.266366 1.104662 0.001861 0.205614 0.620854 1.901898 0.650946 1.043105 1.405704 0.154882 1.380155 1.160505 0.632117 1.076681 0.353242
1.630282 0.630282 0.369718 1.369718 0.867362 1.173163 0.797179 1.785908 0.608789 0.000000 0.955487 1.242163 1.337572 0.657674 0.158895 0.875155 0.495873 0.606928 0.814402 0.012065 1.293109 0.042158 1.651894 0.796915 0.763671 1.988944 0.551717 0.023328 0.467892 0.962031
0.674796 0.325204 1.325204 1.674796 0.088124 0.217677 0.158307 0.830421 0.346698 0.955487 0.000000 1.802350 1.706942 1.613160 1.114381 0.080332 1.451360 0.348559 0.141084 0.967552 1.751404 0.997644 0.696407 1.752402 0.191816 1.033457 1.507203 0.978815 1.423379 0.006544
1.127554 1.872446 0.872446 0.127554 1.890474 1.584674 1.960657 0.971929 1.850952 1.242163 1.802350 0.000000 0.095408 0.584490 1.083269 1.882682 0.746290 1.849091 1.943434 1.230098 0.050946 1.200006 1.105943 0.445248 1.994166 0.768893 0.690447 1.218835 0.774271 1.795806
1.032146 1.967854 0.967854 0.032146 1.795066 1.489265 1.865249 0.876521 1.946360 1.337572 1.706942 0.095408 0.000000 0.679898 1.178677 1.787273 0.841698 1.944499 1.848026 1.325506 0.044462 1.295414 1.010534 0.540657 1.898758 0.673484 0.785855 1.314243 0.869679 1.700398
1.712044 1.287956 0.287956 0.712044 1.525036 1.830837 1.454853 1.556419 1.266462 0.657674 1.613160 0.584490 0.679898 0.000000 0.498779 1.532829 0.161800 1.264601 1.472076 0.645608 0.635436 0.615516 1.690432 0.139241 1.421344 1.353382 0.105957 0.634345 0.189781 1.619704
1.789177 0.789177 0.210823 1.210823 1.026257 1.332058 0.956074 1.944802 0.767683 0.158895 1.114381 1.083269 1.178677 0.498779 0.000000 1.034050 0.336979 0.765822 0.973297 0.146829 1.134215 0.116737 1.810789 0.638020 0.922565 1.852161 0.392822 0.135566 0.308998 1.120925
0.755127 0.244873 1.244873 1.755127 0.007793 0.298008 0.077976 0.910753 0.266366 0.875155 0.080332 1.882682 1.787273 1.532829 1.034050 0.000000 1.371029 0.268227 0.060753 0.887220 1.831735 0.917313 0.776739 1.672070 0.111484 1.113789 1.426872 0.898483 1.343047 0.086876
1.873844 1.126156 0.126156 0.873844 1.363236 1.669037 1.293053 1.718219 1.104662 0.495873 1.451360 0.746290 0.841698 0.161800 0.336979 1.371029 0.000000 1.102801 1.310276 0.483808 0.797236 0.453716 1.852232 0.301041 1.259544 1.515182 0.055843 0.472545 0.027981 1.457904
1.023355 0.023355 0.976645 1.976645 0.260434 0.566235 0.190252 1.178980 0.001861 0.606928 0.348559 1.849091 1.944499 1.264601 0.765822 0.268227 1.102801 0.000000 0.207474 0.618993 1.900037 0.649086 1.044966 1.403843 0.156743 1.382016 1.158644 0.630256 1.074820 0.355103
0.815880 0.184120 1.184120 1.815880 0.052960 0.358761 0.017223 0.971505 0.205614 0.814402 0.141084 1.943434 1.848026 1.472076 0.973297 0.060753 1.310276 0.207474 0.000000 0.826467 1.892488 0.856560 0.837492 1.611317 0.050732 1.174542 1.366119 0.837731 1.282295 0.147628
1.642348 0.642348 0.357652 1.357652 0.879428 1.185228 0.809245 1.797973 0.620854 0.012065 0.967552 1.230098 1.325506 0.645608 0.146829 0.887220 0.483808 0.618993 0.826467 0.000000 1.281044 0.030093 1.663959 0.784850 0.775736 1.998991 0.539651 0.011263 0.455827 0.974096
1.076608 1.923392 0.923392 0.076608 1.839528 1.533727 1.909711 0.920983 1.901898 1.293109 1.751404 0.050946 0.044462 0.635436 1.134215 1.831735 0.797236 1.900037 1.892488 1.281044 0.000000 1.250952 1.054996 0.496195 1.943220 0.717946 0.741393 1.269781 0.825217 1.744860
1.672440 0.672440 0.327560 1.327560 0.909520 1.215321 0.839337 1.828066 0.650946 0.042158 0.997644 1.200006 1.295414 0.615516 0.116737 0.917313 0.453716 0.649086 0.856560 0.030093 1.250952 0.000000 1.694052 0.754757 0.805828 1.968898 0.509559 0.018829 0.425735 1.004188
0.021612 1.021612 1.978388 0.978388 0.784532 0.478731 0.854715 0.134014 1.043105 1.651894 0.696407 1.105943 1.010534 1.690432 1.810789 0.776739 1.852232 1.044966 0.837492 1.663959 1.054996 1.694052 0.000000 1.551191 0.888223 0.337050 1.796389 1.675222 1.880214 0.689863
1.572803 1.427197 0.427197 0.572803 1.664277 1.970078 1.594094 1.417177 1.405704 0.796915 1.752402 0.445248 0.540657 0.139241 0.638020 1.672070 0.301041 1.403843 1.611317 0.784850 0.496195 0.754757 1.551191 0.000000 1.560585 1.214141 0.245198 0.773587 0.329022 1.758945
0.866612 0.133388 1.133388 1.866612 0.103692 0.409493 0.033509 1.022237 0.154882 0.763671 0.191816 1.994166 1.898758 1.421344 0.922565 0.111484 1.259544 0.156743 0.050732 0.775736 1.943220 0.805828 0.888223 1.560585 0.000000 1.225274 1.315387 0.786999 1.231563 0.198360
0.358662 1.358662 1.641338 0.641338 1.121582 0.815781 1.191765 0.203036 1.380155 1.988944 1.033457 0.768893 0.673484 1.353382 1.852161 1.113789 1.515182 1.382016 1.174542 1.998991 0.717946 1.968898 0.337050 1.214141 1.225274 0.000000 1.459339 1.987728 1.543163 1.026914
1.818001 1.181999 0.181999 0.818001 1.419079 1.724880 1.348896 1.662376 1.160505 0.551717 1.507203 0.690447 0.785855 0.105957 0.392822 1.426872 0.055843 1.158644 1.366119 0.539651 0.741393 0.509559 1.796389 0.245198 1.315387 1.459339 0.000000 0.528388 0.083824 1.513747
1.653611 0.653611 0.346389 1.346389 0.890691 1.196491 0.820508 1.809236 0.632117 0.023328 0.978815 1.218835 1.314243 0.634345 0.135566 0.898483 0.472545 0.630256 0.837731 0.011263 1.269781 0.018829 1.675222 0.773587 0.786999 1.987728 0.528388 0.000000 0.444564 0.985359
1.901825 1.098175 0.098175 0.901825 1.335255 1.641056 1.265072 1.746200 1.076681 0.467892 1.423379 0.774271 0.869679 0.189781 0.308998 1.343047 0.027981 1.074820 1.282295 0.455827 0.825217 0.425735 1.880214 0.329022 1.231563 1.543163 0.083824 0.444564 0.000000 1.429923
0.668252 0.331748 1.331748 1.668252 0.094668 0.211133 0.164851 0.823877 0.353242 0.962031 0.006544 1.795806 1.700398 1.619704 1.120925 0.086876 1.457904 0.355103 0.147628 0.974096 1.744860 1.004188 0.689863 1.758945 0.198360 1.026914 1.513747 0.985359 1.429923 0.000000
