10
0.000000 1.000000 2.000000 1.000000 0.178634 1.997634 0.875736 0.615200 1.035809 0.994487
1.000000 0.000000 1.000000 2.000000 0.821366 1.002366 0.124264 1.615200 1.964191 1.994487
2.000000 1.000000 0.000000 1.000000 1.821366 0.002366 1.124264 1.384800 0.964191 1.005513
1.000000 2.000000 1.000000 0.000000 1.178634 0.997634 1.875736 0.384800 0.035809 0.005513
0.178634 0.821366 1.821366 1.178634 0.000000 1.823731 0.697102 0.793835 1.214444 1.173122
1.997634 1.002366 0.002366 0.997634 1.823731 0.000000 1.126630 1.382434 0.961825 1.003147
0.875736 0.124264 1.124264 1.875736 0.697102 1.126630 0.000000 1.490937 1.911546 1.870224
0.615200 1.615200 1.384800 0.384800 0.793835 1.382434 1.490937 0.000000 0.420609 0.379287
1.035809 1.964191 0.964191 0.035809 1.214444 0.961825 1.911546 0.420609 0.000000 0.041322
0.994487 1.994487 1.005513 0.005513 1.173122 1.003147 1.870224 0.379287 0.041322 0.000000
