50
0.000000 1.000000 2.000000 1.000000 0.671701 0.117989 0.068049 0.483205 1.102886 0.742049 1.397310 0.849470 0.727094 0.885736 0.065821 0.458004 1.316305 1.991904 1.796352 0.215891 0.437225 0.004583 0.714198 1.836657 1.031648 1.910376 0.119212 0.963709 0.344678 1.295285 0.639087 1.476143 1.557448 0.322736 1.971285 0.595496 1.900773 0.858611 1.411895 1.096620 0.191688 1.091826 0.877293 1.784901 0.024809 0.677645 1.217074 0.288219 0.448426 0.998564
1.000000 0.000000 1.000000 2.000000 0.328299 1.117989 0.931951 0.516795 0.102886 0.257951 0.397310 1.849470 1.727094 0.114264 1.065821 1.458004 1.683695 1.008096 1.203648 0.784109 1.437225 1.004583 1.714198 1.163343 1.968352 0.910376 1.119212 1.963709 1.344678 1.704715 1.639087 0.476143 1.442552 0.677264 1.028715 1.595496 0.900773 1.858611 1.588105 0.096620 1.191688 1.908174 1.877293 1.215099 0.975191 1.677645 0.217074 0.711781 1.448426 0.001436
2.000000 1.000000 0.000000 1.000000 1.328299 1.882011 1.931951 1.516795 0.897114 1.257951 0.602690 1.150530 1.272906 1.114264 1.934179 1.541996 0.683695 0.008096 0.203648 1.784109 1.562775 1.995417 1.285802 0.163343 0.968352 0.089624 1.880788 1.036291 1.655322 0.704715 1.360913 0.523857 0.442552 1.677264 0.028715 1.404504 0.099227 1.141389 0.588105 0.903380 1.808312 0.908174 1.122707 0.215099 1.975191 1.322355 0.782926 1.711781 1.551574 1.001436
1.000000 2.000000 1.000000 0.000000 1.671701 0.882011 1.068049 1.483205 1.897114 1.742049 1.602690 0.150530 0.272906 1.885736 0.934179 0.541996 0.316305 0.991904 0.796352 1.215891 0.562775 0.995417 0.285802 0.836657 0.031648 1.089624 0.880788 0.036291 0.655322 0.295285 0.360913 1.523857 0.557448 1.322736 0.971285 0.404504 1.099227 0.141389 0.411895 1.903380 0.808312 0.091826 0.122707 0.784901 1.024809 0.322355 1.782926 1.288219 0.551574 1.998564
0.671701 0.328299 1.328299 1.671701 0.000000 0.789690 0.603652 0.188496 0.431185 0.070348 0.725609 1.521171 1.398796 0.214034 0.737522 1.129705 1.988006 1.336395 1.531947 0.455810 1.108926 0.676284 1.385899 1.491642 1.703349 1.238675 0.790913 1.635411 1.016379 1.966986 1.310788 0.804442 1.770851 0.348966 1.357014 1.267197 1.229072 1.530312 1.916404 0.424918 0.863389 1.763527 1.548994 1.543398 0.646892 1.349346 0.545373 0.383482 1.120127 0.326863
0.117989 1.117989 1.882011 0.882011 0.789690 0.000000 0.186039 0.601195 1.220875 0.860038 1.515299 0.731481 0.609105 1.003725 0.052169 0.340014 1.198316 1.873914 1.678362 0.333881 0.319235 0.113407 0.596209 1.718668 0.913659 1.971634 0.001222 0.845720 0.226689 1.177296 0.521098 1.594133 1.439458 0.440725 1.853296 0.477507 1.981238 0.740622 1.293905 1.214609 0.073699 0.973836 0.759303 1.666912 0.142798 0.559655 1.335063 0.406208 0.330437 1.116553
0.068049 0.931951 1.931951 1.068049 0.603652 0.186039 0.000000 0.415156 1.034836 0.673999 1.329260 0.917520 0.795144 0.817686 0.133870 0.526053 1.384354 1.940047 1.864401 0.147842 0.505274 0.072632 0.782248 1.904707 1.099698 1.842327 0.187261 1.031759 0.412728 1.363334 0.707136 1.408094 1.625497 0.254686 1.960665 0.663546 1.832723 0.926661 1.479944 1.028570 0.259737 1.159875 0.945342 1.852951 0.043241 0.745694 1.149024 0.220169 0.516476 0.930514
0.483205 0.516795 1.516795 1.483205 0.188496 0.601195 0.415156 0.000000 0.619681 0.258843 0.914104 1.332675 1.210300 0.402530 0.549026 0.941209 1.799510 1.524891 1.720443 0.267314 0.920430 0.487788 1.197404 1.680138 1.514854 1.427171 0.602417 1.446915 0.827884 1.778490 1.122292 0.992938 1.959347 0.160470 1.545509 1.078702 1.417568 1.341817 1.895100 0.613414 0.674893 1.575031 1.360498 1.731893 0.458396 1.160850 0.733868 0.194987 0.931632 0.515358
1.102886 0.102886 0.897114 1.897114 0.431185 1.220875 1.034836 0.619681 0.000000 0.360837 0.294424 1.952356 1.829980 0.217150 1.168707 1.560890 1.580809 0.905210 1.100763 0.886995 1.540111 1.107468 1.817084 1.060457 1.865466 0.807490 1.222098 1.933405 1.447564 1.601829 1.741973 0.373257 1.339666 0.780150 0.925829 1.698382 0.797887 1.961497 1.485219 0.006266 1.294574 1.805288 1.980179 1.112213 1.078077 1.780531 0.114188 0.814667 1.551312 0.104322
0.742049 0.257951 1.257951 1.742049 0.070348 0.860038 0.673999 0.258843 0.360837 0.000000 0.655261 1.591519 1.469143 0.143687 0.807870 1.200052 1.941646 1.266048 1.461600 0.526158 1.179274 0.746631 1.456247 1.421294 1.773697 1.168328 0.861260 1.705758 1.086727 1.962666 1.381136 0.734094 1.700504 0.419313 1.286666 1.337545 1.158724 1.600660 1.846057 0.354571 0.933737 1.833874 1.619341 1.473050 0.717240 1.419693 0.475025 0.453830 1.190475 0.256515
1.397310 0.397310 0.602690 1.602690 0.725609 1.515299 1.329260 0.914104 0.294424 0.655261 0.000000 1.753220 1.875596 0.511574 1.463130 1.855313 1.286385 0.610787 0.806339 1.181418 1.834534 1.401892 1.888492 0.766033 1.571042 0.513067 1.516521 1.638981 1.741988 1.307405 1.963603 0.078834 1.045243 1.074574 0.631405 1.992806 0.503463 1.744079 1.190796 0.300690 1.588998 1.510865 1.725398 0.817789 1.372501 1.925046 0.180236 1.109091 1.845736 0.398746
0.849470 1.849470 1.150530 0.150530 1.521171 0.731481 0.917520 1.332675 1.952356 1.591519 1.753220 0.000000 0.122376 1.735206 0.783649 0.391466 0.466835 1.142434 0.946881 1.065361 0.412245 0.844888 0.135272 0.987187 0.182178 1.240154 0.730258 0.114239 0.504792 0.445815 0.210383 1.674387 0.707978 1.172206 1.121815 0.253974 1.249757 0.009141 0.562425 1.946090 0.657782 0.242356 0.027823 0.935431 0.874279 0.171825 1.933456 1.137689 0.401044 1.848034
0.727094 1.727094 1.272906 0.272906 1.398796 0.609105 0.795144 1.210300 1.829980 1.469143 1.875596 0.122376 0.000000 1.612830 0.661274 0.269091 0.589210 1.264809 1.069257 0.942986 0.289870 0.722512 0.012896 1.109563 0.304554 1.362529 0.607883 0.236615 0.382416 0.568191 0.088007 1.796762 0.830353 1.049830 1.244191 0.131598 1.372133 0.131517 0.684800 1.823714 0.535406 0.364731 0.150198 1.057807 0.751903 0.049450 1.944168 1.015313 0.278668 1.725658
0.885736 0.114264 1.114264 1.885736 0.214034 1.003725 0.817686 0.402530 0.217150 0.143687 0.511574 1.735206 1.612830 0.000000 0.951556 1.343739 1.797960 1.122361 1.317913 0.669844 1.322960 0.890318 1.599934 1.277607 1.917384 1.024641 1.004947 1.849445 1.230414 1.818979 1.524823 0.590408 1.556817 0.563000 1.142979 1.481232 1.015037 1.744347 1.702370 0.210884 1.077424 1.977561 1.763028 1.329363 0.860927 1.563380 0.331338 0.597517 1.334162 0.112828
0.065821 1.065821 1.934179 0.934179 0.737522 0.052169 0.133870 0.549026 1.168707 0.807870 1.463130 0.783649 0.661274 0.951556 0.000000 0.392183 1.250484 1.926083 1.730531 0.281712 0.371404 0.061238 0.648377 1.770836 0.965828 1.976197 0.053391 0.897889 0.278857 1.229464 0.573266 1.541964 1.491627 0.388556 1.905464 0.529676 1.966594 0.792791 1.346074 1.162440 0.125867 1.026005 0.811472 1.719080 0.090630 0.611824 1.282895 0.354040 0.382605 1.064385
0.458004 1.458004 1.541996 0.541996 1.129705 0.340014 0.526053 0.941209 1.560890 1.200052 1.855313 0.391466 0.269091 1.343739 0.392183 0.000000 0.858301 1.533900 1.338348 0.673895 0.020779 0.453421 0.256195 1.378653 0.573645 1.631620 0.338792 0.505706 0.113325 0.837281 0.181083 1.934147 1.099444 0.780739 1.513281 0.137493 1.641223 0.400608 0.953891 1.554623 0.266316 0.633822 0.419289 1.326897 0.482813 0.219641 1.675077 0.746222 0.009577 1.456568
1.316305 1.683695 0.683695 0.316305 1.988006 1.198316 1.384354 1.799510 1.580809 1.941646 1.286385 0.466835 0.589210 1.797960 1.250484 0.858301 0.000000 0.675599 0.480047 1.532196 0.879080 1.311722 0.602107 0.520352 0.284657 0.773319 1.197093 0.352595 0.971627 0.021020 0.677218 1.207552 0.241143 1.639040 0.654980 0.720809 0.782922 0.457694 0.095590 1.587076 1.124617 0.224479 0.439012 0.468596 1.341114 0.638660 1.466621 1.604524 0.867879 1.685131
1.991904 1.008096 0.008096 0.991904 1.336395 1.873914 1.940047 1.524891 0.905210 1.266048 0.610787 1.142434 1.264809 1.122361 1.926083 1.533900 0.675599 0.000000 0.195552 1.792205 1.554679 1.987321 1.277705 0.155246 0.960255 0.097720 1.872692 1.028194 1.647225 0.696619 1.352817 0.531953 0.434456 1.685361 0.020618 1.396407 0.107323 1.133292 0.580009 0.911477 1.800216 0.900078 1.114611 0.207002 1.983288 1.314259 0.791023 1.719878 1.543477 1.009533
1.796352 1.203648 0.203648 0.796352 1.531947 1.678362 1.864401 1.720443 1.100763 1.461600 0.806339 0.946881 1.069257 1.317913 1.730531 1.338348 0.480047 0.195552 0.000000 1.987757 1.359127 1.791769 1.082153 0.040306 0.764703 0.293272 1.677140 0.832642 1.451673 0.501066 1.157265 0.727505 0.238904 1.880913 0.174934 1.200855 0.302876 0.937740 0.384457 1.107029 1.604663 0.704526 0.919059 0.011450 1.821160 1.118707 0.986575 1.915430 1.347925 1.205085
0.215891 0.784109 1.784109 1.215891 0.455810 0.333881 0.147842 0.267314 0.886995 0.526158 1.181418 1.065361 0.942986 0.669844 0.281712 0.673895 1.532196 1.792205 1.987757 0.000000 0.653116 0.220474 0.930089 1.947452 1.247540 1.694485 0.335103 1.179601 0.560570 1.511176 0.854978 1.260252 1.773339 0.106844 1.812824 0.811388 1.684882 1.074503 1.627786 0.880728 0.407579 1.307717 1.093184 1.999208 0.191082 0.893536 1.001182 0.072327 0.664317 0.782673
0.437225 1.437225 1.562775 0.562775 1.108926 0.319235 0.505274 0.920430 1.540111 1.179274 1.834534 0.412245 0.289870 1.322960 0.371404 0.020779 0.879080 1.554679 1.359127 0.653116 0.000000 0.432642 0.276973 1.399432 0.594424 1.652399 0.318013 0.526485 0.092546 0.858060 0.201862 1.913368 1.120223 0.759960 1.534060 0.158272 1.662002 0.421387 0.974670 1.533844 0.245537 0.654601 0.440068 1.347676 0.462034 0.240420 1.654298 0.725443 0.011201 1.435789
0.004583 1.004583 1.995417 0.995417 0.676284 0.113407 0.072632 0.487788 1.107468 0.746631 1.401892 0.844888 0.722512 0.890318 0.061238 0.453421 1.311722 1.987321 1.791769 0.220474 0.432642 0.000000 0.709616 1.832075 1.027066 1.914959 0.114629 0.959127 0.340096 1.290702 0.634504 1.480726 1.552865 0.327318 1.966703 0.590914 1.905355 0.854029 1.407312 1.101202 0.187106 1.087243 0.872710 1.780319 0.029391 0.673062 1.221656 0.292801 0.443844 1.003146
0.714198 1.714198 1.285802 0.285802 1.385899 0.596209 0.782248 1.197404 1.817084 1.456247 1.888492 0.135272 0.012896 1.599934 0.648377 0.256195 0.602107 1.277705 1.082153 0.930089 0.276973 0.709616 0.000000 1.122459 0.317450 1.375425 0.594987 0.249511 0.369520 0.581087 0.075111 1.809659 0.843249 1.036934 1.257087 0.118702 1.385029 0.144413 0.697697 1.810818 0.522510 0.377627 0.163094 1.070703 0.739007 0.036554 1.931272 1.002417 0.265772 1.712762
1.836657 1.163343 0.163343 0.836657 1.491642 1.718668 1.904707 1.680138 1.060457 1.421294 0.766033 0.987187 1.109563 1.277607 1.770836 1.378653 0.520352 0.155246 0.040306 1.947452 1.399432 1.832075 1.122459 0.000000 0.805009 0.252967 1.717446 0.872948 1.491979 0.541372 1.197570 0.687200 0.279209 1.840607 0.134628 1.241161 0.262570 0.978046 0.424762 1.066723 1.644969 0.744832 0.959365 0.051756 1.861466 1.159013 0.946269 1.875124 1.388231 1.164779
1.031648 1.968352 0.968352 0.031648 1.703349 0.913659 1.099698 1.514854 1.865466 1.773697 1.571042 0.182178 0.304554 1.917384 0.965828 0.573645 0.284657 0.960255 0.764703 1.247540 0.594424 1.027066 0.317450 0.805009 0.000000 1.057975 0.912437 0.067939 0.686970 0.263637 0.392561 1.492209 0.525799 1.354384 0.939637 0.436152 1.067579 0.173037 0.380246 1.871732 0.839960 0.060177 0.154356 0.753253 1.056457 0.354004 1.751278 1.319867 0.583222 1.969788
1.910376 0.910376 0.089624 1.089624 1.238675 1.971634 1.842327 1.427171 0.807490 1.168328 0.513067 1.240154 1.362529 1.024641 1.976197 1.631620 0.773319 0.097720 0.293272 1.694485 1.652399 1.914959 1.375425 0.252967 1.057975 0.000000 1.970412 1.125914 1.744945 0.794339 1.450537 0.434233 0.532176 1.587641 0.118338 1.494127 0.009603 1.231012 0.677729 0.813757 1.897936 0.997798 1.212331 0.304722 1.885567 1.411979 0.693303 1.622158 1.641197 0.911812
0.119212 1.119212 1.880788 0.880788 0.790913 0.001222 0.187261 0.602417 1.222098 0.861260 1.516521 0.730258 0.607883 1.004947 0.053391 0.338792 1.197093 1.872692 1.677140 0.335103 0.318013 0.114629 0.594987 1.717446 0.912437 1.970412 0.000000 0.844498 0.225467 1.176073 0.519875 1.595355 1.438236 0.441947 1.852074 0.476285 1.980015 0.739400 1.292683 1.215831 0.072476 0.972614 0.758081 1.665690 0.144020 0.558433 1.336285 0.407430 0.329215 1.117775
0.963709 1.963709 1.036291 0.036291 1.635411 0.845720 1.031759 1.446915 1.933405 1.705758 1.638981 0.114239 0.236615 1.849445 0.897889 0.505706 0.352595 1.028194 0.832642 1.179601 0.526485 0.959127 0.249511 0.872948 0.067939 1.125914 0.844498 0.000000 0.619031 0.331576 0.324622 1.560147 0.593738 1.286445 1.007576 0.368213 1.135518 0.105098 0.448185 1.939671 0.772021 0.128116 0.086417 0.821192 0.988518 0.286065 1.819217 1.251928 0.515283 1.962273
0.344678 1.344678 1.655322 0.655322 1.016379 0.226689 0.412728 0.827884 1.447564 1.086727 1.741988 0.504792 0.382416 1.230414 0.278857 0.113325 0.971627 1.647225 1.451673 0.560570 0.092546 0.340096 0.369520 1.491979 0.686970 1.744945 0.225467 0.619031 0.000000 0.950607 0.294409 1.820821 1.212769 0.667414 1.626607 0.250818 1.754549 0.513933 1.067216 1.441298 0.152990 0.747147 0.532614 1.440223 0.369487 0.332966 1.561752 0.632897 0.103748 1.343242
1.295285 1.704715 0.704715 0.295285 1.966986 1.177296 1.363334 1.778490 1.601829 1.962666 1.307405 0.445815 0.568191 1.818979 1.229464 0.837281 0.021020 0.696619 0.501066 1.511176 0.858060 1.290702 0.581087 0.541372 0.263637 0.794339 1.176073 0.331576 0.950607 0.000000 0.656198 1.228572 0.262163 1.618021 0.676000 0.699789 0.803942 0.436674 0.116610 1.608095 1.103597 0.203459 0.417992 0.489616 1.320094 0.617640 1.487641 1.583504 0.846859 1.706151
0.639087 1.639087 1.360913 0.360913 1.310788 0.521098 0.707136 1.122292 1.741973 1.381136 1.963603 0.210383 0.088007 1.524823 0.573266 0.181083 0.677218 1.352817 1.157265 0.854978 0.201862 0.634504 0.075111 1.197570 0.392561 1.450537 0.519875 0.324622 0.294409 0.656198 0.000000 1.884770 0.918361 0.961822 1.332198 0.043591 1.460140 0.219524 0.772808 1.735707 0.447399 0.452739 0.238206 1.145814 0.663896 0.038558 1.856161 0.927306 0.190661 1.637651
1.476143 0.476143 0.523857 1.523857 0.804442 1.594133 1.408094 0.992938 0.373257 0.734094 0.078834 1.674387 1.796762 0.590408 1.541964 1.934147 1.207552 0.531953 0.727505 1.260252 1.913368 1.480726 1.809659 0.687200 1.492209 0.434233 1.595355 1.560147 1.820821 1.228572 1.884770 0.000000 0.966409 1.153408 0.552572 1.928361 0.424630 1.665246 1.111962 0.379524 1.667831 1.432031 1.646564 0.738956 1.451334 1.846212 0.259069 1.187924 1.924569 0.477579
1.557448 1.442552 0.442552 0.557448 1.770851 1.439458 1.625497 1.959347 1.339666 1.700504 1.045243 0.707978 0.830353 1.556817 1.491627 1.099444 0.241143 0.434456 0.238904 1.773339 1.120223 1.552865 0.843249 0.279209 0.525799 0.532176 1.438236 0.593738 1.212769 0.262163 0.918361 0.966409 0.000000 1.880183 0.413838 0.961951 0.541779 0.698836 0.145553 1.345933 1.365760 0.465622 0.680155 0.227453 1.582257 0.879803 1.225479 1.845666 1.109021 1.443988
0.322736 0.677264 1.677264 1.322736 0.348966 0.440725 0.254686 0.160470 0.780150 0.419313 1.074574 1.172206 1.049830 0.563000 0.388556 0.780739 1.639040 1.685361 1.880913 0.106844 0.759960 0.327318 1.036934 1.840607 1.354384 1.587641 0.441947 1.286445 0.667414 1.618021 0.961822 1.153408 1.880183 0.000000 1.705979 0.918232 1.578037 1.181347 1.734630 0.773884 0.514424 1.414561 1.200028 1.892363 0.297927 1.000380 0.894338 0.034517 0.771162 0.675828
1.971285 1.028715 0.028715 0.971285 1.357014 1.853296 1.960665 1.545509 0.925829 1.286666 0.631405 1.121815 1.244191 1.142979 1.905464 1.513281 0.654980 0.020618 0.174934 1.812824 1.534060 1.966703 1.257087 0.134628 0.939637 0.118338 1.852074 1.007576 1.626607 0.676000 1.332198 0.552572 0.413838 1.705979 0.000000 1.375789 0.127942 1.112674 0.559390 0.932095 1.779597 0.879460 1.093993 0.186384 1.996094 1.293641 0.811641 1.740496 1.522859 1.030151
0.595496 1.595496 1.404504 0.404504 1.267197 0.477507 0.663546 1.078702 1.698382 1.337545 1.992806 0.253974 0.131598 1.481232 0.529676 0.137493 0.720809 1.396407 1.200855 0.811388 0.158272 0.590914 0.118702 1.241161 0.436152 1.494127 0.476285 0.368213 0.250818 0.699789 0.043591 1.928361 0.961951 0.918232 1.375789 0.000000 1.503731 0.263115 0.816398 1.692116 0.403808 0.496329 0.281796 1.189405 0.620305 0.082148 1.812570 0.883715 0.147070 1.594060
1.900773 0.900773 0.099227 1.099227 1.229072 1.981238 1.832723 1.417568 0.797887 1.158724 0.503463 1.249757 1.372133 1.015037 1.966594 1.641223 0.782922 0.107323 0.302876 1.684882 1.662002 1.905355 1.385029 0.262570 1.067579 0.009603 1.980015 1.135518 1.754549 0.803942 1.460140 0.424630 0.541779 1.578037 0.127942 1.503731 0.000000 1.240616 0.687332 0.804153 1.907539 1.007401 1.221934 0.314326 1.875964 1.421582 0.683699 1.612554 1.650801 0.902209
0.858611 1.858611 1.141389 0.141389 1.530312 0.740622 0.926661 1.341817 1.961497 1.600660 1.744079 0.009141 0.131517 1.744347 0.792791 0.400608 0.457694 1.133292 0.937740 1.074503 0.421387 0.854029 0.144413 0.978046 0.173037 1.231012 0.739400 0.105098 0.513933 0.436674 0.219524 1.665246 0.698836 1.181347 1.112674 0.263115 1.240616 0.000000 0.553283 1.955231 0.666923 0.233214 0.018681 0.926290 0.883420 0.180967 1.924315 1.146830 0.410185 1.857175
1.411895 1.588105 0.588105 0.411895 1.916404 1.293905 1.479944 1.895100 1.485219 1.846057 1.190796 0.562425 0.684800 1.702370 1.346074 0.953891 0.095590 0.580009 0.384457 1.627786 0.974670 1.407312 0.697697 0.424762 0.380246 0.677729 1.292683 0.448185 1.067216 0.116610 0.772808 1.111962 0.145553 1.734630 0.559390 0.816398 0.687332 0.553283 0.000000 1.491486 1.220207 0.320069 0.534602 0.373006 1.436704 0.734250 1.371032 1.700113 0.963468 1.589541
1.096620 0.096620 0.903380 1.903380 0.424918 1.214609 1.028570 0.613414 0.006266 0.354571 0.300690 1.946090 1.823714 0.210884 1.162440 1.554623 1.587076 0.911477 1.107029 0.880728 1.533844 1.101202 1.810818 1.066723 1.871732 0.813757 1.215831 1.939671 1.441298 1.608095 1.735707 0.379524 1.345933 0.773884 0.932095 1.692116 0.804153 1.955231 1.491486 0.000000 1.288308 1.811555 1.973912 1.118479 1.071811 1.774264 0.120454 0.808401 1.545046 0.098056
0.191688 1.191688 1.808312 0.808312 0.863389 0.073699 0.259737 0.674893 1.294574 0.933737 1.588998 0.657782 0.535406 1.077424 0.125867 0.266316 1.124617 1.800216 1.604663 0.407579 0.245537 0.187106 0.522510 1.644969 0.839960 1.897936 0.072476 0.772021 0.152990 1.103597 0.447399 1.667831 1.365760 0.514424 1.779597 0.403808 1.907539 0.666923 1.220207 1.288308 0.000000 0.900138 0.685605 1.593213 0.216497 0.485957 1.408762 0.479907 0.256738 1.190252
1.091826 1.908174 0.908174 0.091826 1.763527 0.973836 1.159875 1.575031 1.805288 1.833874 1.510865 0.242356 0.364731 1.977561 1.026005 0.633822 0.224479 0.900078 0.704526 1.307717 0.654601 1.087243 0.377627 0.744832 0.060177 0.997798 0.972614 0.128116 0.747147 0.203459 0.452739 1.432031 0.465622 1.414561 0.879460 0.496329 1.007401 0.233214 0.320069 1.811555 0.900138 0.000000 0.214533 0.693076 1.116634 0.414181 1.691101 1.380044 0.643399 1.909611
0.877293 1.877293 1.122707 0.122707 1.548994 0.759303 0.945342 1.360498 1.980179 1.619341 1.725398 0.027823 0.150198 1.763028 0.811472 0.419289 0.439012 1.114611 0.919059 1.093184 0.440068 0.872710 0.163094 0.959365 0.154356 1.212331 0.758081 0.086417 0.532614 0.417992 0.238206 1.646564 0.680155 1.200028 1.093993 0.281796 1.221934 0.018681 0.534602 1.973912 0.685605 0.214533 0.000000 0.907609 0.902101 0.199648 1.905634 1.165511 0.428866 1.875856
1.784901 1.215099 0.215099 0.784901 1.543398 1.666912 1.852951 1.731893 1.112213 1.473050 0.817789 0.935431 1.057807 1.329363 1.719080 1.326897 0.468596 0.207002 0.011450 1.999208 1.347676 1.780319 1.070703 0.051756 0.753253 0.304722 1.665690 0.821192 1.440223 0.489616 1.145814 0.738956 0.227453 1.892363 0.186384 1.189405 0.314326 0.926290 0.373006 1.118479 1.593213 0.693076 0.907609 0.000000 1.809710 1.107257 0.998025 1.926880 1.336475 1.216535
0.024809 0.975191 1.975191 1.024809 0.646892 0.142798 0.043241 0.458396 1.078077 0.717240 1.372501 0.874279 0.751903 0.860927 0.090630 0.482813 1.341114 1.983288 1.821160 0.191082 0.462034 0.029391 0.739007 1.861466 1.056457 1.885567 0.144020 0.988518 0.369487 1.320094 0.663896 1.451334 1.582257 0.297927 1.996094 0.620305 1.875964 0.883420 1.436704 1.071811 0.216497 1.116634 0.902101 1.809710 0.000000 0.702453 1.192265 0.263410 0.473235 0.973755
0.677645 1.677645 1.322355 0.322355 1.349346 0.559655 0.745694 1.160850 1.780531 1.419693 1.925046 0.171825 0.049450 1.563380 0.611824 0.219641 0.638660 1.314259 1.118707 0.893536 0.240420 0.673062 0.036554 1.159013 0.354004 1.411979 0.558433 0.286065 0.332966 0.617640 0.038558 1.846212 0.879803 1.000380 1.293641 0.082148 1.421582 0.180967 0.734250 1.774264 0.485957 0.414181 0.199648 1.107257 0.702453 0.000000 1.894718 0.965863 0.229218 1.676208
1.217074 0.217074 0.782926 1.782926 0.545373 1.335063 1.149024 0.733868 0.114188 0.475025 0.180236 1.933456 1.944168 0.331338 1.282895 1.675077 1.466621 0.791023 0.986575 1.001182 1.654298 1.221656 1.931272 0.946269 1.751278 0.693303 1.336285 1.819217 1.561752 1.487641 1.856161 0.259069 1.225479 0.894338 0.811641 1.812570 0.683699 1.924315 1.371032 0.120454 1.408762 1.691101 1.905634 0.998025 1.192265 1.894718 0.000000 0.928855 1.665500 0.218510
0.288219 0.711781 1.711781 1.288219 0.383482 0.406208 0.220169 0.194987 0.814667 0.453830 1.109091 1.137689 1.015313 0.597517 0.354040 0.746222 1.604524 1.719878 1.915430 0.072327 0.725443 0.292801 1.002417 1.875124 1.319867 1.622158 0.407430 1.251928 0.632897 1.583504 0.927306 1.187924 1.845666 0.034517 1.740496 0.883715 1.612554 1.146830 1.700113 0.808401 0.479907 1.380044 1.165511 1.926880 0.263410 0.965863 0.928855 0.000000 0.736645 0.710345
0.448426 1.448426 1.551574 0.551574 1.120127 0.330437 0.516476 0.931632 1.551312 1.190475 1.845736 0.401044 0.278668 1.334162 0.382605 0.009577 0.867879 1.543477 1.347925 0.664317 0.011201 0.443844 0.265772 1.388231 0.583222 1.641197 0.329215 0.515283 0.103748 0.846859 0.190661 1.924569 1.109021 0.771162 1.522859 0.147070 1.650801 0.410185 0.963468 1.545046 0.256738 0.643399 0.428866 1.336475 0.473235 0.229218 1.665500 0.736645 0.000000 1.446990
0.998564 0.001436 1.001436 1.998564 0.326863 1.116553 0.930514 0.515358 0.104322 0.256515 0.398746 1.848034 1.725658 0.112828 1.064385 1.456568 1.685131 1.009533 1.205085 0.782673 1.435789 1.003146 1.712762 1.164779 1.969788 0.911812 1.117775 1.962273 1.343242 1.706151 1.637651 0.477579 1.443988 0.675828 1.030151 1.594060 0.902209 1.857175 1.589541 0.098056 1.190252 1.909611 1.875856 1.216535 0.973755 1.676208 0.218510 0.710345 1.446990 0.000000
