40
0.000000 1.000000 2.000000 1.000000 0.076176 1.490560 1.930106 0.152467 1.063130 0.797618 0.677596 0.986343 0.573837 0.622471 0.559097 0.007854 0.116040 1.753945 0.245167 1.231517 1.204613 1.354994 0.679937 1.443229 0.238972 0.378430 1.499853 1.412365 1.362997 0.550896 1.161974 1.616879 1.031342 1.251717 1.032893 1.420935 1.249297 1.821770 1.207940 0.229174
1.000000 0.000000 1.000000 2.000000 1.076176 0.490560 0.930106 0.847533 0.063130 0.202382 0.322404 0.013657 1.573837 0.377529 1.559097 0.992146 1.116040 1.246055 0.754833 1.768483 1.795387 1.645006 1.679937 0.443229 1.238972 1.378430 0.499853 0.412365 0.362997 1.550896 1.838026 1.383121 0.031342 1.748283 0.032893 1.579065 0.249297 1.178230 1.792060 0.770826
2.000000 1.000000 0.000000 1.000000 1.923824 0.509440 0.069894 1.847533 0.936870 1.202382 1.322404 1.013657 1.426163 1.377529 1.440903 1.992146 1.883960 0.246055 1.754833 0.768483 0.795387 0.645006 1.320063 0.556771 1.761028 1.621570 0.500147 0.587635 0.637003 1.449104 0.838026 0.383121 0.968658 0.748283 0.967107 0.579065 0.750703 0.178230 0.792060 1.770826
1.000000 2.000000 1.000000 0.000000 0.923824 1.509440 1.069894 1.152467 1.936870 1.797618 1.677596 1.986343 0.426163 1.622471 0.440903 1.007854 0.883960 0.753945 1.245167 0.231517 0.204613 0.354994 0.320063 1.556771 0.761028 0.621570 1.500147 1.587635 1.637003 0.449104 0.161974 0.616879 1.968658 0.251717 1.967107 0.420935 1.750703 0.821770 0.207940 1.229174
0.076176 1.076176 1.923824 0.923824 0.000000 1.566736 1.993718 0.228643 1.139306 0.873794 0.753772 1.062519 0.497661 0.698647 0.482921 0.084030 0.039864 1.677769 0.321343 1.155341 1.128437 1.278818 0.603761 1.519405 0.162796 0.302254 1.576029 1.488541 1.439173 0.474720 1.085798 1.540703 1.107518 1.175541 1.109069 1.344759 1.325473 1.745594 1.131764 0.305350
1.490560 0.490560 0.509440 1.509440 1.566736 0.000000 0.439545 1.338093 0.427431 0.692943 0.812965 0.504218 1.935603 0.868089 1.950343 1.482706 1.606600 0.755495 1.245393 1.277923 1.304826 1.154446 1.829503 0.047331 1.729532 1.868990 0.009293 0.078196 0.127564 1.958544 1.347466 0.892561 0.459218 1.257723 0.457667 1.088504 0.241264 0.687669 1.301500 1.261387
1.930106 0.930106 0.069894 1.069894 1.993718 0.439545 0.000000 1.777639 0.866976 1.132488 1.252510 0.943763 1.496057 1.307635 1.510797 1.922252 1.953854 0.315949 1.684938 0.838378 0.865281 0.714900 1.389958 0.486877 1.830922 1.691464 0.430253 0.517741 0.567109 1.518998 0.907921 0.453015 0.898764 0.818178 0.897212 0.648959 0.680809 0.248124 0.861954 1.700932
0.152467 0.847533 1.847533 1.152467 0.228643 1.338093 1.777639 0.000000 0.910663 0.645151 0.525129 0.833876 0.726304 0.470004 0.711564 0.144613 0.268507 1.906412 0.092700 1.383984 1.357080 1.507461 0.832404 1.290762 0.391439 0.530897 1.347386 1.259898 1.210530 0.703363 1.314441 1.769346 0.878875 1.404184 0.880426 1.573402 1.096830 1.974237 1.360407 0.076707
1.063130 0.063130 0.936870 1.936870 1.139306 0.427431 0.866976 0.910663 0.000000 0.265512 0.385534 0.076787 1.636966 0.440658 1.622226 1.055275 1.179169 1.182926 0.817962 1.705354 1.732257 1.581876 1.743066 0.380099 1.302102 1.441559 0.436723 0.349235 0.299867 1.614025 1.774897 1.319992 0.031787 1.685154 0.030236 1.515935 0.186167 1.115100 1.728931 0.833956
0.797618 0.202382 1.202382 1.797618 0.873794 0.692943 1.132488 0.645151 0.265512 0.000000 0.120022 0.188725 1.371455 0.175147 1.356715 0.789764 0.913658 1.448437 0.552450 1.970866 1.997769 1.847388 1.477554 0.645611 1.036590 1.176048 0.702235 0.614747 0.565379 1.348514 1.959591 1.585503 0.233724 1.950665 0.235276 1.781447 0.451679 1.380612 1.994442 0.568444
0.677596 0.322404 1.322404 1.677596 0.753772 0.812965 1.252510 0.525129 0.385534 0.120022 0.000000 0.308747 1.251433 0.055125 1.236693 0.669742 0.793636 1.568460 0.432428 1.909112 1.882209 1.967410 1.357532 0.765633 0.916568 1.056026 0.822257 0.734769 0.685401 1.228492 1.839569 1.705525 0.353746 1.929312 0.355298 1.901469 0.571701 1.500634 1.885536 0.448422
0.986343 0.013657 1.013657 1.986343 1.062519 0.504218 0.943763 0.833876 0.076787 0.188725 0.308747 0.000000 1.560180 0.363872 1.545440 0.978489 1.102383 1.259712 0.741175 1.782141 1.809044 1.658663 1.666279 0.456886 1.225315 1.364773 0.513510 0.426022 0.376654 1.537239 1.851684 1.396778 0.044999 1.761940 0.046551 1.592722 0.262954 1.191887 1.805717 0.757169
0.573837 1.573837 1.426163 0.426163 0.497661 1.935603 1.496057 0.726304 1.636966 1.371455 1.251433 1.560180 0.000000 1.196308 0.014740 0.581691 0.457797 1.180108 0.819004 0.657680 0.630776 0.781157 0.106100 1.982934 0.334865 0.195407 1.926310 1.986201 1.936833 0.022941 0.588137 1.043042 1.605179 0.677880 1.606730 0.847099 1.823134 1.247934 0.634103 0.803010
0.622471 0.377529 1.377529 1.622471 0.698647 0.868089 1.307635 0.470004 0.440658 0.175147 0.055125 0.363872 1.196308 0.000000 1.181568 0.614617 0.738511 1.623584 0.377304 1.853988 1.827084 1.977465 1.302408 0.820758 0.861443 1.000901 0.877382 0.789894 0.740526 1.173367 1.784445 1.760650 0.408871 1.874188 0.410422 1.956594 0.626826 1.555759 1.830411 0.393298
0.559097 1.559097 1.440903 0.440903 0.482921 1.950343 1.510797 0.711564 1.622226 1.356715 1.236693 1.545440 0.014740 1.181568 0.000000 0.566951 0.443057 1.194848 0.804264 0.672420 0.645516 0.795897 0.120840 1.997674 0.320125 0.180667 1.941050 1.971462 1.922094 0.008201 0.602877 1.057782 1.590439 0.692620 1.591990 0.861839 1.808394 1.262674 0.648843 0.788270
0.007854 0.992146 1.992146 1.007854 0.084030 1.482706 1.922252 0.144613 1.055275 0.789764 0.669742 0.978489 0.581691 0.614617 0.566951 0.000000 0.123894 1.761799 0.237313 1.239371 1.212467 1.362848 0.687791 1.435375 0.246826 0.386284 1.491999 1.404510 1.355142 0.558750 1.169828 1.624733 1.023488 1.259571 1.025039 1.428790 1.241443 1.829625 1.215794 0.221319
0.116040 1.116040 1.883960 0.883960 0.039864 1.606600 1.953854 0.268507 1.179169 0.913658 0.793636 1.102383 0.457797 0.738511 0.443057 0.123894 0.000000 1.637905 0.361207 1.115477 1.088573 1.238954 0.563897 1.559269 0.122932 0.262390 1.615893 1.528405 1.479037 0.434856 1.045934 1.500839 1.147382 1.135677 1.148933 1.304895 1.365337 1.705730 1.091900 0.345213
1.753945 1.246055 0.246055 0.753945 1.677769 0.755495 0.315949 1.906412 1.182926 1.448437 1.568460 1.259712 1.180108 1.623584 1.194848 1.761799 1.637905 0.000000 1.999112 0.522428 0.549332 0.398951 1.074008 0.802826 1.514973 1.375515 0.746202 0.833691 0.883059 1.203049 0.591971 0.137066 1.214713 0.502228 1.213162 0.333009 0.996759 0.067826 0.546005 1.983118
0.245167 0.754833 1.754833 1.245167 0.321343 1.245393 1.684938 0.092700 0.817962 0.552450 0.432428 0.741175 0.819004 0.377304 0.804264 0.237313 0.361207 1.999112 0.000000 1.476684 1.449781 1.600161 0.925104 1.198061 0.484139 0.623597 1.254685 1.167197 1.117829 0.796063 1.407141 1.862046 0.786175 1.496884 0.787726 1.666103 1.004129 1.933062 1.453107 0.015994
1.231517 1.768483 0.768483 0.231517 1.155341 1.277923 0.838378 1.383984 1.705354 1.970866 1.909112 1.782141 0.657680 1.853988 0.672420 1.239371 1.115477 0.522428 1.476684 0.000000 0.026903 0.123478 0.551580 1.325255 0.992545 0.853087 1.268631 1.356119 1.405487 0.680621 0.069543 0.385362 1.737141 0.020200 1.735590 0.189419 1.519187 0.590254 0.023577 1.460690
1.204613 1.795387 0.795387 0.204613 1.128437 1.304826 0.865281 1.357080 1.732257 1.997769 1.882209 1.809044 0.630776 1.827084 0.645516 1.212467 1.088573 0.549332 1.449781 0.026903 0.000000 0.150381 0.524677 1.352158 0.965641 0.826183 1.295534 1.383022 1.432390 0.653717 0.042640 0.412266 1.764045 0.047104 1.762493 0.216322 1.546090 0.617157 0.003327 1.433787
1.354994 1.645006 0.645006 0.354994 1.278818 1.154446 0.714900 1.507461 1.581876 1.847388 1.967410 1.658663 0.781157 1.977465 0.795897 1.362848 1.238954 0.398951 1.600161 0.123478 0.150381 0.000000 0.675057 1.201777 1.116022 0.976564 1.145153 1.232641 1.282009 0.804098 0.193021 0.261885 1.613664 0.103277 1.612112 0.065941 1.395709 0.466776 0.147054 1.584168
0.679937 1.679937 1.320063 0.320063 0.603761 1.829503 1.389958 0.832404 1.743066 1.477554 1.357532 1.666279 0.106100 1.302408 0.120840 0.687791 0.563897 1.074008 0.925104 0.551580 0.524677 0.675057 0.000000 1.876834 0.440965 0.301507 1.820210 1.907699 1.957067 0.129041 0.482037 0.936942 1.711279 0.571780 1.712830 0.740999 1.929233 1.141834 0.528003 0.909110
1.443229 0.443229 0.556771 1.556771 1.519405 0.047331 0.486877 1.290762 0.380099 0.645611 0.765633 0.456886 1.982934 0.820758 1.997674 1.435375 1.559269 0.802826 1.198061 1.325255 1.352158 1.201777 1.876834 0.000000 1.682201 1.821659 0.056624 0.030864 0.080232 1.994125 1.394798 0.939892 0.411887 1.305054 0.410335 1.135836 0.193932 0.735001 1.348831 1.214055
0.238972 1.238972 1.761028 0.761028 0.162796 1.729532 1.830922 0.391439 1.302102 1.036590 0.916568 1.225315 0.334865 0.861443 0.320125 0.246826 0.122932 1.514973 0.484139 0.992545 0.965641 1.116022 0.440965 1.682201 0.000000 0.139458 1.738825 1.651337 1.601969 0.311924 0.923002 1.377907 1.270314 1.012745 1.271865 1.181963 1.488269 1.582798 0.968968 0.468146
0.378430 1.378430 1.621570 0.621570 0.302254 1.868990 1.691464 0.530897 1.441559 1.176048 1.056026 1.364773 0.195407 1.000901 0.180667 0.386284 0.262390 1.375515 0.623597 0.853087 0.826183 0.976564 0.301507 1.821659 0.139458 0.000000 1.878283 1.790794 1.741426 0.172466 0.783544 1.238449 1.409772 0.873287 1.411323 1.042506 1.627727 1.443341 0.829510 0.607603
1.499853 0.499853 0.500147 1.500147 1.576029 0.009293 0.430253 1.347386 0.436723 0.702235 0.822257 0.513510 1.926310 0.877382 1.941050 1.491999 1.615893 0.746202 1.254685 1.268631 1.295534 1.145153 1.820210 0.056624 1.738825 1.878283 0.000000 0.087488 0.136856 1.949251 1.338174 0.883268 0.468511 1.248430 0.466959 1.079212 0.250556 0.678377 1.292207 1.270679
1.412365 0.412365 0.587635 1.587635 1.488541 0.078196 0.517741 1.259898 0.349235 0.614747 0.734769 0.426022 1.986201 0.789894 1.971462 1.404510 1.528405 0.833691 1.167197 1.356119 1.383022 1.232641 1.907699 0.030864 1.651337 1.790794 0.087488 0.000000 0.049368 1.963261 1.425662 0.970757 0.381022 1.335919 0.379471 1.166700 0.163068 0.765865 1.379696 1.183191
1.362997 0.362997 0.637003 1.637003 1.439173 0.127564 0.567109 1.210530 0.299867 0.565379 0.685401 0.376654 1.936833 0.740526 1.922094 1.355142 1.479037 0.883059 1.117829 1.405487 1.432390 1.282009 1.957067 0.080232 1.601969 1.741426 0.136856 0.049368 0.000000 1.913893 1.475030 1.020125 0.331654 1.385287 0.330103 1.216068 0.113700 0.815233 1.429064 1.133823
0.550896 1.550896 1.449104 0.449104 0.474720 1.958544 1.518998 0.703363 1.614025 1.348514 1.228492 1.537239 0.022941 1.173367 0.008201 0.558750 0.434856 1.203049 0.796063 0.680621 0.653717 0.804098 0.129041 1.994125 0.311924 0.172466 1.949251 1.963261 1.913893 0.000000 0.611078 1.065983 1.582238 0.700821 1.583789 0.870040 1.800193 1.270875 0.657044 0.780069
1.161974 1.838026 0.838026 0.161974 1.085798 1.347466 0.907921 1.314441 1.774897 1.959591 1.839569 1.851684 0.588137 1.784445 0.602877 1.169828 1.045934 0.591971 1.407141 0.069543 0.042640 0.193021 0.482037 1.394798 0.923002 0.783544 1.338174 1.425662 1.475030 0.611078 0.000000 0.454905 1.806684 0.089743 1.805133 0.258962 1.588730 0.659797 0.045966 1.391147
1.616879 1.383121 0.383121 0.616879 1.540703 0.892561 0.453015 1.769346 1.319992 1.585503 1.705525 1.396778 1.043042 1.760650 1.057782 1.624733 1.500839 0.137066 1.862046 0.385362 0.412266 0.261885 0.936942 0.939892 1.377907 1.238449 0.883268 0.970757 1.020125 1.065983 0.454905 0.000000 1.351779 0.365162 1.350228 0.195943 1.133824 0.204892 0.408939 1.846052
1.031342 0.031342 0.968658 1.968658 1.107518 0.459218 0.898764 0.878875 0.031787 0.233724 0.353746 0.044999 1.605179 0.408871 1.590439 1.023488 1.147382 1.214713 0.786175 1.737141 1.764045 1.613664 1.711279 0.411887 1.270314 1.409772 0.468511 0.381022 0.331654 1.582238 1.806684 1.351779 0.000000 1.716941 0.001551 1.547722 0.217955 1.146887 1.760718 0.802169
1.251717 1.748283 0.748283 0.251717 1.175541 1.257723 0.818178 1.404184 1.685154 1.950665 1.929312 1.761940 0.677880 1.874188 0.692620 1.259571 1.135677 0.502228 1.496884 0.020200 0.047104 0.103277 0.571780 1.305054 1.012745 0.873287 1.248430 1.335919 1.385287 0.700821 0.089743 0.365162 1.716941 0.000000 1.715390 0.169219 1.498987 0.570054 0.043777 1.480890
1.032893 0.032893 0.967107 1.967107 1.109069 0.457667 0.897212 0.880426 0.030236 0.235276 0.355298 0.046551 1.606730 0.410422 1.591990 1.025039 1.148933 1.213162 0.787726 1.735590 1.762493 1.612112 1.712830 0.410335 1.271865 1.411323 0.466959 0.379471 0.330103 1.583789 1.805133 1.350228 0.001551 1.715390 0.000000 1.546171 0.216403 1.145336 1.759167 0.803720
1.420935 1.579065 0.579065 0.420935 1.344759 1.088504 0.648959 1.573402 1.515935 1.781447 1.901469 1.592722 0.847099 1.956594 0.861839 1.428790 1.304895 0.333009 1.666103 0.189419 0.216322 0.065941 0.740999 1.135836 1.181963 1.042506 1.079212 1.166700 1.216068 0.870040 0.258962 0.195943 1.547722 0.169219 1.546171 0.000000 1.329768 0.400835 0.212996 1.650109
1.249297 0.249297 0.750703 1.750703 1.325473 0.241264 0.680809 1.096830 0.186167 0.451679 0.571701 0.262954 1.823134 0.626826 1.808394 1.241443 1.365337 0.996759 1.004129 1.519187 1.546090 1.395709 1.929233 0.193932 1.488269 1.627727 0.250556 0.163068 0.113700 1.800193 1.588730 1.133824 0.217955 1.498987 0.216403 1.329768 0.000000 0.928933 1.542763 1.020123
1.821770 1.178230 0.178230 0.821770 1.745594 0.687669 0.248124 1.974237 1.115100 1.380612 1.500634 1.191887 1.247934 1.555759 1.262674 1.829625 1.705730 0.067826 1.933062 0.590254 0.617157 0.466776 1.141834 0.735001 1.582798 1.443341 0.678377 0.765865 0.815233 1.270875 0.659797 0.204892 1.146887 0.570054 1.145336 0.400835 0.928933 0.000000 0.613831 1.949056
1.207940 1.792060 0.792060 0.207940 1.131764 1.301500 0.861954 1.360407 1.728931 1.994442 1.885536 1.805717 0.634103 1.830411 0.648843 1.215794 1.091900 0.546005 1.453107 0.023577 0.003327 0.147054 0.528003 1.348831 0.968968 0.829510 1.292207 1.379696 1.429064 0.657044 0.045966 0.408939 1.760718 0.043777 1.759167 0.212996 1.542763 0.613831 0.000000 1.437113
0.229174 0.770826 1.770826 1.229174 0.305350 1.261387 1.700932 0.076707 0.833956 0.568444 0.448422 0.757169 0.803010 0.393298 0.788270 0.221319 0.345213 1.983118 0.015994 1.460690 1.433787 1.584168 0.909110 1.214055 0.468146 0.607603 1.270679 1.183191 1.133823 0.780069 1.391147 1.846052 0.802169 1.480890 0.803720 1.650109 1.020123 1.949056 1.437113 0.000000
