35
0.000000 1.000000 2.000000 1.000000 0.286953 0.762217 1.962347 0.646723 0.797654 0.878266 1.540101 0.434463 0.696098 1.467332 0.679169 1.986148 1.421643 0.906569 0.271061 1.665345 0.916004 1.349770 1.163431 0.359355 1.492187 0.837198 1.895930 1.141439 0.470366 1.896697 1.110980 1.348848 1.627073 0.247589 0.121108
1.000000 0.000000 1.000000 2.000000 1.286953 1.762217 1.037653 0.353277 1.797654 0.121734 0.540101 1.434463 0.303902 1.532668 0.320831 1.013852 0.421643 1.906569 1.271061 0.665345 0.083996 0.349770 0.163431 1.359355 1.507813 1.837198 1.104070 0.141439 0.529634 0.896697 1.889020 1.651152 1.372927 0.752411 0.878892
2.000000 1.000000 0.000000 1.000000 1.713047 1.237783 0.037653 1.353277 1.202346 1.121734 0.459899 1.565537 1.303902 0.532668 1.320831 0.013852 0.578357 1.093431 1.728939 0.334655 1.083996 0.650230 0.836569 1.640645 0.507813 1.162802 0.104070 0.858561 1.529634 0.103303 0.889020 0.651152 0.372927 1.752411 1.878892
1.000000 2.000000 1.000000 0.000000 0.713047 0.237783 0.962347 1.646723 0.202346 1.878266 1.459899 0.565537 1.696098 0.467332 1.679169 0.986148 1.578357 0.093431 0.728939 1.334655 1.916004 1.650230 1.836569 0.640645 0.492187 0.162802 0.895930 1.858561 1.470366 1.103303 0.110980 0.348848 0.627073 1.247589 1.121108
0.286953 1.286953 1.713047 0.713047 0.000000 0.475265 1.675394 0.933676 0.510701 1.165219 1.827054 0.147510 0.983051 1.180379 0.966122 1.699195 1.708596 0.619617 0.015892 1.952298 1.202957 1.636723 1.450384 0.072402 1.205234 0.550245 1.608977 1.428391 0.757319 1.816350 0.824027 1.061895 1.340120 0.534542 0.408060
0.762217 1.762217 1.237783 0.237783 0.475265 0.000000 1.200130 1.408941 0.035437 1.640483 1.697682 0.327755 1.458316 0.705115 1.441386 1.223931 1.816140 0.144352 0.491156 1.572437 1.678222 1.888013 1.925648 0.402862 0.729969 0.074980 1.133712 1.903656 1.232583 1.341085 0.348762 0.586631 0.864856 1.009807 0.883325
1.962347 1.037653 0.037653 0.962347 1.675394 1.200130 0.000000 1.390930 1.164693 1.159387 0.497552 1.527884 1.341555 0.495015 1.358484 0.023801 0.616010 1.055778 1.691286 0.372307 1.121649 0.687883 0.874222 1.602992 0.470161 1.125149 0.066418 0.896214 1.567287 0.140956 0.851367 0.613499 0.335274 1.790064 1.916545
0.646723 0.353277 1.353277 1.646723 0.933676 1.408941 1.390930 0.000000 1.444378 0.231543 0.893378 1.081186 0.049375 1.885945 0.032446 1.367129 0.774920 1.553293 0.917784 1.018622 0.269281 0.703046 0.516708 1.006079 1.861090 1.483921 1.457347 0.494715 0.176358 1.249974 1.757703 1.995572 1.726204 0.399134 0.525616
0.797654 1.797654 1.202346 0.202346 0.510701 0.035437 1.164693 1.444378 0.000000 1.675920 1.662245 0.363192 1.493753 0.669678 1.476823 1.188494 1.780703 0.108915 0.526593 1.537000 1.713659 1.852576 1.961085 0.438299 0.694532 0.039543 1.098275 1.939093 1.268020 1.305648 0.313325 0.551194 0.829419 1.045244 0.918762
0.878266 0.121734 1.121734 1.878266 1.165219 1.640483 1.159387 0.231543 1.675920 0.000000 0.661835 1.312729 0.182168 1.654402 0.199097 1.135586 0.543377 1.784835 1.149327 0.787080 0.037738 0.471504 0.285165 1.237621 1.629547 1.715464 1.225805 0.263173 0.407900 1.018431 1.989246 1.772886 1.494661 0.630677 0.757158
1.540101 0.540101 0.459899 1.459899 1.827054 1.697682 0.497552 0.893378 1.662245 0.661835 0.000000 1.974564 0.844002 0.992567 0.860932 0.473751 0.118458 1.553330 1.811162 0.125245 0.624097 0.190331 0.376670 1.899456 0.967713 1.622701 0.563970 0.398662 1.069735 0.356596 1.348919 1.111051 0.832826 1.292512 1.418993
0.434463 1.434463 1.565537 0.565537 0.147510 0.327755 1.527884 1.081186 0.363192 1.312729 1.974564 0.000000 1.130561 1.032870 1.113632 1.551685 1.856106 0.472107 0.163402 1.900192 1.350467 1.784232 1.597893 0.075107 1.057724 0.402735 1.461467 1.575901 0.904828 1.668840 0.676517 0.914386 1.192610 0.682052 0.555570
0.696098 0.303902 1.303902 1.696098 0.983051 1.458316 1.341555 0.049375 1.493753 0.182168 0.844002 1.130561 0.000000 1.836569 0.016929 1.317754 0.725544 1.602668 0.967159 0.969247 0.219906 0.653671 0.467332 1.055454 1.811715 1.533296 1.407972 0.445340 0.225733 1.200599 1.807078 1.955053 1.676829 0.448509 0.574991
1.467332 1.532668 0.532668 0.467332 1.180379 0.705115 0.495015 1.885945 0.669678 1.654402 0.992567 1.032870 1.836569 0.000000 1.853499 0.518816 1.111025 0.560763 1.196271 0.867322 1.616663 1.182898 1.369237 1.107977 0.024854 0.630134 0.428597 1.391229 1.937698 0.635971 0.356353 0.118484 0.159741 1.714922 1.588440
0.679169 0.320831 1.320831 1.679169 0.966122 1.441386 1.358484 0.032446 1.476823 0.199097 0.860932 1.113632 0.016929 1.853499 0.000000 1.334683 0.742474 1.585738 0.950230 0.986177 0.236835 0.670601 0.484262 1.038524 1.828645 1.516367 1.424902 0.462270 0.208803 1.217528 1.790149 1.971983 1.693758 0.431580 0.558061
1.986148 1.013852 0.013852 0.986148 1.699195 1.223931 0.023801 1.367129 1.188494 1.135586 0.473751 1.551685 1.317754 0.518816 1.334683 0.000000 0.592209 1.079579 1.715087 0.348507 1.097848 0.664082 0.850421 1.626793 0.493961 1.148950 0.090218 0.872413 1.543486 0.117155 0.875168 0.637300 0.359075 1.766263 1.892744
1.421643 0.421643 0.578357 1.578357 1.708596 1.816140 0.616010 0.774920 1.780703 0.543377 0.118458 1.856106 0.725544 1.111025 0.742474 0.592209 0.000000 1.671788 1.692704 0.243703 0.505638 0.071873 0.258212 1.780998 1.086171 1.741159 0.682428 0.280204 0.951277 0.475054 1.467378 1.229509 0.951284 1.174054 1.300535
0.906569 1.906569 1.093431 0.093431 0.619617 0.144352 1.055778 1.553293 0.108915 1.784835 1.553330 0.472107 1.602668 0.560763 1.585738 1.079579 1.671788 0.000000 0.635508 1.428085 1.822574 1.743661 1.930000 0.547214 0.585617 0.069372 0.989360 1.951992 1.376935 1.196733 0.204410 0.442279 0.720504 1.154159 1.027677
0.271061 1.271061 1.728939 0.728939 0.015892 0.491156 1.691286 0.917784 0.526593 1.149327 1.811162 0.163402 0.967159 1.196271 0.950230 1.715087 1.692704 0.635508 0.000000 1.936406 1.187065 1.620831 1.434492 0.088294 1.221126 0.566137 1.624869 1.412499 0.741427 1.832242 0.839919 1.077787 1.356012 0.518650 0.392169
1.665345 0.665345 0.334655 1.334655 1.952298 1.572437 0.372307 1.018622 1.537000 0.787080 0.125245 1.900192 0.969247 0.867322 0.986177 0.348507 0.243703 1.428085 1.936406 0.000000 0.749341 0.315576 0.501915 1.975299 0.842468 1.497457 0.438725 0.523907 1.194980 0.231352 1.223675 0.985806 0.707581 1.417756 1.544238
0.916004 0.083996 1.083996 1.916004 1.202957 1.678222 1.121649 0.269281 1.713659 0.037738 0.624097 1.350467 0.219906 1.616663 0.236835 1.097848 0.505638 1.822574 1.187065 0.749341 0.000000 0.433765 0.247426 1.275360 1.591809 1.753202 1.188066 0.225434 0.445639 0.980693 1.973016 1.735147 1.456923 0.668415 0.794897
1.349770 0.349770 0.650230 1.650230 1.636723 1.888013 0.687883 0.703046 1.852576 0.471504 0.190331 1.784232 0.653671 1.182898 0.670601 0.664082 0.071873 1.743661 1.620831 0.315576 0.433765 0.000000 0.186339 1.709125 1.158044 1.813032 0.754301 0.208331 0.879404 0.546927 1.539251 1.301382 1.023157 1.102180 1.228662
1.163431 0.163431 0.836569 1.836569 1.450384 1.925648 0.874222 0.516708 1.961085 0.285165 0.376670 1.597893 0.467332 1.369237 0.484262 0.850421 0.258212 1.930000 1.434492 0.501915 0.247426 0.186339 0.000000 1.522786 1.344383 1.999371 0.940640 0.021992 0.693065 0.733266 1.725590 1.487721 1.209496 0.915841 1.042323
0.359355 1.359355 1.640645 0.640645 0.072402 0.402862 1.602992 1.006079 0.438299 1.237621 1.899456 0.075107 1.055454 1.107977 1.038524 1.626793 1.780998 0.547214 0.088294 1.975299 1.275360 1.709125 1.522786 0.000000 1.132831 0.477843 1.536574 1.500794 0.829721 1.743948 0.751624 0.989493 1.267718 0.606945 0.480463
1.492187 1.507813 0.507813 0.492187 1.205234 0.729969 0.470161 1.861090 0.694532 1.629547 0.967713 1.057724 1.811715 0.024854 1.828645 0.493961 1.086171 0.585617 1.221126 0.842468 1.591809 1.158044 1.344383 1.132831 0.000000 0.654989 0.403743 1.366375 1.962552 0.611116 0.381207 0.143338 0.134887 1.739776 1.613294
0.837198 1.837198 1.162802 0.162802 0.550245 0.074980 1.125149 1.483921 0.039543 1.715464 1.622701 0.402735 1.533296 0.630134 1.516367 1.148950 1.741159 0.069372 0.566137 1.497457 1.753202 1.813032 1.999371 0.477843 0.654989 0.000000 1.058732 1.978636 1.307564 1.266105 0.273782 0.511651 0.789875 1.084787 0.958305
1.895930 1.104070 0.104070 0.895930 1.608977 1.133712 0.066418 1.457347 1.098275 1.225805 0.563970 1.461467 1.407972 0.428597 1.424902 0.090218 0.682428 0.989360 1.624869 0.438725 1.188066 0.754301 0.940640 1.536574 0.403743 1.058732 0.000000 0.962632 1.633705 0.207373 0.784950 0.547081 0.268856 1.856481 1.982963
1.141439 0.141439 0.858561 1.858561 1.428391 1.903656 0.896214 0.494715 1.939093 0.263173 0.398662 1.575901 0.445340 1.391229 0.462270 0.872413 0.280204 1.951992 1.412499 0.523907 0.225434 0.208331 0.021992 1.500794 1.366375 1.978636 0.962632 0.000000 0.671073 0.755259 1.747582 1.509713 1.231488 0.893849 1.020331
0.470366 0.529634 1.529634 1.470366 0.757319 1.232583 1.567287 0.176358 1.268020 0.407900 1.069735 0.904828 0.225733 1.937698 0.208803 1.543486 0.951277 1.376935 0.741427 1.194980 0.445639 0.879404 0.693065 0.829721 1.962552 1.307564 1.633705 0.671073 0.000000 1.426331 1.581345 1.819214 1.902561 0.222776 0.349258
1.896697 0.896697 0.103303 1.103303 1.816350 1.341085 0.140956 1.249974 1.305648 1.018431 0.356596 1.668840 1.200599 0.635971 1.217528 0.117155 0.475054 1.196733 1.832242 0.231352 0.980693 0.546927 0.733266 1.743948 0.611116 1.266105 0.207373 0.755259 1.426331 0.000000 0.992323 0.754455 0.476230 1.649108 1.775590
1.110980 1.889020 0.889020 0.110980 0.824027 0.348762 0.851367 1.757703 0.313325 1.989246 1.348919 0.676517 1.807078 0.356353 1.790149 0.875168 1.467378 0.204410 0.839919 1.223675 1.973016 1.539251 1.725590 0.751624 0.381207 0.273782 0.784950 1.747582 1.581345 0.992323 0.000000 0.237869 0.516093 1.358569 1.232087
1.348848 1.651152 0.651152 0.348848 1.061895 0.586631 0.613499 1.995572 0.551194 1.772886 1.111051 0.914386 1.955053 0.118484 1.971983 0.637300 1.229509 0.442279 1.077787 0.985806 1.735147 1.301382 1.487721 0.989493 0.143338 0.511651 0.547081 1.509713 1.819214 0.754455 0.237869 0.000000 0.278225 1.596438 1.469956
1.627073 1.372927 0.372927 0.627073 1.340120 0.864856 0.335274 1.726204 0.829419 1.494661 0.832826 1.192610 1.676829 0.159741 1.693758 0.359075 0.951284 0.720504 1.356012 0.707581 1.456923 1.023157 1.209496 1.267718 0.134887 0.789875 0.268856 1.231488 1.902561 0.476230 0.516093 0.278225 0.000000 1.874662 1.748181
0.247589 0.752411 1.752411 1.247589 0.534542 1.009807 1.790064 0.399134 1.045244 0.630677 1.292512 0.682052 0.448509 1.714922 0.431580 1.766263 1.174054 1.154159 0.518650 1.417756 0.668415 1.102180 0.915841 0.606945 1.739776 1.084787 1.856481 0.893849 0.222776 1.649108 1.358569 1.596438 1.874662 0.000000 0.126482
0.121108 0.878892 1.878892 1.121108 0.408060 0.883325 1.916545 0.525616 0.918762 0.757158 1.418993 0.555570 0.574991 1.588440 0.558061 1.892744 1.300535 1.027677 0.392169 1.544238 0.794897 1.228662 1.042323 0.480463 1.613294 0.958305 1.982963 1.020331 0.349258 1.775590 1.232087 1.469956 1.748181 0.126482 0.000000
