45
0.000000 1.000000 2.000000 1.000000 1.853401 0.689164 1.047482 1.685793 0.736739 1.496018 0.041651 1.588707 0.729205 0.905019 1.555757 1.580507 1.410425 1.700866 1.978470 0.562125 0.330507 0.150207 0.810724 1.561348 1.120712 0.907588 1.734889 1.988525 1.256426 1.014521 0.688330 1.425417 0.076990 1.883699 0.017156 1.173258 1.337337 1.748664 0.690153 1.502481 0.333533 0.957520 0.461403 0.774901 0.559960
1.000000 0.000000 1.000000 2.000000 1.146599 0.310836 1.952518 1.314207 0.263261 0.496018 0.958349 0.588707 0.270795 1.905019 1.444243 1.419493 0.410425 0.700866 0.978470 1.562125 0.669493 1.150207 1.810724 1.438652 0.120712 1.907588 1.265111 1.011475 0.256426 0.014521 1.688330 1.574583 0.923010 1.116301 1.017156 1.826742 0.337337 1.251336 0.309847 1.497519 0.666467 0.042480 1.461403 1.774901 0.440040
2.000000 1.000000 0.000000 1.000000 0.146599 1.310836 0.952518 0.314207 1.263261 0.503982 1.958349 0.411293 1.270795 1.094981 0.444243 0.419493 0.589575 0.299134 0.021530 1.437875 1.669493 1.849793 1.189276 0.438652 0.879288 1.092412 0.265111 0.011475 0.743574 0.985479 1.311670 0.574583 1.923010 0.116301 1.982844 0.826742 0.662663 0.251336 1.309847 0.497519 1.666467 1.042480 1.538597 1.225099 1.440040
1.000000 2.000000 1.000000 0.000000 0.853401 1.689164 0.047482 0.685793 1.736739 1.503982 1.041651 1.411293 1.729205 0.094981 0.555757 0.580507 1.589575 1.299134 1.021530 0.437875 1.330507 0.849793 0.189276 0.561348 1.879288 0.092412 0.734889 0.988525 1.743574 1.985479 0.311670 0.425417 1.076990 0.883699 0.982844 0.173258 1.662663 0.748664 1.690153 0.502481 1.333533 1.957520 0.538597 0.225099 1.559960
1.853401 1.146599 0.146599 0.853401 0.000000 1.457434 0.805919 0.167608 1.409859 0.650581 1.895053 0.557892 1.417394 0.948382 0.297644 0.272894 0.736174 0.445733 0.168129 1.291276 1.816091 1.703195 1.042677 0.292054 1.025887 0.945813 0.118513 0.135124 0.890172 1.132078 1.165072 0.427984 1.930391 0.030298 1.836245 0.680144 0.809262 0.104737 1.456446 0.350920 1.813066 1.189079 1.391998 1.078500 1.586638
0.689164 0.310836 1.310836 1.689164 1.457434 0.000000 1.736646 1.625042 0.047575 0.806854 0.647513 0.899542 0.040041 1.594184 1.755078 1.730328 0.721261 1.011701 1.289305 1.251290 0.358657 0.839371 1.499888 1.749488 0.431548 1.596753 1.575947 1.322310 0.567262 0.325357 1.377494 1.885418 0.612174 1.427137 0.706320 1.862422 0.648173 1.562172 0.000988 1.808355 0.355632 0.268356 1.150568 1.464065 0.129204
1.047482 1.952518 0.952518 0.047482 0.805919 1.736646 0.000000 0.638311 1.784221 1.456500 1.089133 1.363812 1.776687 0.142462 0.508275 0.533025 1.542093 1.251653 0.974048 0.485357 1.377989 0.897275 0.236758 0.513866 1.831806 0.139893 0.687407 0.941043 1.696092 1.937997 0.359152 0.377935 1.124472 0.836217 1.030326 0.125776 1.615181 0.701182 1.737635 0.454999 1.381015 1.994998 0.586079 0.272581 1.607442
1.685793 1.314207 0.314207 0.685793 0.167608 1.625042 0.638311 0.000000 1.577468 0.818189 1.727445 0.725500 1.585002 0.780774 0.130036 0.105286 0.903782 0.613341 0.335737 1.123668 1.983700 1.535587 0.875069 0.124446 1.193495 0.778205 0.049095 0.302732 1.057780 1.299686 0.997463 0.260376 1.762783 0.197906 1.668637 0.512536 0.976870 0.062871 1.624054 0.183312 1.980674 1.356687 1.224390 0.910892 1.754247
0.736739 0.263261 1.263261 1.736739 1.409859 0.047575 1.784221 1.577468 0.000000 0.759279 0.695088 0.851967 0.007534 1.641759 1.707504 1.682754 0.673686 0.964126 1.241731 1.298864 0.406232 0.886946 1.547463 1.701913 0.383973 1.644328 1.528372 1.274736 0.519687 0.277782 1.425069 1.837844 0.659749 1.379562 0.753895 1.909997 0.600598 1.514597 0.046586 1.760780 0.403206 0.220781 1.198142 1.511640 0.176779
1.496018 0.496018 0.503982 1.503982 0.650581 0.806854 1.456500 0.818189 0.759279 0.000000 1.454367 0.092689 0.766813 1.598963 0.948225 0.923475 0.085593 0.204848 0.482452 1.941857 1.165511 1.646224 1.693258 0.942635 0.375306 1.596394 0.769093 0.515457 0.239592 0.481497 1.815652 1.078565 1.419028 0.620283 1.513174 1.330724 0.158681 0.755318 0.805865 1.001501 1.162485 0.538498 1.957421 1.729081 0.936058
0.041651 0.958349 1.958349 1.041651 1.895053 0.647513 1.089133 1.727445 0.695088 1.454367 0.000000 1.547055 0.687553 0.946671 1.597409 1.622159 1.368774 1.659214 1.936818 0.603777 0.288856 0.191858 0.852375 1.602999 1.079061 0.949240 1.776540 1.969823 1.214775 0.972869 0.729981 1.467069 0.035338 1.925350 0.058807 1.214909 1.295686 1.790315 0.648501 1.544132 0.291881 0.915869 0.503055 0.816552 0.518309
1.588707 0.588707 0.411293 1.411293 0.557892 0.899542 1.363812 0.725500 0.851967 0.092689 1.547055 0.000000 0.859502 1.506274 0.855536 0.830786 0.178281 0.112159 0.389763 1.849168 1.258199 1.738913 1.600569 0.849946 0.467994 1.503705 0.676405 0.422768 0.332280 0.574186 1.722964 0.985876 1.511717 0.527595 1.605863 1.238036 0.251370 0.662630 0.898554 0.908813 1.255174 0.631187 1.949890 1.636393 1.028746
0.729205 0.270795 1.270795 1.729205 1.417394 0.040041 1.776687 1.585002 0.007534 0.766813 0.687553 0.859502 0.000000 1.634224 1.715038 1.690288 0.681220 0.971661 1.249265 1.291330 0.398698 0.879411 1.539929 1.709448 0.391507 1.636793 1.535907 1.282270 0.527221 0.285316 1.417535 1.845378 0.652215 1.387096 0.746361 1.902462 0.608132 1.522131 0.039052 1.768314 0.395672 0.228315 1.190608 1.504106 0.169245
0.905019 1.905019 1.094981 0.094981 0.948382 1.594184 0.142462 0.780774 1.641759 1.598963 0.946671 1.506274 1.634224 0.000000 0.650738 0.675488 1.684556 1.394115 1.116511 0.342894 1.235527 0.754813 0.094295 0.656328 1.974269 0.002569 0.829869 1.083506 1.838554 1.919540 0.216690 0.520398 0.982009 0.978679 0.887863 0.268238 1.757644 0.843645 1.595172 0.597461 1.238552 1.862539 0.443616 0.130118 1.464980
1.555757 1.444243 0.444243 0.555757 0.297644 1.755078 0.508275 0.130036 1.707504 0.948225 1.597409 0.855536 1.715038 0.650738 0.000000 0.024750 1.033818 0.743377 0.465773 0.993632 1.886264 1.405551 0.745033 0.005590 1.323531 0.648169 0.179131 0.432768 1.187816 1.429722 0.867428 0.130340 1.632747 0.327942 1.538601 0.382500 1.106906 0.192907 1.754090 0.053276 1.889290 1.486723 1.094354 0.780856 1.884283
1.580507 1.419493 0.419493 0.580507 0.272894 1.730328 0.533025 0.105286 1.682754 0.923475 1.622159 0.830786 1.690288 0.675488 0.024750 0.000000 1.009068 0.718627 0.441023 1.018382 1.911014 1.430301 0.769783 0.019160 1.298781 0.672919 0.154381 0.408018 1.163067 1.404972 0.892177 0.155090 1.657497 0.303192 1.563351 0.407250 1.082156 0.168157 1.729340 0.078026 1.914040 1.461973 1.119104 0.805606 1.859533
1.410425 0.410425 0.589575 1.589575 0.736174 0.721261 1.542093 0.903782 0.673686 0.085593 1.368774 0.178281 0.681220 1.684556 1.033818 1.009068 0.000000 0.290441 0.568045 1.972550 1.079918 1.560632 1.778851 1.028227 0.289713 1.681986 0.854686 0.601050 0.153999 0.395904 1.901245 1.164158 1.333435 0.705876 1.427581 1.416317 0.073088 0.840911 0.720272 1.087094 1.076892 0.452905 1.871828 1.814674 0.850465
1.700866 0.700866 0.299134 1.299134 0.445733 1.011701 1.251653 0.613341 0.964126 0.204848 1.659214 0.112159 0.971661 1.394115 0.743377 0.718627 0.290441 0.000000 0.277604 1.737009 1.370358 1.851072 1.488410 0.737787 0.580154 1.391546 0.564246 0.310609 0.444439 0.686345 1.610805 0.873717 1.623876 0.415436 1.718022 1.125877 0.363529 0.550470 1.010713 0.796653 1.367333 0.743346 1.837731 1.524233 1.140905
1.978470 0.978470 0.021530 1.021530 0.168129 1.289305 0.974048 0.335737 1.241731 0.482452 1.936818 0.389763 1.249265 1.116511 0.465773 0.441023 0.568045 0.277604 0.000000 1.459405 1.647963 1.871324 1.210806 0.460183 0.857758 1.113942 0.286642 0.033005 0.722043 0.963949 1.333201 0.596113 1.901480 0.137831 1.995626 0.848273 0.641133 0.272866 1.288317 0.519049 1.644937 1.020950 1.560127 1.246629 1.418510
0.562125 1.562125 1.437875 0.437875 1.291276 1.251290 0.485357 1.123668 1.298864 1.941857 0.603777 1.849168 1.291330 0.342894 0.993632 1.018382 1.972550 1.737009 1.459405 0.000000 0.892632 0.411919 0.248599 0.999222 1.682837 0.345463 1.172763 1.426400 1.818552 1.576646 0.126204 0.863292 0.639115 1.321574 0.544969 0.611132 1.899462 1.186539 1.252278 0.940356 0.895658 1.519645 0.100722 0.212776 1.122085
0.330507 0.669493 1.669493 1.330507 1.816091 0.358657 1.377989 1.983700 0.406232 1.165511 0.288856 1.258199 0.398698 1.235527 1.886264 1.911014 1.079918 1.370358 1.647963 0.892632 0.000000 0.480714 1.141231 1.891855 0.790205 1.238096 1.934604 1.680968 0.925919 0.684014 1.018837 1.755924 0.253517 1.785794 0.347663 1.503765 1.006830 1.920829 0.359646 1.832988 0.003026 0.627013 0.791910 1.105408 0.229453
0.150207 1.150207 1.849793 0.849793 1.703195 0.839371 0.897275 1.535587 0.886946 1.646224 0.191858 1.738913 0.879411 0.754813 1.405551 1.430301 1.560632 1.851072 1.871324 0.411919 0.480714 0.000000 0.660517 1.411141 1.270919 0.757382 1.584682 1.838319 1.406633 1.164727 0.538123 1.275211 0.227196 1.733492 0.133051 1.023051 1.487544 1.598457 0.840359 1.352274 0.483739 1.107727 0.311197 0.624694 0.710167
0.810724 1.810724 1.189276 0.189276 1.042677 1.499888 0.236758 0.875069 1.547463 1.693258 0.852375 1.600569 1.539929 0.094295 0.745033 0.769783 1.778851 1.488410 1.210806 0.248599 1.141231 0.660517 0.000000 0.750624 1.931436 0.096864 0.924165 1.177801 1.932850 1.825245 0.122394 0.614693 0.887714 1.072975 0.793568 0.362534 1.851939 0.937940 1.500877 0.691757 1.144257 1.768244 0.349321 0.035823 1.370684
1.561348 1.438652 0.438652 0.561348 0.292054 1.749488 0.513866 0.124446 1.701913 0.942635 1.602999 0.849946 1.709448 0.656328 0.005590 0.019160 1.028227 0.737787 0.460183 0.999222 1.891855 1.411141 0.750624 0.000000 1.317940 0.653759 0.173541 0.427178 1.182226 1.424132 0.873018 0.135930 1.638337 0.322351 1.544192 0.388090 1.101316 0.187316 1.748500 0.058867 1.894880 1.481133 1.099944 0.786447 1.878692
1.120712 0.120712 0.879288 1.879288 1.025887 0.431548 1.831806 1.193495 0.383973 0.375306 1.079061 0.467994 0.391507 1.974269 1.323531 1.298781 0.289713 0.580154 0.857758 1.682837 0.790205 1.270919 1.931436 1.317940 0.000000 1.971699 1.144399 0.890763 0.135714 0.106191 1.809042 1.453871 1.043722 0.995589 1.137868 1.706030 0.216625 1.130624 0.430559 1.376807 0.787179 0.163192 1.582115 1.895613 0.560752
0.907588 1.907588 1.092412 0.092412 0.945813 1.596753 0.139893 0.778205 1.644328 1.596394 0.949240 1.503705 1.636793 0.002569 0.648169 0.672919 1.681986 1.391546 1.113942 0.345463 1.238096 0.757382 0.096864 0.653759 1.971699 0.000000 0.827300 1.080937 1.835985 1.922109 0.219259 0.517829 0.984578 0.976110 0.890432 0.265669 1.755075 0.841075 1.597741 0.594892 1.241121 1.865108 0.446185 0.132688 1.467549
1.734889 1.265111 0.265111 0.734889 0.118513 1.575947 0.687407 0.049095 1.528372 0.769093 1.776540 0.676405 1.535907 0.829869 0.179131 0.154381 0.854686 0.564246 0.286642 1.172763 1.934604 1.584682 0.924165 0.173541 1.144399 0.827300 0.000000 0.253637 1.008685 1.250591 1.046559 0.309471 1.811878 0.148810 1.717733 0.561631 0.927774 0.013775 1.574959 0.232408 1.931579 1.307591 1.273485 0.959988 1.705151
1.988525 1.011475 0.011475 0.988525 0.135124 1.322310 0.941043 0.302732 1.274736 0.515457 1.969823 0.422768 1.282270 1.083506 0.432768 0.408018 0.601050 0.310609 0.033005 1.426400 1.680968 1.838319 1.177801 0.427178 0.890763 1.080937 0.253637 0.000000 0.755048 0.996954 1.300196 0.563108 1.934485 0.104826 1.971369 0.815268 0.674138 0.239861 1.321322 0.486044 1.677942 1.053955 1.527122 1.213624 1.451515
1.256426 0.256426 0.743574 1.743574 0.890172 0.567262 1.696092 1.057780 0.519687 0.239592 1.214775 0.332280 0.527221 1.838554 1.187816 1.163067 0.153999 0.444439 0.722043 1.818552 0.925919 1.406633 1.932850 1.182226 0.135714 1.835985 1.008685 0.755048 0.000000 0.241905 1.944756 1.318156 1.179436 0.859875 1.273582 1.570316 0.080911 0.994910 0.566274 1.241093 0.922894 0.298906 1.717830 1.968673 0.696466
1.014521 0.014521 0.985479 1.985479 1.132078 0.325357 1.937997 1.299686 0.277782 0.481497 0.972869 0.574186 0.285316 1.919540 1.429722 1.404972 0.395904 0.686345 0.963949 1.576646 0.684014 1.164727 1.825245 1.424132 0.106191 1.922109 1.250591 0.996954 0.241905 0.000000 1.702851 1.560062 0.937531 1.101780 1.031677 1.812222 0.322816 1.236815 0.324368 1.482998 0.680988 0.057001 1.475924 1.789422 0.454561
0.688330 1.688330 1.311670 0.311670 1.165072 1.377494 0.359152 0.997463 1.425069 1.815652 0.729981 1.722964 1.417535 0.216690 0.867428 0.892177 1.901245 1.610805 1.333201 0.126204 1.018837 0.538123 0.122394 0.873018 1.809042 0.219259 1.046559 1.300196 1.944756 1.702851 0.000000 0.737088 0.765320 1.195369 0.671174 0.484928 1.974333 1.060334 1.378483 0.814151 1.021862 1.645850 0.226926 0.086571 1.248290
1.425417 1.574583 0.574583 0.425417 0.427984 1.885418 0.377935 0.260376 1.837844 1.078565 1.467069 0.985876 1.845378 0.520398 0.130340 0.155090 1.164158 0.873717 0.596113 0.863292 1.755924 1.275211 0.614693 0.135930 1.453871 0.517829 0.309471 0.563108 1.318156 1.560062 0.737088 0.000000 1.502407 0.458282 1.408261 0.252160 1.237246 0.323247 1.884430 0.077064 1.758950 1.617063 0.964014 0.650516 1.985377
0.076990 0.923010 1.923010 1.076990 1.930391 0.612174 1.124472 1.762783 0.659749 1.419028 0.035338 1.511717 0.652215 0.982009 1.632747 1.657497 1.333435 1.623876 1.901480 0.639115 0.253517 0.227196 0.887714 1.638337 1.043722 0.984578 1.811878 1.934485 1.179436 0.937531 0.765320 1.502407 0.000000 1.960689 0.094146 1.250248 1.260347 1.825654 0.613163 1.579471 0.256543 0.880530 0.538393 0.851891 0.482970
1.883699 1.116301 0.116301 0.883699 0.030298 1.427137 0.836217 0.197906 1.379562 0.620283 1.925350 0.527595 1.387096 0.978679 0.327942 0.303192 0.705876 0.415436 0.137831 1.321574 1.785794 1.733492 1.072975 0.322351 0.995589 0.976110 0.148810 0.104826 0.859875 1.101780 1.195369 0.458282 1.960689 0.000000 1.866543 0.710441 0.778964 0.135035 1.426148 0.381218 1.782768 1.158781 1.422296 1.108798 1.556341
0.017156 1.017156 1.982844 0.982844 1.836245 0.706320 1.030326 1.668637 0.753895 1.513174 0.058807 1.605863 0.746361 0.887863 1.538601 1.563351 1.427581 1.718022 1.995626 0.544969 0.347663 0.133051 0.793568 1.544192 1.137868 0.890432 1.717733 1.971369 1.273582 1.031677 0.671174 1.408261 0.094146 1.866543 0.000000 1.156102 1.354493 1.731508 0.707309 1.485325 0.350689 0.974676 0.444247 0.757745 0.577116
1.173258 1.826742 0.826742 0.173258 0.680144 1.862422 0.125776 0.512536 1.909997 1.330724 1.214909 1.238036 1.902462 0.268238 0.382500 0.407250 1.416317 1.125877 0.848273 0.611132 1.503765 1.023051 0.362534 0.388090 1.706030 0.265669 0.561631 0.815268 1.570316 1.812222 0.484928 0.252160 1.250248 0.710441 1.156102 0.000000 1.489405 0.575406 1.863410 0.329223 1.506790 1.869222 0.711854 0.398357 1.733218
1.337337 0.337337 0.662663 1.662663 0.809262 0.648173 1.615181 0.976870 0.600598 0.158681 1.295686 0.251370 0.608132 1.757644 1.106906 1.082156 0.073088 0.363529 0.641133 1.899462 1.006830 1.487544 1.851939 1.101316 0.216625 1.755075 0.927774 0.674138 0.080911 0.322816 1.974333 1.237246 1.260347 0.778964 1.354493 1.489405 0.000000 0.913999 0.647184 1.160182 1.003804 0.379817 1.798740 1.887762 0.777377
1.748664 1.251336 0.251336 0.748664 0.104737 1.562172 0.701182 0.062871 1.514597 0.755318 1.790315 0.662630 1.522131 0.843645 0.192907 0.168157 0.840911 0.550470 0.272866 1.186539 1.920829 1.598457 0.937940 0.187316 1.130624 0.841075 0.013775 0.239861 0.994910 1.236815 1.060334 0.323247 1.825654 0.135035 1.731508 0.575406 0.913999 0.000000 1.561183 0.246183 1.917803 1.293816 1.287261 0.973763 1.691376
0.690153 0.309847 1.309847 1.690153 1.456446 0.000988 1.737635 1.624054 0.046586 0.805865 0.648501 0.898554 0.039052 1.595172 1.754090 1.729340 0.720272 1.010713 1.288317 1.252278 0.359646 0.840359 1.500877 1.748500 0.430559 1.597741 1.574959 1.321322 0.566274 0.324368 1.378483 1.884430 0.613163 1.426148 0.707309 1.863410 0.647184 1.561183 0.000000 1.807366 0.356620 0.267367 1.151556 1.465054 0.130193
1.502481 1.497519 0.497519 0.502481 0.350920 1.808355 0.454999 0.183312 1.760780 1.001501 1.544132 0.908813 1.768314 0.597461 0.053276 0.078026 1.087094 0.796653 0.519049 0.940356 1.832988 1.352274 0.691757 0.058867 1.376807 0.594892 0.232408 0.486044 1.241093 1.482998 0.814151 0.077064 1.579471 0.381218 1.485325 0.329223 1.160182 0.246183 1.807366 0.000000 1.836014 1.539999 1.041078 0.727580 1.937559
0.333533 0.666467 1.666467 1.333533 1.813066 0.355632 1.381015 1.980674 0.403206 1.162485 0.291881 1.255174 0.395672 1.238552 1.889290 1.914040 1.076892 1.367333 1.644937 0.895658 0.003026 0.483739 1.144257 1.894880 0.787179 1.241121 1.931579 1.677942 0.922894 0.680988 1.021862 1.758950 0.256543 1.782768 0.350689 1.506790 1.003804 1.917803 0.356620 1.836014 0.000000 0.623987 0.794936 1.108434 0.226427
0.957520 0.042480 1.042480 1.957520 1.189079 0.268356 1.994998 1.356687 0.220781 0.538498 0.915869 0.631187 0.228315 1.862539 1.486723 1.461973 0.452905 0.743346 1.020950 1.519645 0.627013 1.107727 1.768244 1.481133 0.163192 1.865108 1.307591 1.053955 0.298906 0.057001 1.645850 1.617063 0.880530 1.158781 0.974676 1.869222 0.379817 1.293816 0.267367 1.539999 0.623987 0.000000 1.418923 1.732421 0.397560
0.461403 1.461403 1.538597 0.538597 1.391998 1.150568 0.586079 1.224390 1.198142 1.957421 0.503055 1.949890 1.190608 0.443616 1.094354 1.119104 1.871828 1.837731 1.560127 0.100722 0.791910 0.311197 0.349321 1.099944 1.582115 0.446185 1.273485 1.527122 1.717830 1.475924 0.226926 0.964014 0.538393 1.422296 0.444247 0.711854 1.798740 1.287261 1.151556 1.041078 0.794936 1.418923 0.000000 0.313498 1.021363
0.774901 1.774901 1.225099 0.225099 1.078500 1.464065 0.272581 0.910892 1.511640 1.729081 0.816552 1.636393 1.504106 0.130118 0.780856 0.805606 1.814674 1.524233 1.246629 0.212776 1.105408 0.624694 0.035823 0.786447 1.895613 0.132688 0.959988 1.213624 1.968673 1.789422 0.086571 0.650516 0.851891 1.108798 0.757745 0.398357 1.887762 0.973763 1.465054 0.727580 1.108434 1.732421 0.313498 0.000000 1.334861
0.559960 0.440040 1.440040 1.559960 1.586638 0.129204 1.607442 1.754247 0.176779 0.936058 0.518309 1.028746 0.169245 1.464980 1.884283 1.859533 0.850465 1.140905 1.418510 1.122085 0.229453 0.710167 1.370684 1.878692 0.560752 1.467549 1.705151 1.451515 0.696466 0.454561 1.248290 1.985377 0.482970 1.556341 0.577116 1.733218 0.777377 1.691376 0.130193 1.937559 0.226427 0.397560 1.021363 1.334861 0.000000
