40
0.000000 1.000000 2.000000 1.000000 1.815173 1.317214 1.310335 0.142591 1.564643 0.828975 1.612429 1.002110 1.924706 0.564119 1.949275 1.022393 1.211142 1.489148 0.653433 0.272161 1.449900 1.910189 0.663866 1.131897 1.536501 0.980016 0.009842 1.955997 0.761210 1.375576 1.490112 1.442833 0.419213 1.925518 1.806132 0.161268 0.925602 0.068476 1.323631 1.736958
1.000000 0.000000 1.000000 2.000000 1.184827 0.317214 1.689665 1.142591 0.564643 1.828975 1.387571 1.997890 0.924706 0.435881 1.050725 1.977607 1.788858 1.510852 0.346567 1.272161 1.550100 0.910189 0.336134 0.131897 1.463499 1.980016 1.009842 0.955997 0.238790 0.375576 1.509888 1.557167 1.419213 1.074482 0.806132 0.838732 1.925602 0.931524 0.323631 0.736958
2.000000 1.000000 0.000000 1.000000 0.184827 0.682786 0.689665 1.857409 0.435357 1.171025 0.387571 0.997890 0.075294 1.435881 0.050725 0.977607 0.788858 0.510852 1.346567 1.727839 0.550100 0.089811 1.336134 0.868103 0.463499 1.019984 1.990158 0.044003 1.238790 0.624424 0.509888 0.557167 1.580787 0.074482 0.193868 1.838732 1.074398 1.931524 0.676369 0.263042
1.000000 2.000000 1.000000 0.000000 0.815173 1.682786 0.310335 0.857409 1.435357 0.171025 0.612429 0.002110 1.075294 1.564119 0.949275 0.022393 0.211142 0.489148 1.653433 0.727839 0.449900 1.089811 1.663866 1.868103 0.536501 0.019984 0.990158 1.044003 1.761210 1.624424 0.490112 0.442833 0.580787 0.925518 1.193868 1.161268 0.074398 1.068476 1.676369 1.263042
1.815173 1.184827 0.184827 0.815173 0.000000 0.867613 0.504839 1.672582 0.620184 0.986198 0.202744 0.813063 0.260121 1.620708 0.134101 0.792780 0.604032 0.326025 1.531394 1.543012 0.365273 0.274638 1.520961 1.052930 0.278672 0.835157 1.805331 0.228830 1.423617 0.809250 0.325061 0.372340 1.395960 0.110345 0.378695 1.976441 0.889571 1.883649 0.861196 0.447869
1.317214 0.317214 0.682786 1.682786 0.867613 0.000000 1.372451 1.459805 0.247429 1.853811 1.070357 1.680676 0.607492 0.753095 0.733511 1.660392 1.471644 1.193638 0.663781 1.589375 1.232886 0.592975 0.653348 0.185317 1.146285 1.702770 1.327056 0.638783 0.556004 0.058362 1.192674 1.239953 1.736428 0.757268 0.488918 1.155946 1.757184 1.248738 0.006417 0.419743
1.310335 1.689665 0.689665 0.310335 0.504839 1.372451 0.000000 1.167743 1.125022 0.481360 0.302094 0.308225 0.764959 1.874453 0.638940 0.287941 0.099193 0.178814 1.963768 1.038173 0.139566 0.779476 1.974201 1.557768 0.226166 0.330318 1.300492 0.733669 1.928455 1.314089 0.179777 0.132498 0.891121 0.615184 0.883534 1.471602 0.384733 1.378810 1.366035 0.952708
0.142591 1.142591 1.857409 0.857409 1.672582 1.459805 1.167743 0.000000 1.707234 0.686384 1.469838 0.859519 1.932703 0.706710 1.806684 0.879802 1.068551 1.346557 0.796024 0.129570 1.307309 1.947220 0.806457 1.274488 1.393910 0.837425 0.132749 1.901412 0.903801 1.518167 1.347521 1.300242 0.276622 1.782927 1.948723 0.303859 0.783011 0.211067 1.466222 1.879549
1.564643 0.564643 0.435357 1.435357 0.620184 0.247429 1.125022 1.707234 0.000000 1.606382 0.822928 1.433247 0.360063 1.000524 0.486082 1.412963 1.224215 0.946209 0.911210 1.836805 0.985457 0.345546 0.900777 0.432746 0.898856 1.455341 1.574485 0.391354 0.803433 0.189067 0.945245 0.992524 1.983857 0.509839 0.241488 1.403375 1.509755 1.496168 0.241013 0.172314
0.828975 1.828975 1.171025 0.171025 0.986198 1.853811 0.481360 0.686384 1.606382 0.000000 0.783454 0.173135 1.246319 1.393094 1.120300 0.193419 0.382167 0.660173 1.482408 0.556813 0.620925 1.260836 1.492841 1.960872 0.707526 0.151041 0.819133 1.215028 1.590185 1.795449 0.661137 0.613858 0.409761 1.096543 1.364894 0.990243 0.096627 0.897450 1.847394 1.434068
1.612429 1.387571 0.387571 0.612429 0.202744 1.070357 0.302094 1.469838 0.822928 0.783454 0.000000 0.610319 0.462865 1.823452 0.336846 0.590036 0.401287 0.123281 1.734138 1.340268 0.162529 0.477382 1.723705 1.255674 0.075928 0.632413 1.602587 0.431574 1.626361 1.011995 0.122317 0.169596 1.193215 0.313089 0.581439 1.773697 0.686827 1.680905 1.063940 0.650613
1.002110 1.997890 0.997890 0.002110 0.813063 1.680676 0.308225 0.859519 1.433247 0.173135 0.610319 0.000000 1.073184 1.566229 0.947165 0.020284 0.209032 0.487038 1.655543 0.729948 0.447790 1.087701 1.665976 1.865993 0.534391 0.022093 0.992267 1.041893 1.763320 1.622314 0.488002 0.440723 0.582896 0.923408 1.191759 1.163378 0.076508 1.070585 1.674260 1.260933
1.924706 0.924706 0.075294 1.075294 0.260121 0.607492 0.764959 1.932703 0.360063 1.246319 0.462865 1.073184 0.000000 1.360587 0.126019 1.052900 0.864152 0.586146 1.271273 1.803132 0.625394 0.014517 1.260840 0.792809 0.538793 1.095278 1.934548 0.031291 1.163496 0.549130 0.585182 0.632461 1.656080 0.149776 0.118575 1.763438 1.149692 1.856231 0.601075 0.187749
0.564119 0.435881 1.435881 1.564119 1.620708 0.753095 1.874453 0.706710 1.000524 1.393094 1.823452 1.566229 1.360587 0.000000 1.486606 1.586512 1.775261 1.946733 0.089314 0.836280 1.985981 1.346070 0.099747 0.567778 1.899380 1.544135 0.573961 1.391878 0.197091 0.811457 1.945769 1.993048 0.983332 1.510363 1.242013 0.402851 1.489721 0.495643 0.759512 1.172839
1.949275 1.050725 0.050725 0.949275 0.134101 0.733511 0.638940 1.806684 0.486082 1.120300 0.336846 0.947165 0.126019 1.486606 0.000000 0.926881 0.738133 0.460126 1.397292 1.677113 0.499374 0.140536 1.386859 0.918828 0.412774 0.969258 1.939432 0.094728 1.289515 0.675149 0.459163 0.506442 1.530061 0.023756 0.244594 1.889457 1.023673 1.982250 0.727095 0.313768
1.022393 1.977607 0.977607 0.022393 0.792780 1.660392 0.287941 0.879802 1.412963 0.193419 0.590036 0.020284 1.052900 1.586512 0.926881 0.000000 0.188748 0.466755 1.675827 0.750232 0.427507 1.067418 1.686260 1.845709 0.514108 0.042377 1.012551 1.021610 1.783604 1.602030 0.467719 0.420439 0.603180 0.903125 1.171475 1.183661 0.096792 1.090869 1.653976 1.240649
1.211142 1.788858 0.788858 0.211142 0.604032 1.471644 0.099193 1.068551 1.224215 0.382167 0.401287 0.209032 0.864152 1.775261 0.738133 0.188748 0.000000 0.278007 1.864575 0.938980 0.238759 0.878669 1.875008 1.656961 0.325359 0.231125 1.201299 0.832861 1.972352 1.413282 0.278970 0.231691 0.791928 0.714377 0.982727 1.372410 0.285540 1.279617 1.465228 1.051901
1.489148 1.510852 0.510852 0.489148 0.326025 1.193638 0.178814 1.346557 0.946209 0.660173 0.123281 0.487038 0.586146 1.946733 0.460126 0.466755 0.278007 0.000000 1.857419 1.216987 0.039248 0.600663 1.846986 1.378955 0.047353 0.509132 1.479306 0.554855 1.749642 1.135275 0.000964 0.046315 1.069935 0.436370 0.704720 1.650416 0.563546 1.557624 1.187221 0.773894
0.653433 0.346567 1.346567 1.653433 1.531394 0.663781 1.963768 0.796024 0.911210 1.482408 1.734138 1.655543 1.271273 0.089314 1.397292 1.675827 1.864575 1.857419 0.000000 0.925595 1.896667 1.256756 0.010433 0.478464 1.810066 1.633450 0.663276 1.302564 0.107777 0.722143 1.856455 1.903734 1.072647 1.421049 1.152698 0.492165 1.579035 0.584958 0.670197 1.083524
0.272161 1.272161 1.727839 0.727839 1.543012 1.589375 1.038173 0.129570 1.836805 0.556813 1.340268 0.729948 1.803132 0.836280 1.677113 0.750232 0.938980 1.216987 0.925595 0.000000 1.177739 1.817650 0.936028 1.404058 1.264340 0.707855 0.262319 1.771842 1.033372 1.647738 1.217951 1.170672 0.147052 1.653357 1.921707 0.433429 0.653440 0.340637 1.595792 1.990881
1.449900 1.550100 0.550100 0.449900 0.365273 1.232886 0.139566 1.307309 0.985457 0.620925 0.162529 0.447790 0.625394 1.985981 0.499374 0.427507 0.238759 0.039248 1.896667 1.177739 0.000000 0.639911 1.886234 1.418203 0.086601 0.469884 1.440058 0.594103 1.788890 1.174523 0.040212 0.007067 1.030687 0.475618 0.743968 1.611168 0.524298 1.518376 1.226469 0.813142
1.910189 0.910189 0.089811 1.089811 0.274638 0.592975 0.779476 1.947220 0.345546 1.260836 0.477382 1.087701 0.014517 1.346070 0.140536 1.067418 0.878669 0.600663 1.256756 1.817650 0.639911 0.000000 1.246323 0.778292 0.553310 1.109795 1.920031 0.045808 1.148979 0.534613 0.599699 0.646978 1.670598 0.164293 0.104057 1.748921 1.164209 1.841713 0.586558 0.173231
0.663866 0.336134 1.336134 1.663866 1.520961 0.653348 1.974201 0.806457 0.900777 1.492841 1.723705 1.665976 1.260840 0.099747 1.386859 1.686260 1.875008 1.846986 0.010433 0.936028 1.886234 1.246323 0.000000 0.468031 1.799633 1.643882 0.673708 1.292131 0.097344 0.711710 1.846022 1.893301 1.083080 1.410616 1.142265 0.502598 1.589468 0.595391 0.659765 1.073091
1.131897 0.131897 0.868103 1.868103 1.052930 0.185317 1.557768 1.274488 0.432746 1.960872 1.255674 1.865993 0.792809 0.567778 0.918828 1.845709 1.656961 1.378955 0.478464 1.404058 1.418203 0.778292 0.468031 0.000000 1.331602 1.888087 1.141739 0.824100 0.370687 0.243679 1.377991 1.425270 1.551111 0.942585 0.674235 0.970629 1.942501 1.063421 0.191734 0.605060
1.536501 1.463499 0.463499 0.536501 0.278672 1.146285 0.226166 1.393910 0.898856 0.707526 0.075928 0.534391 0.538793 1.899380 0.412774 0.514108 0.325359 0.047353 1.810066 1.264340 0.086601 0.553310 1.799633 1.331602 0.000000 0.556485 1.526659 0.507502 1.702289 1.087923 0.046389 0.093668 1.117288 0.389017 0.657367 1.697769 0.610899 1.604977 1.139868 0.726541
0.980016 1.980016 1.019984 0.019984 0.835157 1.702770 0.330318 0.837425 1.455341 0.151041 0.632413 0.022093 1.095278 1.544135 0.969258 0.042377 0.231125 0.509132 1.633450 0.707855 0.469884 1.109795 1.643882 1.888087 0.556485 0.000000 0.970174 1.063987 1.741226 1.644407 0.510096 0.462817 0.560803 0.945502 1.213852 1.141284 0.054415 1.048492 1.696353 1.283026
0.009842 1.009842 1.990158 0.990158 1.805331 1.327056 1.300492 0.132749 1.574485 0.819133 1.602587 0.992267 1.934548 0.573961 1.939432 1.012551 1.201299 1.479306 0.663276 0.262319 1.440058 1.920031 0.673708 1.141739 1.526659 0.970174 0.000000 1.965839 0.771052 1.385419 1.480270 1.432991 0.409371 1.915676 1.815974 0.171110 0.915759 0.078318 1.333473 1.746800
1.955997 0.955997 0.044003 1.044003 0.228830 0.638783 0.733669 1.901412 0.391354 1.215028 0.431574 1.041893 0.031291 1.391878 0.094728 1.021610 0.832861 0.554855 1.302564 1.771842 0.594103 0.045808 1.292131 0.824100 0.507502 1.063987 1.965839 0.000000 1.194787 0.580421 0.553891 0.601170 1.624790 0.118485 0.149865 1.794729 1.118401 1.887521 0.632366 0.219039
0.761210 0.238790 1.238790 1.761210 1.423617 0.556004 1.928455 0.903801 0.803433 1.590185 1.626361 1.763320 1.163496 0.197091 1.289515 1.783604 1.972352 1.749642 0.107777 1.033372 1.788890 1.148979 0.097344 0.370687 1.702289 1.741226 0.771052 1.194787 0.000000 0.614366 1.748678 1.795957 1.180424 1.313272 1.044921 0.599942 1.686812 0.692734 0.562421 0.975747
1.375576 0.375576 0.624424 1.624424 0.809250 0.058362 1.314089 1.518167 0.189067 1.795449 1.011995 1.622314 0.549130 0.811457 0.675149 1.602030 1.413282 1.135275 0.722143 1.647738 1.174523 0.534613 0.711710 0.243679 1.087923 1.644407 1.385419 0.580421 0.614366 0.000000 1.134312 1.181591 1.794790 0.698905 0.430555 1.214308 1.698822 1.307101 0.051946 0.361381
1.490112 1.509888 0.509888 0.490112 0.325061 1.192674 0.179777 1.347521 0.945245 0.661137 0.122317 0.488002 0.585182 1.945769 0.459163 0.467719 0.278970 0.000964 1.856455 1.217951 0.040212 0.599699 1.846022 1.377991 0.046389 0.510096 1.480270 0.553891 1.748678 1.134312 0.000000 0.047279 1.070899 0.435406 0.703756 1.651380 0.564510 1.558588 1.186257 0.772930
1.442833 1.557167 0.557167 0.442833 0.372340 1.239953 0.132498 1.300242 0.992524 0.613858 0.169596 0.440723 0.632461 1.993048 0.506442 0.420439 0.231691 0.046315 1.903734 1.170672 0.007067 0.646978 1.893301 1.425270 0.093668 0.462817 1.432991 0.601170 1.795957 1.181591 0.047279 0.000000 1.023619 0.482685 0.751035 1.604101 0.517231 1.511309 1.233536 0.820209
0.419213 1.419213 1.580787 0.580787 1.395960 1.736428 0.891121 0.276622 1.983857 0.409761 1.193215 0.582896 1.656080 0.983332 1.530061 0.603180 0.791928 1.069935 1.072647 0.147052 1.030687 1.670598 1.083080 1.551111 1.117288 0.560803 0.409371 1.624790 1.180424 1.794790 1.070899 1.023619 0.000000 1.506305 1.774655 0.580481 0.506388 0.487689 1.742844 1.843829
1.925518 1.074482 0.074482 0.925518 0.110345 0.757268 0.615184 1.782927 0.509839 1.096543 0.313089 0.923408 0.149776 1.510363 0.023756 0.903125 0.714377 0.436370 1.421049 1.653357 0.475618 0.164293 1.410616 0.942585 0.389017 0.945502 1.915676 0.118485 1.313272 0.698905 0.435406 0.482685 1.506305 0.000000 0.268350 1.913214 0.999916 1.993994 0.750851 0.337524
1.806132 0.806132 0.193868 1.193868 0.378695 0.488918 0.883534 1.948723 0.241488 1.364894 0.581439 1.191759 0.118575 1.242013 0.244594 1.171475 0.982727 0.704720 1.152698 1.921707 0.743968 0.104057 1.142265 0.674235 0.657367 1.213852 1.815974 0.149865 1.044921 0.430555 0.703756 0.751035 1.774655 0.268350 0.000000 1.644864 1.268267 1.737656 0.482501 0.069174
0.161268 0.838732 1.838732 1.161268 1.976441 1.155946 1.471602 0.303859 1.403375 0.990243 1.773697 1.163378 1.763438 0.402851 1.889457 1.183661 1.372410 1.650416 0.492165 0.433429 1.611168 1.748921 0.502598 0.970629 1.697769 1.141284 0.171110 1.794729 0.599942 1.214308 1.651380 1.604101 0.580481 1.913214 1.644864 0.000000 1.086870 0.092792 1.162363 1.575690
0.925602 1.925602 1.074398 0.074398 0.889571 1.757184 0.384733 0.783011 1.509755 0.096627 0.686827 0.076508 1.149692 1.489721 1.023673 0.096792 0.285540 0.563546 1.579035 0.653440 0.524298 1.164209 1.589468 1.942501 0.610899 0.054415 0.915759 1.118401 1.686812 1.698822 0.564510 0.517231 0.506388 0.999916 1.268267 1.086870 0.000000 0.994077 1.750768 1.337441
0.068476 0.931524 1.931524 1.068476 1.883649 1.248738 1.378810 0.211067 1.496168 0.897450 1.680905 1.070585 1.856231 0.495643 1.982250 1.090869 1.279617 1.557624 0.584958 0.340637 1.518376 1.841713 0.595391 1.063421 1.604977 1.048492 0.078318 1.887521 0.692734 1.307101 1.558588 1.511309 0.487689 1.993994 1.737656 0.092792 0.994077 0.000000 1.255155 1.668482
1.323631 0.323631 0.676369 1.676369 0.861196 0.006417 1.366035 1.466222 0.241013 1.847394 1.063940 1.674260 0.601075 0.759512 0.727095 1.653976 1.465228 1.187221 0.670197 1.595792 1.226469 0.586558 0.659765 0.191734 1.139868 1.696353 1.333473 0.632366 0.562421 0.051946 1.186257 1.233536 1.742844 0.750851 0.482501 1.162363 1.750768 1.255155 0.000000 0.413327
1.736958 0.736958 0.263042 1.263042 0.447869 0.419743 0.952708 1.879549 0.172314 1.434068 0.650613 1.260933 0.187749 1.172839 0.313768 1.240649 1.051901 0.773894 1.083524 1.990881 0.813142 0.173231 1.073091 0.605060 0.726541 1.283026 1.746800 0.219039 0.975747 0.361381 0.772930 0.820209 1.843829 0.337524 0.069174 1.575690 1.337441 1.668482 0.413327 0.000000
