30
0.000000 1.000000 2.000000 1.000000 0.756409 0.657451 0.267539 0.042871 0.878746 0.157681 1.776819 1.894466 1.561043 1.167166 1.669776 1.707835 0.990712 1.243499 1.573628 1.540676 0.454056 1.372670 1.452861 0.439854 1.570867 1.870385 0.479010 1.081845 0.878151 0.389065
1.000000 0.000000 1.000000 2.000000 1.756409 1.657451 1.267539 0.957129 0.121254 1.157681 1.223181 1.105534 0.561043 1.832834 1.330224 0.707835 0.009288 0.243499 1.426372 1.459324 1.454056 1.627330 0.452861 0.560146 1.429133 1.129615 0.520990 1.918155 1.878151 0.610935
2.000000 1.000000 0.000000 1.000000 1.243591 1.342549 1.732461 1.957129 1.121254 1.842319 0.223181 0.105534 0.438957 0.832834 0.330224 0.292165 1.009288 0.756501 0.426372 0.459324 1.545944 0.627330 0.547139 1.560146 0.429133 0.129615 1.520990 0.918155 1.121849 1.610935
1.000000 2.000000 1.000000 0.000000 0.243591 0.342549 0.732461 1.042871 1.878746 0.842319 0.776819 0.894466 1.438957 0.167166 0.669776 1.292165 1.990712 1.756501 0.573628 0.540676 0.545944 0.372670 1.547139 1.439854 0.570867 0.870385 1.479010 0.081845 0.121849 1.389065
0.756409 1.756409 1.243591 0.243591 0.000000 0.098957 0.488870 0.799279 1.635154 0.598727 1.020410 1.138057 1.682548 0.410758 0.913368 1.535756 1.747121 1.999907 0.817219 0.784268 0.302353 0.616261 1.790731 1.196262 0.814458 1.113976 1.235419 0.325436 0.121742 1.145474
0.657451 1.657451 1.342549 0.342549 0.098957 0.000000 0.389913 0.700322 1.536197 0.499770 1.119367 1.237015 1.781505 0.509715 1.012325 1.634713 1.648163 1.900950 0.916177 0.883225 0.203395 0.715218 1.889688 1.097305 0.913415 1.212934 1.136461 0.424394 0.220699 1.046516
0.267539 1.267539 1.732461 0.732461 0.488870 0.389913 0.000000 0.310409 1.146284 0.109857 1.509280 1.626927 1.828582 0.899628 1.402238 1.975374 1.258251 1.511037 1.306089 1.273138 0.186517 1.105131 1.720399 0.707392 1.303328 1.602847 0.746549 0.814307 0.610612 0.656603
0.042871 0.957129 1.957129 1.042871 0.799279 0.700322 0.310409 0.000000 0.835875 0.200552 1.819689 1.937337 1.518173 1.210037 1.712647 1.664965 0.947841 1.200628 1.616499 1.583547 0.496927 1.415540 1.409990 0.396983 1.613738 1.913256 0.436139 1.124716 0.921021 0.346194
0.878746 0.121254 1.121254 1.878746 1.635154 1.536197 1.146284 0.835875 0.000000 1.036427 1.344436 1.226788 0.682298 1.954088 1.451478 0.829090 0.111966 0.364753 1.547626 1.580578 1.332802 1.748585 0.574115 0.438892 1.550388 1.250869 0.399736 1.960591 1.756896 0.489681
0.157681 1.157681 1.842319 0.842319 0.598727 0.499770 0.109857 0.200552 1.036427 0.000000 1.619137 1.736784 1.718725 1.009485 1.512095 1.865517 1.148393 1.401180 1.415946 1.382995 0.296375 1.214988 1.610542 0.597535 1.413185 1.712704 0.636691 0.924164 0.720469 0.546746
1.776819 1.223181 0.223181 0.776819 1.020410 1.119367 1.509280 1.819689 1.344436 1.619137 0.000000 0.117647 0.662138 0.609652 0.107042 0.515346 1.232469 0.979683 0.203191 0.236142 1.322762 0.404149 0.770321 1.783328 0.205952 0.093567 1.744171 0.694973 0.898668 1.834117
1.894466 1.105534 0.105534 0.894466 1.138057 1.237015 1.626927 1.937337 1.226788 1.736784 0.117647 0.000000 0.544491 0.727300 0.224689 0.397699 1.114822 0.862035 0.320838 0.353790 1.440410 0.521796 0.652673 1.665680 0.323599 0.024081 1.626524 0.812621 1.016315 1.716469
1.561043 0.561043 0.438957 1.438957 1.682548 1.781505 1.828582 1.518173 0.682298 1.718725 0.662138 0.544491 0.000000 1.271790 0.769180 0.146792 0.570331 0.317544 0.865329 0.898280 1.984901 1.066287 0.108183 1.121189 0.868090 0.568572 1.082033 1.357112 1.560806 1.171978
1.167166 1.832834 0.832834 0.167166 0.410758 0.509715 0.899628 1.210037 1.954088 1.009485 0.609652 0.727300 1.271790 0.000000 0.502610 1.124998 1.842122 1.589335 0.406462 0.373510 0.713110 0.205503 1.379973 1.607020 0.403700 0.703219 1.646176 0.085321 0.289016 1.556231
1.669776 1.330224 0.330224 0.669776 0.913368 1.012325 1.402238 1.712647 1.451478 1.512095 0.107042 0.224689 0.769180 0.502610 0.000000 0.622388 1.339512 1.086725 0.096149 0.129100 1.215720 0.297107 0.877363 1.890370 0.098910 0.200609 1.851214 0.587931 0.791626 1.941159
1.707835 0.707835 0.292165 1.292165 1.535756 1.634713 1.975374 1.664965 0.829090 1.865517 0.515346 0.397699 0.146792 1.124998 0.622388 0.000000 0.717123 0.464336 0.718537 0.751488 1.838109 0.919495 0.254975 1.267981 0.721298 0.421780 1.228825 1.210320 1.414014 1.318770
0.990712 0.009288 1.009288 1.990712 1.747121 1.648163 1.258251 0.947841 0.111966 1.148393 1.232469 1.114822 0.570331 1.842122 1.339512 0.717123 0.000000 0.252787 1.435660 1.468612 1.444768 1.636618 0.462149 0.550858 1.438421 1.138903 0.511702 1.927443 1.868863 0.601647
1.243499 0.243499 0.756501 1.756501 1.999907 1.900950 1.511037 1.200628 0.364753 1.401180 0.979683 0.862035 0.317544 1.589335 1.086725 0.464336 0.252787 0.000000 1.182873 1.215825 1.697555 1.383832 0.209362 0.803645 1.185634 0.886116 0.764489 1.674656 1.878351 0.854434
1.573628 1.426372 0.426372 0.573628 0.817219 0.916177 1.306089 1.616499 1.547626 1.415946 0.203191 0.320838 0.865329 0.406462 0.096149 0.718537 1.435660 1.182873 0.000000 0.032952 1.119572 0.200958 0.973511 1.986518 0.002761 0.296757 1.947362 0.491783 0.695477 1.962693
1.540676 1.459324 0.459324 0.540676 0.784268 0.883225 1.273138 1.583547 1.580578 1.382995 0.236142 0.353790 0.898280 0.373510 0.129100 0.751488 1.468612 1.215825 0.032952 0.000000 1.086620 0.168007 1.006463 1.980530 0.030191 0.329709 1.980314 0.458831 0.662526 1.929741
0.454056 1.454056 1.545944 0.545944 0.302353 0.203395 0.186517 0.496927 1.332802 0.296375 1.322762 1.440410 1.984901 0.713110 1.215720 1.838109 1.444768 1.697555 1.119572 1.086620 0.000000 0.918613 1.906917 0.893910 1.116811 1.416329 0.933066 0.627789 0.424095 0.843121
1.372670 1.627330 0.627330 0.372670 0.616261 0.715218 1.105131 1.415540 1.748585 1.214988 0.404149 0.521796 1.066287 0.205503 0.297107 0.919495 1.636618 1.383832 0.200958 0.168007 0.918613 0.000000 1.174470 1.812523 0.198197 0.497716 1.851680 0.290824 0.494519 1.761734
1.452861 0.452861 0.547139 1.547139 1.790731 1.889688 1.720399 1.409990 0.574115 1.610542 0.770321 0.652673 0.108183 1.379973 0.877363 0.254975 0.462149 0.209362 0.973511 1.006463 1.906917 1.174470 0.000000 1.013007 0.976272 0.676754 0.973851 1.465294 1.668989 1.063796
0.439854 0.560146 1.560146 1.439854 1.196262 1.097305 0.707392 0.396983 0.438892 0.597535 1.783328 1.665680 1.121189 1.607020 1.890370 1.267981 0.550858 0.803645 1.986518 1.980530 0.893910 1.812523 1.013007 0.000000 1.989279 1.689761 0.039156 1.521699 1.318004 0.050789
1.570867 1.429133 0.429133 0.570867 0.814458 0.913415 1.303328 1.613738 1.550388 1.413185 0.205952 0.323599 0.868090 0.403700 0.098910 0.721298 1.438421 1.185634 0.002761 0.030191 1.116811 0.198197 0.976272 1.989279 0.000000 0.299518 1.950123 0.489022 0.692716 1.959932
1.870385 1.129615 0.129615 0.870385 1.113976 1.212934 1.602847 1.913256 1.250869 1.712704 0.093567 0.024081 0.568572 0.703219 0.200609 0.421780 1.138903 0.886116 0.296757 0.329709 1.416329 0.497716 0.676754 1.689761 0.299518 0.000000 1.650605 0.788540 0.992235 1.740550
0.479010 0.520990 1.520990 1.479010 1.235419 1.136461 0.746549 0.436139 0.399736 0.636691 1.744171 1.626524 1.082033 1.646176 1.851214 1.228825 0.511702 0.764489 1.947362 1.980314 0.933066 1.851680 0.973851 0.039156 1.950123 1.650605 0.000000 1.560855 1.357161 0.089945
1.081845 1.918155 0.918155 0.081845 0.325436 0.424394 0.814307 1.124716 1.960591 0.924164 0.694973 0.812621 1.357112 0.085321 0.587931 1.210320 1.927443 1.674656 0.491783 0.458831 0.627789 0.290824 1.465294 1.521699 0.489022 0.788540 1.560855 0.000000 0.203695 1.470910
0.878151 1.878151 1.121849 0.121849 0.121742 0.220699 0.610612 0.921021 1.756896 0.720469 0.898668 1.016315 1.560806 0.289016 0.791626 1.414014 1.868863 1.878351 0.695477 0.662526 0.424095 0.494519 1.668989 1.318004 0.692716 0.992235 1.357161 0.203695 0.000000 1.267215
0.389065 0.610935 1.610935 1.389065 1.145474 1.046516 0.656603 0.346194 0.489681 0.546746 1.834117 1.716469 1.171978 1.556231 1.941159 1.318770 0.601647 0.854434 1.962693 1.929741 0.843121 1.761734 1.063796 0.050789 1.959932 1.740550 0.089945 1.470910 1.267215 0.000000
