50
0.000000 1.000000 2.000000 1.000000 0.156442 0.214443 0.252076 1.786435 1.330625 1.166325 1.753592 0.994835 1.220272 0.326858 1.580480 0.308920 0.186306 0.712017 0.252861 0.100729 0.238246 0.340980 0.920357 1.506401 0.039592 0.906281 0.977366 1.762181 1.170774 0.608383 0.390504 0.823550 1.380557 0.046853 0.027826 1.682176 1.741723 1.034835 0.689644 0.304545 0.658912 1.841224 1.328339 1.859640 0.257233 1.151198 0.551177 1.146847 0.171866 0.197894
1.000000 0.000000 1.000000 2.000000 1.156442 1.214443 1.252076 1.213565 0.330625 1.833675 0.753592 0.005165 0.220272 1.326858 0.580480 1.308920 1.186306 1.712017 1.252861 0.899271 0.761754 1.340980 1.920357 0.506401 0.960408 1.906281 0.022634 1.237819 1.829226 1.608383 0.609496 1.823550 0.380557 0.953147 1.027826 1.317824 0.741723 0.034835 1.689644 0.695455 0.341088 0.841224 1.671661 0.859640 0.742767 1.848802 1.551177 0.146847 0.828134 0.802106
2.000000 1.000000 0.000000 1.000000 1.843558 1.785557 1.747924 0.213565 0.669375 0.833675 0.246408 1.005165 0.779728 1.673142 0.419520 1.691080 1.813694 1.287983 1.747139 1.899271 1.761754 1.659020 1.079643 0.493599 1.960408 1.093719 1.022634 0.237819 0.829226 1.391617 1.609496 1.176450 0.619443 1.953147 1.972174 0.317824 0.258277 0.965165 1.310356 1.695455 1.341088 0.158776 0.671661 0.140360 1.742767 0.848802 1.448823 0.853153 1.828134 1.802106
1.000000 2.000000 1.000000 0.000000 0.843558 0.785557 0.747924 0.786435 1.669375 0.166325 1.246408 1.994835 1.779728 0.673142 1.419520 0.691080 0.813694 0.287983 0.747139 1.100729 1.238246 0.659020 0.079643 1.493599 1.039592 0.093719 1.977366 0.762181 0.170774 0.391617 1.390504 0.176450 1.619443 1.046853 0.972174 0.682176 1.258277 1.965165 0.310356 1.304545 1.658912 1.158776 0.328339 1.140360 1.257233 0.151198 0.448823 1.853153 1.171866 1.197894
0.156442 1.156442 1.843558 0.843558 0.000000 0.058001 0.095634 1.629993 1.487067 1.009883 1.910034 1.151277 1.376715 0.170416 1.736922 0.152478 0.029863 0.555574 0.096419 0.257171 0.394688 0.184537 0.763915 1.662843 0.196034 0.749839 1.133809 1.605739 1.014332 0.451940 0.546946 0.667108 1.536999 0.203295 0.128616 1.525734 1.898165 1.191277 0.533202 0.460987 0.815354 1.997667 1.171897 1.983917 0.413675 0.994756 0.394735 1.303289 0.328308 0.354336
0.214443 1.214443 1.785557 0.785557 0.058001 0.000000 0.037633 1.571992 1.545068 0.951883 1.968035 1.209278 1.434715 0.112415 1.794922 0.094477 0.028137 0.497574 0.038418 0.315171 0.452689 0.126537 0.705914 1.720844 0.254034 0.691839 1.191809 1.547739 0.956331 0.393940 0.604946 0.609107 1.595000 0.261296 0.186617 1.467733 1.956166 1.249278 0.475202 0.518988 0.873355 1.944333 1.113896 1.925917 0.471676 0.936756 0.336735 1.361290 0.386308 0.412336
0.252076 1.252076 1.747924 0.747924 0.095634 0.037633 0.000000 1.534359 1.582701 0.914249 1.994332 1.246911 1.472348 0.074782 1.832556 0.056844 0.065770 0.459941 0.000785 0.352805 0.490322 0.088904 0.668281 1.758477 0.291668 0.654205 1.229442 1.510106 0.918698 0.356307 0.642579 0.571474 1.632633 0.298929 0.224250 1.430100 1.993799 1.286911 0.437569 0.556621 0.910988 1.906700 1.076263 1.888284 0.509309 0.899122 0.299102 1.398923 0.423942 0.449969
1.786435 1.213565 0.213565 0.786435 1.629993 1.571992 1.534359 0.000000 0.882940 0.620110 0.459973 1.218730 0.993293 1.459577 0.633085 1.477515 1.600129 1.074418 1.533574 1.887164 1.975319 1.445455 0.866078 0.707164 1.826027 0.880154 1.236199 0.024254 0.615661 1.178052 1.823062 0.962885 0.833008 1.833288 1.758609 0.104259 0.471842 1.178730 1.096791 1.909020 1.554653 0.372341 0.458096 0.353925 1.956332 0.635237 1.235258 1.066718 1.958301 1.984328
1.330625 0.330625 0.669375 1.669375 1.487067 1.545068 1.582701 0.882940 0.000000 1.503050 0.422967 0.335790 0.110353 1.657483 0.249855 1.639545 1.516931 1.957358 1.583486 1.229896 1.092379 1.671604 1.749018 0.175776 1.291033 1.763094 0.353258 0.907194 1.498601 1.939008 0.940121 1.845825 0.049932 1.283772 1.358451 0.987199 0.411098 0.295790 1.979731 1.026080 0.671713 0.510599 1.341036 0.529015 1.073392 1.518177 1.881802 0.183778 1.158759 1.132731
1.166325 1.833675 0.833675 0.166325 1.009883 0.951883 0.914249 0.620110 1.503050 0.000000 1.080083 1.838840 1.613402 0.839468 1.253195 0.857405 0.980020 0.454309 0.913465 1.267054 1.404571 0.825346 0.245968 1.327274 1.205917 0.260044 1.856308 0.595856 0.004448 0.557943 1.556829 0.342775 1.453117 1.213178 1.138499 0.515851 1.091951 1.798840 0.476681 1.470870 1.825237 0.992450 0.162014 0.974034 1.423558 0.015127 0.615148 1.686828 1.338191 1.364219
1.753592 0.753592 0.246408 1.246408 1.910034 1.968035 1.994332 0.459973 0.422967 1.080083 0.000000 0.758757 0.533320 1.919550 0.173112 1.937488 1.939898 1.534391 1.993547 1.652863 1.515346 1.905428 1.326051 0.247191 1.714000 1.340127 0.776225 0.484227 1.075634 1.638025 1.363088 1.422858 0.373035 1.706739 1.781418 0.564232 0.011869 0.718757 1.556764 1.449047 1.094680 0.087632 0.918069 0.106048 1.496359 1.095210 1.695231 0.606745 1.581726 1.555698
0.994835 0.005165 1.005165 1.994835 1.151277 1.209278 1.246911 1.218730 0.335790 1.838840 0.758757 0.000000 0.225437 1.321693 0.585645 1.303755 1.181141 1.706852 1.247696 0.894106 0.756589 1.335815 1.915192 0.511566 0.955243 1.901116 0.017468 1.242984 1.834391 1.603218 0.604331 1.818385 0.385722 0.947982 1.022661 1.322989 0.746888 0.040000 1.684479 0.690290 0.335923 0.846389 1.676826 0.864805 0.737602 1.853967 1.546012 0.152012 0.822969 0.796941
1.220272 0.220272 0.779728 1.779728 1.376715 1.434715 1.472348 0.993293 0.110353 1.613402 0.533320 0.225437 0.000000 1.547130 0.360207 1.529192 1.406578 1.932289 1.473133 1.119544 0.982026 1.561252 1.859371 0.286128 1.180681 1.873446 0.242906 1.017546 1.608954 1.828655 0.829769 1.956178 0.160285 1.173420 1.248098 1.097551 0.521451 0.185437 1.909917 0.915727 0.561360 0.620952 1.451388 0.639368 0.963039 1.628529 1.771450 0.073425 1.048407 1.022379
0.326858 1.326858 1.673142 0.673142 0.170416 0.112415 0.074782 1.459577 1.657483 0.839468 1.919550 1.321693 1.547130 0.000000 1.907337 0.017938 0.140552 0.385159 0.073997 0.427586 0.565104 0.014122 0.593499 1.833258 0.366449 0.579424 1.304224 1.435324 0.843916 0.281525 0.717361 0.496692 1.707415 0.373711 0.299032 1.355318 1.931419 1.361693 0.362787 0.631403 0.985770 1.831918 1.001481 1.813502 0.584091 0.824341 0.224320 1.473705 0.498723 0.524751
1.580480 0.580480 0.419520 1.419520 1.736922 1.794922 1.832556 0.633085 0.249855 1.253195 0.173112 0.585645 0.360207 1.907337 0.000000 1.889400 1.766785 1.707504 1.833340 1.479751 1.342234 1.921459 1.499163 0.074079 1.540888 1.513239 0.603113 0.657339 1.248747 1.811138 1.189976 1.595970 0.199922 1.533627 1.608306 0.737344 0.161244 0.545645 1.729876 1.275935 0.921568 0.260745 1.091181 0.279161 1.323247 1.268322 1.868343 0.433633 1.408614 1.382586
0.308920 1.308920 1.691080 0.691080 0.152478 0.094477 0.056844 1.477515 1.639545 0.857405 1.937488 1.303755 1.529192 0.017938 1.889400 0.000000 0.122614 0.403097 0.056059 0.409649 0.547166 0.032059 0.611437 1.815321 0.348512 0.597361 1.286287 1.453261 0.861854 0.299463 0.699424 0.514630 1.689477 0.355773 0.281094 1.373256 1.949357 1.343755 0.380724 0.613465 0.967832 1.849856 1.019419 1.831440 0.566153 0.842278 0.242257 1.455767 0.480786 0.506814
0.186306 1.186306 1.813694 0.813694 0.029863 0.028137 0.065770 1.600129 1.516931 0.980020 1.939898 1.181141 1.406578 0.140552 1.766785 0.122614 0.000000 0.525711 0.066555 0.287034 0.424552 0.154674 0.734051 1.692706 0.225897 0.719976 1.163672 1.575876 0.984468 0.422077 0.576809 0.637244 1.566863 0.233158 0.158480 1.495870 1.928029 1.221141 0.503339 0.490851 0.845218 1.972470 1.142034 1.954054 0.443539 0.964893 0.364872 1.333153 0.358171 0.384199
0.712017 1.712017 1.287983 0.287983 0.555574 0.497574 0.459941 1.074418 1.957358 0.454309 1.534391 1.706852 1.932289 0.385159 1.707504 0.403097 0.525711 0.000000 0.459156 0.812745 0.950263 0.371037 0.208340 1.781583 0.751608 0.194265 1.689383 1.050165 0.458757 0.103634 1.102520 0.111533 1.907426 0.758869 0.684191 0.970160 1.546260 1.746852 0.022372 1.016562 1.370929 1.446759 0.616323 1.428343 0.969250 0.439182 0.160839 1.858864 0.883882 0.909910
0.252861 1.252861 1.747139 0.747139 0.096419 0.038418 0.000785 1.533574 1.583486 0.913465 1.993547 1.247696 1.473133 0.073997 1.833340 0.056059 0.066555 0.459156 0.000000 0.353589 0.491107 0.088119 0.667496 1.759262 0.292452 0.653421 1.230227 1.509321 0.917913 0.355522 0.643364 0.570689 1.633418 0.299714 0.225035 1.429315 1.994584 1.287696 0.436784 0.557406 0.911773 1.905915 1.075478 1.887499 0.510094 0.898338 0.298317 1.399708 0.424726 0.450754
0.100729 0.899271 1.899271 1.100729 0.257171 0.315171 0.352805 1.887164 1.229896 1.267054 1.652863 0.894106 1.119544 0.427586 1.479751 0.409649 0.287034 0.812745 0.353589 0.000000 0.137517 0.441708 1.021086 1.405672 0.061137 1.007010 0.876638 1.862910 1.271502 0.709111 0.289775 0.924279 1.279829 0.053876 0.128555 1.782905 1.640995 0.934106 0.790373 0.203816 0.558183 1.740496 1.429068 1.758912 0.156504 1.251927 0.651906 1.046118 0.071137 0.097165
0.238246 0.761754 1.761754 1.238246 0.394688 0.452689 0.490322 1.975319 1.092379 1.404571 1.515346 0.756589 0.982026 0.565104 1.342234 0.547166 0.424552 0.950263 0.491107 0.137517 0.000000 0.579226 1.158603 1.268155 0.198654 1.144527 0.739120 1.999573 1.409020 0.846629 0.152258 1.061796 1.142311 0.191393 0.266072 1.920422 1.503477 0.796589 0.927890 0.066299 0.420666 1.602978 1.566585 1.621394 0.018987 1.389444 0.789423 0.908601 0.066380 0.040352
0.340980 1.340980 1.659020 0.659020 0.184537 0.126537 0.088904 1.445455 1.671604 0.825346 1.905428 1.335815 1.561252 0.014122 1.921459 0.032059 0.154674 0.371037 0.088119 0.441708 0.579226 0.000000 0.579378 1.847380 0.380571 0.565302 1.318346 1.421202 0.829794 0.267403 0.731483 0.482570 1.721537 0.387832 0.313154 1.341197 1.917297 1.375815 0.348665 0.645524 0.999892 1.817796 0.987360 1.799380 0.598213 0.810219 0.210198 1.487827 0.512845 0.538873
0.920357 1.920357 1.079643 0.079643 0.763915 0.705914 0.668281 0.866078 1.749018 0.245968 1.326051 1.915192 1.859371 0.593499 1.499163 0.611437 0.734051 0.208340 0.667496 1.021086 1.158603 0.579378 0.000000 1.573242 0.959949 0.014076 1.897724 0.841824 0.250417 0.311974 1.310861 0.096807 1.699086 0.967210 0.892531 0.761819 1.337920 1.955192 0.230713 1.224902 1.579269 1.238419 0.407982 1.220003 1.177590 0.230841 0.369180 1.932796 1.092223 1.118251
1.506401 0.506401 0.493599 1.493599 1.662843 1.720844 1.758477 0.707164 0.175776 1.327274 0.247191 0.511566 0.286128 1.833258 0.074079 1.815321 1.692706 1.781583 1.759262 1.405672 1.268155 1.847380 1.573242 0.000000 1.466809 1.587318 0.529034 0.731418 1.322825 1.885217 1.115897 1.670049 0.125844 1.459548 1.534227 0.811423 0.235322 0.471566 1.803955 1.201856 0.847489 0.334824 1.165260 0.353240 1.249168 1.342401 1.942422 0.359554 1.334535 1.308507
0.039592 0.960408 1.960408 1.039592 0.196034 0.254034 0.291668 1.826027 1.291033 1.205917 1.714000 0.955243 1.180681 0.366449 1.540888 0.348512 0.225897 0.751608 0.292452 0.061137 0.198654 0.380571 0.959949 1.466809 0.000000 0.945873 0.937775 1.801773 1.210366 0.647974 0.350912 0.863142 1.340965 0.007261 0.067418 1.721768 1.702132 0.995243 0.729236 0.264953 0.619320 1.801633 1.367931 1.820049 0.217641 1.190790 0.590769 1.107255 0.132274 0.158302
0.906281 1.906281 1.093719 0.093719 0.749839 0.691839 0.654205 0.880154 1.763094 0.260044 1.340127 1.901116 1.873446 0.579424 1.513239 0.597361 0.719976 0.194265 0.653421 1.007010 1.144527 0.565302 0.014076 1.587318 0.945873 0.000000 1.883648 0.855900 0.264493 0.297899 1.296785 0.082731 1.713162 0.953134 0.878455 0.775895 1.351995 1.941116 0.216637 1.210826 1.565193 1.252494 0.422058 1.234078 1.163514 0.244917 0.355104 1.946872 1.078147 1.104175
0.977366 0.022634 1.022634 1.977366 1.133809 1.191809 1.229442 1.236199 0.353258 1.856308 0.776225 0.017468 0.242906 1.304224 0.603113 1.286287 1.163672 1.689383 1.230227 0.876638 0.739120 1.318346 1.897724 0.529034 0.937775 1.883648 0.000000 1.260452 1.851860 1.585749 0.586863 1.800917 0.403191 0.930514 1.005192 1.340457 0.764357 0.057468 1.667011 0.672822 0.318455 0.863858 1.694294 0.882274 0.720133 1.871435 1.528544 0.169481 0.805501 0.779473
1.762181 1.237819 0.237819 0.762181 1.605739 1.547739 1.510106 0.024254 0.907194 0.595856 0.484227 1.242984 1.017546 1.435324 0.657339 1.453261 1.575876 1.050165 1.509321 1.862910 1.999573 1.421202 0.841824 0.731418 1.801773 0.855900 1.260452 0.000000 0.591408 1.153799 1.847315 0.938631 0.857261 1.809034 1.734356 0.080005 0.496095 1.202984 1.072537 1.933274 1.578907 0.396594 0.433842 0.378178 1.980586 0.610983 1.211004 1.090972 1.934047 1.960075
1.170774 1.829226 0.829226 0.170774 1.014332 0.956331 0.918698 0.615661 1.498601 0.004448 1.075634 1.834391 1.608954 0.843916 1.248747 0.861854 0.984468 0.458757 0.917913 1.271502 1.409020 0.829794 0.250417 1.322825 1.210366 0.264493 1.851860 0.591408 0.000000 0.562391 1.561277 0.347224 1.448669 1.217627 1.142948 0.511402 1.087503 1.794391 0.481129 1.475319 1.829686 0.988002 0.157565 0.969586 1.428007 0.019575 0.619596 1.682379 1.342640 1.368667
0.608383 1.608383 1.391617 0.391617 0.451940 0.393940 0.356307 1.178052 1.939008 0.557943 1.638025 1.603218 1.828655 0.281525 1.811138 0.299463 0.422077 0.103634 0.355522 0.709111 0.846629 0.267403 0.311974 1.885217 0.647974 0.297899 1.585749 1.153799 0.562391 0.000000 0.998886 0.215167 1.988940 0.655235 0.580557 1.073793 1.649894 1.643218 0.081262 0.912928 1.267295 1.550393 0.719957 1.531977 0.865616 0.542816 0.057205 1.755230 0.780248 0.806276
0.390504 0.609496 1.609496 1.390504 0.546946 0.604946 0.642579 1.823062 0.940121 1.556829 1.363088 0.604331 0.829769 0.717361 1.189976 0.699424 0.576809 1.102520 0.643364 0.289775 0.152258 0.731483 1.310861 1.115897 0.350912 1.296785 0.586863 1.847315 1.561277 0.998886 0.000000 1.214054 0.990054 0.343651 0.418329 1.927320 1.351220 0.644331 1.080148 0.085959 0.268408 1.450721 1.718843 1.469137 0.133271 1.541702 0.941681 0.756344 0.218638 0.192610
0.823550 1.823550 1.176450 0.176450 0.667108 0.609107 0.571474 0.962885 1.845825 0.342775 1.422858 1.818385 1.956178 0.496692 1.595970 0.514630 0.637244 0.111533 0.570689 0.924279 1.061796 0.482570 0.096807 1.670049 0.863142 0.082731 1.800917 0.938631 0.347224 0.215167 1.214054 0.000000 1.795893 0.870403 0.795724 0.858626 1.434727 1.858385 0.133906 1.128095 1.482462 1.335226 0.504789 1.316810 1.080783 0.327648 0.272373 1.970397 0.995416 1.021444
1.380557 0.380557 0.619443 1.619443 1.536999 1.595000 1.632633 0.833008 0.049932 1.453117 0.373035 0.385722 0.160285 1.707415 0.199922 1.689477 1.566863 1.907426 1.633418 1.279829 1.142311 1.721537 1.699086 0.125844 1.340965 1.713162 0.403191 0.857261 1.448669 1.988940 0.990054 1.795893 0.000000 1.333704 1.408383 0.937267 0.361166 0.345722 1.929798 1.076012 0.721645 0.460667 1.291104 0.479083 1.123324 1.468244 1.931735 0.233710 1.208692 1.182664
0.046853 0.953147 1.953147 1.046853 0.203295 0.261296 0.298929 1.833288 1.283772 1.213178 1.706739 0.947982 1.173420 0.373711 1.533627 0.355773 0.233158 0.758869 0.299714 0.053876 0.191393 0.387832 0.967210 1.459548 0.007261 0.953134 0.930514 1.809034 1.217627 0.655235 0.343651 0.870403 1.333704 0.000000 0.074679 1.729029 1.694870 0.987982 0.736497 0.257692 0.612059 1.794371 1.375192 1.812788 0.210380 1.198051 0.598030 1.099994 0.125013 0.151041
0.027826 1.027826 1.972174 0.972174 0.128616 0.186617 0.224250 1.758609 1.358451 1.138499 1.781418 1.022661 1.248098 0.299032 1.608306 0.281094 0.158480 0.684191 0.225035 0.128555 0.266072 0.313154 0.892531 1.534227 0.067418 0.878455 1.005192 1.734356 1.142948 0.580557 0.418329 0.795724 1.408383 0.074679 0.000000 1.654350 1.769549 1.062661 0.661819 0.332371 0.686738 1.869050 1.300513 1.887466 0.285059 1.123372 0.523352 1.174673 0.199692 0.225719
1.682176 1.317824 0.317824 0.682176 1.525734 1.467733 1.430100 0.104259 0.987199 0.515851 0.564232 1.322989 1.097551 1.355318 0.737344 1.373256 1.495870 0.970160 1.429315 1.782905 1.920422 1.341197 0.761819 0.811423 1.721768 0.775895 1.340457 0.080005 0.511402 1.073793 1.927320 0.858626 0.937267 1.729029 1.654350 0.000000 0.576101 1.282989 0.992532 1.986721 1.658912 0.476600 0.353837 0.458183 1.939409 0.530978 1.130999 1.170977 1.854042 1.880070
1.741723 0.741723 0.258277 1.258277 1.898165 1.956166 1.993799 0.471842 0.411098 1.091951 0.011869 0.746888 0.521451 1.931419 0.161244 1.949357 1.928029 1.546260 1.994584 1.640995 1.503477 1.917297 1.337920 0.235322 1.702132 1.351995 0.764357 0.496095 1.087503 1.649894 1.351220 1.434727 0.361166 1.694870 1.769549 0.576101 0.000000 0.706888 1.568632 1.437178 1.082811 0.099501 0.929938 0.117917 1.484490 1.107078 1.707099 0.594876 1.569858 1.543830
1.034835 0.034835 0.965165 1.965165 1.191277 1.249278 1.286911 1.178730 0.295790 1.798840 0.718757 0.040000 0.185437 1.361693 0.545645 1.343755 1.221141 1.746852 1.287696 0.934106 0.796589 1.375815 1.955192 0.471566 0.995243 1.941116 0.057468 1.202984 1.794391 1.643218 0.644331 1.858385 0.345722 0.987982 1.062661 1.282989 0.706888 0.000000 1.724479 0.730290 0.375923 0.806389 1.636826 0.824805 0.777602 1.813967 1.586012 0.112012 0.862969 0.836941
0.689644 1.689644 1.310356 0.310356 0.533202 0.475202 0.437569 1.096791 1.979731 0.476681 1.556764 1.684479 1.909917 0.362787 1.729876 0.380724 0.503339 0.022372 0.436784 0.790373 0.927890 0.348665 0.230713 1.803955 0.729236 0.216637 1.667011 1.072537 0.481129 0.081262 1.080148 0.133906 1.929798 0.736497 0.661819 0.992532 1.568632 1.724479 0.000000 0.994189 1.348556 1.469131 0.638695 1.450715 0.946877 0.461554 0.138467 1.836491 0.861510 0.887538
0.304545 0.695455 1.695455 1.304545 0.460987 0.518988 0.556621 1.909020 1.026080 1.470870 1.449047 0.690290 0.915727 0.631403 1.275935 0.613465 0.490851 1.016562 0.557406 0.203816 0.066299 0.645524 1.224902 1.201856 0.264953 1.210826 0.672822 1.933274 1.475319 0.912928 0.085959 1.128095 1.076012 0.257692 0.332371 1.986721 1.437178 0.730290 0.994189 0.000000 0.354367 1.536679 1.632884 1.555095 0.047312 1.455743 0.855722 0.842302 0.132679 0.106651
0.658912 0.341088 1.341088 1.658912 0.815354 0.873355 0.910988 1.554653 0.671713 1.825237 1.094680 0.335923 0.561360 0.985770 0.921568 0.967832 0.845218 1.370929 0.911773 0.558183 0.420666 0.999892 1.579269 0.847489 0.619320 1.565193 0.318455 1.578907 1.829686 1.267295 0.268408 1.482462 0.721645 0.612059 0.686738 1.658912 1.082811 0.375923 1.348556 0.354367 0.000000 1.182312 1.987251 1.200728 0.401679 1.810110 1.210089 0.487935 0.487046 0.461018
1.841224 0.841224 0.158776 1.158776 1.997667 1.944333 1.906700 0.372341 0.510599 0.992450 0.087632 0.846389 0.620952 1.831918 0.260745 1.849856 1.972470 1.446759 1.905915 1.740496 1.602978 1.817796 1.238419 0.334824 1.801633 1.252494 0.863858 0.396594 0.988002 1.550393 1.450721 1.335226 0.460667 1.794371 1.869050 0.476600 0.099501 0.806389 1.469131 1.536679 1.182312 0.000000 0.830436 0.018416 1.583991 1.007577 1.607598 0.694377 1.669359 1.643331
1.328339 1.671661 0.671661 0.328339 1.171897 1.113896 1.076263 0.458096 1.341036 0.162014 0.918069 1.676826 1.451388 1.001481 1.091181 1.019419 1.142034 0.616323 1.075478 1.429068 1.566585 0.987360 0.407982 1.165260 1.367931 0.422058 1.694294 0.433842 0.157565 0.719957 1.718843 0.504789 1.291104 1.375192 1.300513 0.353837 0.929938 1.636826 0.638695 1.632884 1.987251 0.830436 0.000000 0.812020 1.585572 0.177141 0.777162 1.524814 1.500205 1.526233
1.859640 0.859640 0.140360 1.140360 1.983917 1.925917 1.888284 0.353925 0.529015 0.974034 0.106048 0.864805 0.639368 1.813502 0.279161 1.831440 1.954054 1.428343 1.887499 1.758912 1.621394 1.799380 1.220003 0.353240 1.820049 1.234078 0.882274 0.378178 0.969586 1.531977 1.469137 1.316810 0.479083 1.812788 1.887466 0.458183 0.117917 0.824805 1.450715 1.555095 1.200728 0.018416 0.812020 0.000000 1.602407 0.989161 1.589182 0.712793 1.687775 1.661747
0.257233 0.742767 1.742767 1.257233 0.413675 0.471676 0.509309 1.956332 1.073392 1.423558 1.496359 0.737602 0.963039 0.584091 1.323247 0.566153 0.443539 0.969250 0.510094 0.156504 0.018987 0.598213 1.177590 1.249168 0.217641 1.163514 0.720133 1.980586 1.428007 0.865616 0.133271 1.080783 1.123324 0.210380 0.285059 1.939409 1.484490 0.777602 0.946877 0.047312 0.401679 1.583991 1.585572 1.602407 0.000000 1.408431 0.808410 0.889614 0.085367 0.059339
1.151198 1.848802 0.848802 0.151198 0.994756 0.936756 0.899122 0.635237 1.518177 0.015127 1.095210 1.853967 1.628529 0.824341 1.268322 0.842278 0.964893 0.439182 0.898338 1.251927 1.389444 0.810219 0.230841 1.342401 1.190790 0.244917 1.871435 0.610983 0.019575 0.542816 1.541702 0.327648 1.468244 1.198051 1.123372 0.530978 1.107078 1.813967 0.461554 1.455743 1.810110 1.007577 0.177141 0.989161 1.408431 0.000000 0.600021 1.701955 1.323064 1.349092
0.551177 1.551177 1.448823 0.448823 0.394735 0.336735 0.299102 1.235258 1.881802 0.615148 1.695231 1.546012 1.771450 0.224320 1.868343 0.242257 0.364872 0.160839 0.298317 0.651906 0.789423 0.210198 0.369180 1.942422 0.590769 0.355104 1.528544 1.211004 0.619596 0.057205 0.941681 0.272373 1.931735 0.598030 0.523352 1.130999 1.707099 1.586012 0.138467 0.855722 1.210089 1.607598 0.777162 1.589182 0.808410 0.600021 0.000000 1.698024 0.723043 0.749071
1.146847 0.146847 0.853153 1.853153 1.303289 1.361290 1.398923 1.066718 0.183778 1.686828 0.606745 0.152012 0.073425 1.473705 0.433633 1.455767 1.333153 1.858864 1.399708 1.046118 0.908601 1.487827 1.932796 0.359554 1.107255 1.946872 0.169481 1.090972 1.682379 1.755230 0.756344 1.970397 0.233710 1.099994 1.174673 1.170977 0.594876 0.112012 1.836491 0.842302 0.487935 0.694377 1.524814 0.712793 0.889614 1.701955 1.698024 0.000000 0.974981 0.948953
0.171866 0.828134 1.828134 1.171866 0.328308 0.386308 0.423942 1.958301 1.158759 1.338191 1.581726 0.822969 1.048407 0.498723 1.408614 0.480786 0.358171 0.883882 0.424726 0.071137 0.066380 0.512845 1.092223 1.334535 0.132274 1.078147 0.805501 1.934047 1.342640 0.780248 0.218638 0.995416 1.208692 0.125013 0.199692 1.854042 1.569858 0.862969 0.861510 0.132679 0.487046 1.669359 1.500205 1.687775 0.085367 1.323064 0.723043 0.974981 0.000000 0.026028
0.197894 0.802106 1.802106 1.197894 0.354336 0.412336 0.449969 1.984328 1.132731 1.364219 1.555698 0.796941 1.022379 0.524751 1.382586 0.506814 0.384199 0.909910 0.450754 0.097165 0.040352 0.538873 1.118251 1.308507 0.158302 1.104175 0.779473 1.960075 1.368667 0.806276 0.192610 1.021444 1.182664 0.151041 0.225719 1.880070 1.543830 0.836941 0.887538 0.106651 0.461018 1.643331 1.526233 1.661747 0.059339 1.349092 0.749071 0.948953 0.026028 0.000000
