50
0.000000 1.000000 2.000000 1.000000 0.465215 1.669794 0.553866 0.331395 1.090928 1.672040 1.311270 1.735803 0.673927 0.922685 0.518076 1.223269 0.150241 1.772137 1.252382 0.913025 1.725968 0.369329 1.361306 0.146393 0.150325 0.612023 0.177254 1.989511 0.791314 1.984648 1.653532 1.921371 0.557199 0.609783 0.382471 1.293892 0.559676 1.915488 0.050851 1.533345 1.374445 1.206095 0.109914 0.095371 1.937241 0.987382 1.919388 1.119658 1.183168 0.345357
1.000000 0.000000 1.000000 2.000000 1.465215 1.330206 1.553866 0.668605 0.090928 0.672040 1.688730 0.735803 0.326073 1.922685 0.481924 1.776731 1.150241 1.227863 0.252382 1.913025 1.274032 1.369329 1.638694 0.853607 0.849675 1.612023 0.822746 1.010489 0.208686 0.984648 1.346468 0.921371 1.557199 0.390217 0.617529 0.293892 1.559676 1.084512 1.050851 0.533345 0.374445 0.206095 0.890086 1.095371 0.937241 0.012618 0.919388 0.119658 0.183168 1.345357
2.000000 1.000000 0.000000 1.000000 1.534785 0.330206 1.446134 1.668605 0.909072 0.327960 0.688730 0.264197 1.326073 1.077315 1.481924 0.776731 1.849759 0.227863 0.747618 1.086975 0.274032 1.630671 0.638694 1.853607 1.849675 1.387977 1.822746 0.010489 1.208686 0.015352 0.346468 0.078629 1.442801 1.390217 1.617529 0.706108 1.440324 0.084512 1.949149 0.466655 0.625555 0.793905 1.890086 1.904629 0.062759 1.012618 0.080612 0.880342 0.816832 1.654643
1.000000 2.000000 1.000000 0.000000 0.534785 0.669794 0.446134 1.331395 1.909072 1.327960 0.311270 1.264197 1.673927 0.077315 1.518076 0.223269 0.849759 0.772137 1.747618 0.086975 0.725968 0.630671 0.361306 1.146393 1.150325 0.387977 1.177254 0.989511 1.791314 1.015352 0.653532 1.078629 0.442801 1.609783 1.382471 1.706108 0.440324 0.915488 0.949149 1.466655 1.625555 1.793905 1.109914 0.904629 1.062759 1.987382 1.080612 1.880342 1.816832 0.654643
0.465215 1.465215 1.534785 0.534785 0.000000 1.204579 0.088651 0.796610 1.556143 1.862745 0.846055 1.798982 1.139141 0.457471 0.983291 0.758054 0.314974 1.306922 1.717597 0.447810 1.260753 0.095886 0.896091 0.611608 0.615540 0.146808 0.642469 1.524296 1.256529 1.550137 1.188318 1.613414 0.091984 1.074998 0.847686 1.759107 0.094461 1.450273 0.414363 1.998560 1.839660 1.671310 0.575129 0.369844 1.597544 1.452596 1.615397 1.584873 1.648383 0.119857
1.669794 1.330206 0.330206 0.669794 1.204579 0.000000 1.115928 1.998810 1.239278 0.658166 0.358525 0.594403 1.656279 0.747109 1.812130 0.446526 1.519553 0.102343 1.077823 0.756769 0.056174 1.300465 0.308489 1.816187 1.820119 1.057772 1.847049 0.319717 1.538891 0.345557 0.016262 0.408834 1.112596 1.720422 1.947735 1.036314 1.110119 0.245694 1.618943 0.796861 0.955760 1.124110 1.779709 1.574423 0.392965 1.342824 0.410818 1.210548 1.147038 1.324437
0.553866 1.553866 1.446134 0.446134 0.088651 1.115928 0.000000 0.885262 1.644794 1.774094 0.757403 1.710331 1.227793 0.368819 1.071942 0.669403 0.403625 1.218271 1.806249 0.359159 1.172102 0.184537 0.807439 0.700259 0.704191 0.058156 0.731121 1.435645 1.345181 1.461486 1.099666 1.524762 0.003333 1.163649 0.936337 1.847758 0.005809 1.361622 0.503015 1.912789 1.928311 1.759962 0.663781 0.458495 1.508893 1.541248 1.526746 1.673524 1.737034 0.208509
0.331395 0.668605 1.668605 1.331395 0.796610 1.998810 0.885262 0.000000 0.759532 1.340645 1.642665 1.404408 0.342531 1.254081 0.186681 1.554664 0.481637 1.896468 0.920987 1.244420 1.942637 0.700725 1.692701 0.185002 0.181071 0.943418 0.154141 1.679093 0.459919 1.653253 1.984928 1.589976 0.888594 0.278388 0.051076 0.962497 0.891071 1.753117 0.382247 1.201950 1.043050 0.874700 0.221481 0.426766 1.605846 0.655986 1.587993 0.788263 0.851773 0.676753
1.090928 0.090928 0.909072 1.909072 1.556143 1.239278 1.644794 0.759532 0.000000 0.581112 1.597802 0.644875 0.417001 1.986387 0.572852 1.685803 1.241169 1.136935 0.161455 1.996047 1.183104 1.460257 1.547767 0.944535 0.940603 1.702950 0.913673 0.919561 0.299614 0.893720 1.255540 0.830444 1.648127 0.481145 0.708457 0.202964 1.650603 0.993584 1.141779 0.442417 0.283517 0.115168 0.981014 1.186299 0.846313 0.103546 0.828460 0.028730 0.092240 1.436285
1.672040 0.672040 0.327960 1.327960 1.862745 0.658166 1.774094 1.340645 0.581112 0.000000 1.016690 0.063763 0.998114 1.405274 1.153964 1.104691 1.822281 0.555823 0.419658 1.414935 0.601992 1.958631 0.966654 1.525647 1.521715 1.715937 1.494786 0.338449 0.880726 0.312608 0.674428 0.249331 1.770761 1.062257 1.289569 0.378148 1.768284 0.412472 1.722892 0.138695 0.297595 0.465945 1.562126 1.767411 0.265201 0.684659 0.247348 0.552382 0.488872 1.982602
1.311270 1.688730 0.688730 0.311270 0.846055 0.358525 0.757403 1.642665 1.597802 1.016690 0.000000 0.952927 1.985196 0.388584 1.829346 0.088001 1.161028 0.460867 1.436348 0.398245 0.414698 0.941940 0.050036 1.457663 1.461595 0.699247 1.488524 0.678241 1.897416 0.704082 0.342263 0.767359 0.754071 1.921053 1.693741 1.394838 0.751594 0.604218 1.260418 1.155385 1.314285 1.482635 1.421184 1.215899 0.751489 1.701349 0.769342 1.569072 1.505562 0.965912
1.735803 0.735803 0.264197 1.264197 1.798982 0.594403 1.710331 1.404408 0.644875 0.063763 0.952927 0.000000 1.061877 1.341511 1.217727 1.040928 1.886044 0.492060 0.483421 1.351172 0.538229 1.894868 0.902891 1.589410 1.585478 1.652174 1.558549 0.274686 0.944489 0.248845 0.610665 0.185568 1.706998 1.126020 1.353332 0.441911 1.704521 0.348709 1.786654 0.202458 0.361358 0.529708 1.625889 1.831174 0.201438 0.748422 0.183585 0.616145 0.552635 1.918839
0.673927 0.326073 1.326073 1.673927 1.139141 1.656279 1.227793 0.342531 0.417001 0.998114 1.985196 1.061877 0.000000 1.596612 0.155850 1.897195 0.824168 1.553937 0.578456 1.586952 1.600106 1.043256 1.964768 0.527533 0.523602 1.285949 0.496672 1.336562 0.117388 1.310722 1.672541 1.247445 1.231125 0.064143 0.291456 0.619966 1.233602 1.410585 0.724778 0.859419 0.700519 0.532169 0.564012 0.769298 1.263315 0.313455 1.245462 0.445732 0.509242 1.019284
0.922685 1.922685 1.077315 0.077315 0.457471 0.747109 0.368819 1.254081 1.986387 1.405274 0.388584 1.341511 1.596612 0.000000 1.440762 0.300583 0.772444 0.849451 1.824932 0.009660 0.803282 0.553356 0.438620 1.069079 1.073010 0.310663 1.099940 1.066826 1.714000 1.092666 0.730847 1.155943 0.365487 1.532469 1.305156 1.783423 0.363010 0.992803 0.871834 1.543969 1.702869 1.871219 1.032600 0.827314 1.140073 1.910067 1.157926 1.957656 1.894147 0.577328
0.518076 0.481924 1.481924 1.518076 0.983291 1.812130 1.071942 0.186681 0.572852 1.153964 1.829346 1.217727 0.155850 1.440762 0.000000 1.741345 0.668317 1.709787 0.734306 1.431101 1.755956 0.887405 1.879382 0.371683 0.367751 1.130099 0.340822 1.492413 0.273238 1.466572 1.828392 1.403295 1.075275 0.091707 0.135605 0.775816 1.077752 1.566436 0.568927 1.015269 0.856369 0.688019 0.408162 0.613447 1.419165 0.469305 1.401312 0.601582 0.665092 0.863434
1.223269 1.776731 0.776731 0.223269 0.758054 0.446526 0.669403 1.554664 1.685803 1.104691 0.088001 1.040928 1.897195 0.300583 1.741345 0.000000 1.073027 0.548868 1.524349 0.310244 0.502699 0.853939 0.138037 1.369662 1.373594 0.611246 1.400523 0.766242 1.985417 0.792083 0.430264 0.855360 0.666070 1.833052 1.605740 1.482839 0.663593 0.692219 1.172417 1.243386 1.402286 1.570636 1.333183 1.127898 0.839490 1.789350 0.857343 1.657073 1.593563 0.877911
0.150241 1.150241 1.849759 0.849759 0.314974 1.519553 0.403625 0.481637 1.241169 1.822281 1.161028 1.886044 0.824168 0.772444 0.668317 1.073027 0.000000 1.621896 1.402624 0.762784 1.575727 0.219088 1.211064 0.296634 0.300566 0.461781 0.327496 1.839270 0.941556 1.865111 1.503291 1.928387 0.406958 0.760025 0.532712 1.444133 0.409434 1.765247 0.099390 1.683586 1.524687 1.356337 0.260156 0.054870 1.912518 1.137623 1.930371 1.269899 1.333409 0.195116
1.772137 1.227863 0.227863 0.772137 1.306922 0.102343 1.218271 1.896468 1.136935 0.555823 0.460867 0.492060 1.553937 0.849451 1.709787 0.548868 1.621896 0.000000 0.975481 0.859112 0.046169 1.402808 0.410831 1.918530 1.922462 1.160114 1.949391 0.217374 1.436549 0.243215 0.118605 0.306492 1.214938 1.618080 1.845392 0.933971 1.212461 0.143351 1.721285 0.694518 0.853418 1.021768 1.882051 1.676766 0.290622 1.240482 0.308475 1.108205 1.044695 1.426779
1.252382 0.252382 0.747618 1.747618 1.717597 1.077823 1.806249 0.920987 0.161455 0.419658 1.436348 0.483421 0.578456 1.824932 0.734306 1.524349 1.402624 0.975481 0.000000 1.834592 1.021650 1.621712 1.386312 1.105989 1.102058 1.864405 1.075128 0.758106 0.461068 0.732266 1.094085 0.668989 1.809581 0.642599 0.869911 0.041510 1.812058 0.832129 1.303234 0.280963 0.122063 0.046287 1.142468 1.347753 0.684859 0.265001 0.667006 0.132724 0.069214 1.597740
0.913025 1.913025 1.086975 0.086975 0.447810 0.756769 0.359159 1.244420 1.996047 1.414935 0.398245 1.351172 1.586952 0.009660 1.431101 0.310244 0.762784 0.859112 1.834592 0.000000 0.812943 0.543696 0.448281 1.059418 1.063350 0.301003 1.090279 1.076486 1.704339 1.102327 0.740507 1.165604 0.355826 1.522808 1.295496 1.793083 0.353349 1.002463 0.862174 1.553630 1.712530 1.880880 1.022939 0.817654 1.149734 1.900407 1.167587 1.967317 1.903807 0.567668
1.725968 1.274032 0.274032 0.725968 1.260753 0.056174 1.172102 1.942637 1.183104 0.601992 0.414698 0.538229 1.600106 0.803282 1.755956 0.502699 1.575727 0.046169 1.021650 0.812943 0.000000 1.356639 0.364662 1.872361 1.876293 1.113945 1.903222 0.263543 1.482718 0.289384 0.072436 0.352661 1.168769 1.664249 1.891561 0.980140 1.166292 0.189520 1.675116 0.740687 0.899587 1.067937 1.835882 1.630597 0.336791 1.286651 0.354644 1.154374 1.090864 1.380610
0.369329 1.369329 1.630671 0.630671 0.095886 1.300465 0.184537 0.700725 1.460257 1.958631 0.941940 1.894868 1.043256 0.553356 0.887405 0.853939 0.219088 1.402808 1.621712 0.543696 1.356639 0.000000 0.991976 0.515722 0.519654 0.242693 0.546584 1.620182 1.160644 1.646022 1.284203 1.709299 0.187869 0.979113 0.751800 1.663221 0.190346 1.546159 0.318478 1.902674 1.743775 1.575425 0.479244 0.273958 1.693430 1.356711 1.711283 1.488987 1.552497 0.023972
1.361306 1.638694 0.638694 0.361306 0.896091 0.308489 0.807439 1.692701 1.547767 0.966654 0.050036 0.902891 1.964768 0.438620 1.879382 0.138037 1.211064 0.410831 1.386312 0.448281 0.364662 0.991976 0.000000 1.507699 1.511630 0.749283 1.538560 0.628205 1.847380 0.654046 0.292227 0.717323 0.804107 1.971089 1.743777 1.344802 0.801630 0.554182 1.310454 1.105349 1.264249 1.432599 1.471220 1.265935 0.701453 1.651313 0.719306 1.519036 1.455526 1.015948
0.146393 0.853607 1.853607 1.146393 0.611608 1.816187 0.700259 0.185002 0.944535 1.525647 1.457663 1.589410 0.527533 1.069079 0.371683 1.369662 0.296634 1.918530 1.105989 1.059418 1.872361 0.515722 1.507699 0.000000 0.003932 0.758416 0.030861 1.864096 0.644921 1.838255 1.799925 1.774978 0.703592 0.463390 0.236078 1.147499 0.706069 1.938119 0.197244 1.386952 1.228052 1.059702 0.036479 0.241764 1.790848 0.840988 1.772995 0.973265 1.036775 0.491751
0.150325 0.849675 1.849675 1.150325 0.615540 1.820119 0.704191 0.181071 0.940603 1.521715 1.461595 1.585478 0.523602 1.073010 0.367751 1.373594 0.300566 1.922462 1.102058 1.063350 1.876293 0.519654 1.511630 0.003932 0.000000 0.762347 0.026930 1.860164 0.640989 1.834323 1.803857 1.771047 0.707524 0.459458 0.232146 1.143567 0.710000 1.934187 0.201176 1.383020 1.224120 1.055771 0.040411 0.245696 1.786916 0.837057 1.769063 0.969333 1.032843 0.495682
0.612023 1.612023 1.387977 0.387977 0.146808 1.057772 0.058156 0.943418 1.702950 1.715937 0.699247 1.652174 1.285949 0.310663 1.130099 0.611246 0.461781 1.160114 1.864405 0.301003 1.113945 0.242693 0.749283 0.758416 0.762347 0.000000 0.789277 1.377489 1.403337 1.403329 1.041510 1.466606 0.054824 1.221806 0.994494 1.905915 0.052347 1.303466 0.561171 1.854632 1.986468 1.818118 0.721937 0.516652 1.450736 1.599404 1.468589 1.731681 1.795191 0.266665
0.177254 0.822746 1.822746 1.177254 0.642469 1.847049 0.731121 0.154141 0.913673 1.494786 1.488524 1.558549 0.496672 1.099940 0.340822 1.400523 0.327496 1.949391 1.075128 1.090279 1.903222 0.546584 1.538560 0.030861 0.026930 0.789277 0.000000 1.833235 0.614060 1.807394 1.830787 1.744117 0.734453 0.432529 0.205217 1.116638 0.736930 1.907258 0.228106 1.356091 1.197191 1.028841 0.067340 0.272625 1.759987 0.810127 1.742134 0.942404 1.005914 0.522612
1.989511 1.010489 0.010489 0.989511 1.524296 0.319717 1.435645 1.679093 0.919561 0.338449 0.678241 0.274686 1.336562 1.066826 1.492413 0.766242 1.839270 0.217374 0.758106 1.076486 0.263543 1.620182 0.628205 1.864096 1.860164 1.377489 1.833235 0.000000 1.219175 0.025841 0.335979 0.089118 1.432312 1.400706 1.628018 0.716597 1.429835 0.074023 1.938660 0.477144 0.636044 0.804394 1.900575 1.894140 0.073248 1.023107 0.091101 0.890831 0.827321 1.644154
0.791314 0.208686 1.208686 1.791314 1.256529 1.538891 1.345181 0.459919 0.299614 0.880726 1.897416 0.944489 0.117388 1.714000 0.273238 1.985417 0.941556 1.436549 0.461068 1.704339 1.482718 1.160644 1.847380 0.644921 0.640989 1.403337 0.614060 1.219175 0.000000 1.193334 1.555153 1.130057 1.348513 0.181531 0.408843 0.502578 1.350990 1.293198 0.842166 0.742031 0.583131 0.414781 0.681400 0.886685 1.145927 0.196067 1.128074 0.328344 0.391854 1.136672
1.984648 0.984648 0.015352 1.015352 1.550137 0.345557 1.461486 1.653253 0.893720 0.312608 0.704082 0.248845 1.310722 1.092666 1.466572 0.792083 1.865111 0.243215 0.732266 1.102327 0.289384 1.646022 0.654046 1.838255 1.834323 1.403329 1.807394 0.025841 1.193334 0.000000 0.361819 0.063277 1.458153 1.374865 1.602177 0.690756 1.455676 0.099864 1.964500 0.451303 0.610203 0.778553 1.874734 1.919981 0.047407 0.997267 0.065260 0.864990 0.801480 1.669994
1.653532 1.346468 0.346468 0.653532 1.188318 0.016262 1.099666 1.984928 1.255540 0.674428 0.342263 0.610665 1.672541 0.730847 1.828392 0.430264 1.503291 0.118605 1.094085 0.740507 0.072436 1.284203 0.292227 1.799925 1.803857 1.041510 1.830787 0.335979 1.555153 0.361819 0.000000 0.425096 1.096334 1.736684 1.963997 1.052576 1.093857 0.261956 1.602681 0.813123 0.972022 1.140372 1.763447 1.558161 0.409226 1.359086 0.427080 1.226810 1.163300 1.308175
1.921371 0.921371 0.078629 1.078629 1.613414 0.408834 1.524762 1.589976 0.830444 0.249331 0.767359 0.185568 1.247445 1.155943 1.403295 0.855360 1.928387 0.306492 0.668989 1.165604 0.352661 1.709299 0.717323 1.774978 1.771047 1.466606 1.744117 0.089118 1.130057 0.063277 0.425096 0.000000 1.521430 1.311588 1.538900 0.627479 1.518953 0.163141 1.972223 0.388026 0.546926 0.715276 1.811457 1.983258 0.015870 0.933990 0.001983 0.801713 0.738203 1.733271
0.557199 1.557199 1.442801 0.442801 0.091984 1.112596 0.003333 0.888594 1.648127 1.770761 0.754071 1.706998 1.231125 0.365487 1.075275 0.666070 0.406958 1.214938 1.809581 0.355826 1.168769 0.187869 0.804107 0.703592 0.707524 0.054824 0.734453 1.432312 1.348513 1.458153 1.096334 1.521430 0.000000 1.166982 0.939670 1.851091 0.002477 1.358289 0.506347 1.909456 1.931644 1.763294 0.667113 0.461828 1.505560 1.544580 1.523413 1.676857 1.740367 0.211841
0.609783 0.390217 1.390217 1.609783 1.074998 1.720422 1.163649 0.278388 0.481145 1.062257 1.921053 1.126020 0.064143 1.532469 0.091707 1.833052 0.760025 1.618080 0.642599 1.522808 1.664249 0.979113 1.971089 0.463390 0.459458 1.221806 0.432529 1.400706 0.181531 1.374865 1.736684 1.311588 1.166982 0.000000 0.227312 0.684109 1.169459 1.474729 0.660635 0.923562 0.764662 0.596312 0.499869 0.705154 1.327458 0.377598 1.309605 0.509875 0.573385 0.955141
0.382471 0.617529 1.617529 1.382471 0.847686 1.947735 0.936337 0.051076 0.708457 1.289569 1.693741 1.353332 0.291456 1.305156 0.135605 1.605740 0.532712 1.845392 0.869911 1.295496 1.891561 0.751800 1.743777 0.236078 0.232146 0.994494 0.205217 1.628018 0.408843 1.602177 1.963997 1.538900 0.939670 0.227312 0.000000 0.911421 0.942147 1.702041 0.433322 1.150874 0.991974 0.823624 0.272557 0.477842 1.554770 0.604911 1.536917 0.737187 0.800697 0.727828
1.293892 0.293892 0.706108 1.706108 1.759107 1.036314 1.847758 0.962497 0.202964 0.378148 1.394838 0.441911 0.619966 1.783423 0.775816 1.482839 1.444133 0.933971 0.041510 1.793083 0.980140 1.663221 1.344802 1.147499 1.143567 1.905915 1.116638 0.716597 0.502578 0.690756 1.052576 0.627479 1.851091 0.684109 0.911421 0.000000 1.853568 0.790620 1.344743 0.239453 0.080553 0.087797 1.183978 1.389263 0.643349 0.306511 0.625496 0.174234 0.110724 1.639250
0.559676 1.559676 1.440324 0.440324 0.094461 1.110119 0.005809 0.891071 1.650603 1.768284 0.751594 1.704521 1.233602 0.363010 1.077752 0.663593 0.409434 1.212461 1.812058 0.353349 1.166292 0.190346 0.801630 0.706069 0.710000 0.052347 0.736930 1.429835 1.350990 1.455676 1.093857 1.518953 0.002477 1.169459 0.942147 1.853568 0.000000 1.355812 0.508824 1.906979 1.934121 1.765771 0.669590 0.464305 1.503083 1.547057 1.520936 1.679334 1.742844 0.214318
1.915488 1.084512 0.084512 0.915488 1.450273 0.245694 1.361622 1.753117 0.993584 0.412472 0.604218 0.348709 1.410585 0.992803 1.566436 0.692219 1.765247 0.143351 0.832129 1.002463 0.189520 1.546159 0.554182 1.938119 1.934187 1.303466 1.907258 0.074023 1.293198 0.099864 0.261956 0.163141 1.358289 1.474729 1.702041 0.790620 1.355812 0.000000 1.864637 0.551167 0.710067 0.878417 1.974598 1.820117 0.147271 1.097130 0.165124 0.964854 0.901344 1.570131
0.050851 1.050851 1.949149 0.949149 0.414363 1.618943 0.503015 0.382247 1.141779 1.722892 1.260418 1.786654 0.724778 0.871834 0.568927 1.172417 0.099390 1.721285 1.303234 0.862174 1.675116 0.318478 1.310454 0.197244 0.201176 0.561171 0.228106 1.938660 0.842166 1.964500 1.602681 1.972223 0.506347 0.660635 0.433322 1.344743 0.508824 1.864637 0.000000 1.584197 1.425297 1.256947 0.160766 0.044520 1.988093 1.038233 1.970240 1.170510 1.234019 0.294506
1.533345 0.533345 0.466655 1.466655 1.998560 0.796861 1.912789 1.201950 0.442417 0.138695 1.155385 0.202458 0.859419 1.543969 1.015269 1.243386 1.683586 0.694518 0.280963 1.553630 0.740687 1.902674 1.105349 1.386952 1.383020 1.854632 1.356091 0.477144 0.742031 0.451303 0.813123 0.388026 1.909456 0.923562 1.150874 0.239453 1.906979 0.551167 1.584197 0.000000 0.158900 0.327250 1.423431 1.628716 0.403896 0.545964 0.386043 0.413687 0.350177 1.878703
1.374445 0.374445 0.625555 1.625555 1.839660 0.955760 1.928311 1.043050 0.283517 0.297595 1.314285 0.361358 0.700519 1.702869 0.856369 1.402286 1.524687 0.853418 0.122063 1.712530 0.899587 1.743775 1.264249 1.228052 1.224120 1.986468 1.197191 0.636044 0.583131 0.610203 0.972022 0.546926 1.931644 0.764662 0.991974 0.080553 1.934121 0.710067 1.425297 0.158900 0.000000 0.168350 1.264531 1.469816 0.562796 0.387064 0.544943 0.254787 0.191277 1.719803
1.206095 0.206095 0.793905 1.793905 1.671310 1.124110 1.759962 0.874700 0.115168 0.465945 1.482635 0.529708 0.532169 1.871219 0.688019 1.570636 1.356337 1.021768 0.046287 1.880880 1.067937 1.575425 1.432599 1.059702 1.055771 1.818118 1.028841 0.804394 0.414781 0.778553 1.140372 0.715276 1.763294 0.596312 0.823624 0.087797 1.765771 0.878417 1.256947 0.327250 0.168350 0.000000 1.096181 1.301466 0.731146 0.218714 0.713293 0.086437 0.022927 1.551453
0.109914 0.890086 1.890086 1.109914 0.575129 1.779709 0.663781 0.221481 0.981014 1.562126 1.421184 1.625889 0.564012 1.032600 0.408162 1.333183 0.260156 1.882051 1.142468 1.022939 1.835882 0.479244 1.471220 0.036479 0.040411 0.721937 0.067340 1.900575 0.681400 1.874734 1.763447 1.811457 0.667113 0.499869 0.272557 1.183978 0.669590 1.974598 0.160766 1.423431 1.264531 1.096181 0.000000 0.205285 1.827327 0.877467 1.809474 1.009744 1.073254 0.455272
0.095371 1.095371 1.904629 0.904629 0.369844 1.574423 0.458495 0.426766 1.186299 1.767411 1.215899 1.831174 0.769298 0.827314 0.613447 1.127898 0.054870 1.676766 1.347753 0.817654 1.630597 0.273958 1.265935 0.241764 0.245696 0.516652 0.272625 1.894140 0.886685 1.919981 1.558161 1.983258 0.461828 0.705154 0.477842 1.389263 0.464305 1.820117 0.044520 1.628716 1.469816 1.301466 0.205285 0.000000 1.967388 1.082753 1.985241 1.215029 1.278539 0.249986
1.937241 0.937241 0.062759 1.062759 1.597544 0.392965 1.508893 1.605846 0.846313 0.265201 0.751489 0.201438 1.263315 1.140073 1.419165 0.839490 1.912518 0.290622 0.684859 1.149734 0.336791 1.693430 0.701453 1.790848 1.786916 1.450736 1.759987 0.073248 1.145927 0.047407 0.409226 0.015870 1.505560 1.327458 1.554770 0.643349 1.503083 0.147271 1.988093 0.403896 0.562796 0.731146 1.827327 1.967388 0.000000 0.949860 0.017853 0.817583 0.754073 1.717401
0.987382 0.012618 1.012618 1.987382 1.452596 1.342824 1.541248 0.655986 0.103546 0.684659 1.701349 0.748422 0.313455 1.910067 0.469305 1.789350 1.137623 1.240482 0.265001 1.900407 1.286651 1.356711 1.651313 0.840988 0.837057 1.599404 0.810127 1.023107 0.196067 0.997267 1.359086 0.933990 1.544580 0.377598 0.604911 0.306511 1.547057 1.097130 1.038233 0.545964 0.387064 0.218714 0.877467 1.082753 0.949860 0.000000 0.932007 0.132277 0.195787 1.332739
1.919388 0.919388 0.080612 1.080612 1.615397 0.410818 1.526746 1.587993 0.828460 0.247348 0.769342 0.183585 1.245462 1.157926 1.401312 0.857343 1.930371 0.308475 0.667006 1.167587 0.354644 1.711283 0.719306 1.772995 1.769063 1.468589 1.742134 0.091101 1.128074 0.065260 0.427080 0.001983 1.523413 1.309605 1.536917 0.625496 1.520936 0.165124 1.970240 0.386043 0.544943 0.713293 1.809474 1.985241 0.017853 0.932007 0.000000 0.799730 0.736220 1.735254
1.119658 0.119658 0.880342 1.880342 1.584873 1.210548 1.673524 0.788263 0.028730 0.552382 1.569072 0.616145 0.445732 1.957656 0.601582 1.657073 1.269899 1.108205 0.132724 1.967317 1.154374 1.488987 1.519036 0.973265 0.969333 1.731681 0.942404 0.890831 0.328344 0.864990 1.226810 0.801713 1.676857 0.509875 0.737187 0.174234 1.679334 0.964854 1.170510 0.413687 0.254787 0.086437 1.009744 1.215029 0.817583 0.132277 0.799730 0.000000 0.063510 1.465016
1.183168 0.183168 0.816832 1.816832 1.648383 1.147038 1.737034 0.851773 0.092240 0.488872 1.505562 0.552635 0.509242 1.894147 0.665092 1.593563 1.333409 1.044695 0.069214 1.903807 1.090864 1.552497 1.455526 1.036775 1.032843 1.795191 1.005914 0.827321 0.391854 0.801480 1.163300 0.738203 1.740367 0.573385 0.800697 0.110724 1.742844 0.901344 1.234019 0.350177 0.191277 0.022927 1.073254 1.278539 0.754073 0.195787 0.736220 0.063510 0.000000 1.528526
0.345357 1.345357 1.654643 0.654643 0.119857 1.324437 0.208509 0.676753 1.436285 1.982602 0.965912 1.918839 1.019284 0.577328 0.863434 0.877911 0.195116 1.426779 1.597740 0.567668 1.380610 0.023972 1.015948 0.491751 0.495682 0.266665 0.522612 1.644154 1.136672 1.669994 1.308175 1.733271 0.211841 0.955141 0.727828 1.639250 0.214318 1.570131 0.294506 1.878703 1.719803 1.551453 0.455272 0.249986 1.717401 1.332739 1.735254 1.465016 1.528526 0.000000
