25
0.000000 1.000000 2.000000 1.000000 1.438486 0.638747 0.427874 0.367415 1.727323 1.383708 1.826243 0.819361 1.518906 1.808668 0.816466 0.700310 1.930255 1.886439 1.271081 1.276463 0.080363 1.105024 0.096774 0.419929 1.048671
1.000000 0.000000 1.000000 2.000000 1.561514 1.638747 0.572126 1.367415 0.727323 1.616292 1.173757 0.180639 0.518906 1.191332 1.816466 0.299690 1.069745 1.113561 1.728919 1.723537 1.080363 0.105024 0.903226 0.580071 0.048671
2.000000 1.000000 0.000000 1.000000 0.561514 1.361253 1.572126 1.632585 0.272677 0.616292 0.173757 1.180639 0.481094 0.191332 1.183534 1.299690 0.069745 0.113561 0.728919 0.723537 1.919637 0.894976 1.903226 1.580071 0.951329
1.000000 2.000000 1.000000 0.000000 0.438486 0.361253 1.427874 0.632585 1.272677 0.383708 0.826243 1.819361 1.481094 0.808668 0.183534 1.700310 0.930255 0.886439 0.271081 0.276463 0.919637 1.894976 1.096774 1.419929 1.951329
1.438486 1.561514 0.561514 0.438486 0.000000 0.799739 1.866360 1.071071 0.834191 0.054779 0.387757 1.742153 1.042608 0.370182 0.622020 1.861204 0.491769 0.447953 0.167405 0.162023 1.358123 1.456490 1.535260 1.858415 1.512843
0.638747 1.638747 1.361253 0.361253 0.799739 0.000000 1.066621 0.271332 1.633930 0.744961 1.187496 1.458108 1.842347 1.169921 0.177719 1.339057 1.291508 1.247692 0.632334 0.637716 0.558384 1.743771 0.735521 1.058676 1.687418
0.427874 0.572126 1.572126 1.427874 1.866360 1.066621 0.000000 0.795289 1.299449 1.811582 1.745883 0.391487 1.091032 1.763458 1.244340 0.272436 1.641871 1.685687 1.698955 1.704337 0.508237 0.677150 0.331100 0.007945 0.620797
0.367415 1.367415 1.632585 0.632585 1.071071 0.271332 0.795289 0.000000 1.905262 1.016292 1.458828 1.186776 1.886322 1.441253 0.449051 1.067726 1.562840 1.519024 0.903666 0.909048 0.287052 1.472439 0.464189 0.787344 1.416086
1.727323 0.727323 0.272677 1.272677 0.834191 1.633930 1.299449 1.905262 0.000000 0.888969 0.446434 0.907962 0.208417 0.464009 1.456211 1.027013 0.342422 0.386238 1.001596 0.996214 1.807686 0.622299 1.630549 1.307394 0.678652
1.383708 1.616292 0.616292 0.383708 0.054779 0.744961 1.811582 1.016292 0.888969 0.000000 0.442535 1.796931 1.097386 0.424961 0.567242 1.915982 0.546547 0.502732 0.112626 0.107245 1.303344 1.511268 1.480482 1.803636 1.567621
1.826243 1.173757 0.173757 0.826243 0.387757 1.187496 1.745883 1.458828 0.446434 0.442535 0.000000 1.354396 0.654851 0.017575 1.009777 1.473447 0.104012 0.060196 0.555162 0.549780 1.745880 1.068733 1.923017 1.753828 1.125086
0.819361 0.180639 1.180639 1.819361 1.742153 1.458108 0.391487 1.186776 0.907962 1.796931 1.354396 0.000000 0.699545 1.371971 1.635827 0.119051 1.250384 1.294200 1.909558 1.904176 0.899724 0.285663 0.722587 0.399432 0.229310
1.518906 0.518906 0.481094 1.481094 1.042608 1.842347 1.091032 1.886322 0.208417 1.097386 0.654851 0.699545 0.000000 0.672426 1.664628 0.818596 0.550839 0.594655 1.210012 1.204631 1.599270 0.413882 1.422132 1.098977 0.470235
1.808668 1.191332 0.191332 0.808668 0.370182 1.169921 1.763458 1.441253 0.464009 0.424961 0.017575 1.371971 0.672426 0.000000 0.992202 1.491022 0.121587 0.077771 0.537587 0.532205 1.728305 1.086308 1.905442 1.771403 1.142661
0.816466 1.816466 1.183534 0.183534 0.622020 0.177719 1.244340 0.449051 1.456211 0.567242 1.009777 1.635827 1.664628 0.992202 0.000000 1.516776 1.113789 1.069973 0.454616 0.459997 0.736102 1.921490 0.913240 1.236395 1.865137
0.700310 0.299690 1.299690 1.700310 1.861204 1.339057 0.272436 1.067726 1.027013 1.915982 1.473447 0.119051 0.818596 1.491022 1.516776 0.000000 1.369435 1.413250 1.971392 1.976773 0.780674 0.404714 0.603536 0.280381 0.348361
1.930255 1.069745 0.069745 0.930255 0.491769 1.291508 1.641871 1.562840 0.342422 0.546547 0.104012 1.250384 0.550839 0.121587 1.113789 1.369435 0.000000 0.043816 0.659174 0.653792 1.849892 0.964721 1.972971 1.649816 1.021074
1.886439 1.113561 0.113561 0.886439 0.447953 1.247692 1.685687 1.519024 0.386238 0.502732 0.060196 1.294200 0.594655 0.077771 1.069973 1.413250 0.043816 0.000000 0.615358 0.609976 1.806076 1.008537 1.983213 1.693632 1.064890
1.271081 1.728919 0.728919 0.271081 0.167405 0.632334 1.698955 0.903666 1.001596 0.112626 0.555162 1.909558 1.210012 0.537587 0.454616 1.971392 0.659174 0.615358 0.000000 0.005381 1.190718 1.623895 1.367855 1.691010 1.680248
1.276463 1.723537 0.723537 0.276463 0.162023 0.637716 1.704337 0.909048 0.996214 0.107245 0.549780 1.904176 1.204631 0.532205 0.459997 1.976773 0.653792 0.609976 0.005381 0.000000 1.196099 1.618513 1.373237 1.696392 1.674866
0.080363 1.080363 1.919637 0.919637 1.358123 0.558384 0.508237 0.287052 1.807686 1.303344 1.745880 0.899724 1.599270 1.728305 0.736102 0.780674 1.849892 1.806076 1.190718 1.196099 0.000000 1.185387 0.177137 0.500292 1.129034
1.105024 0.105024 0.894976 1.894976 1.456490 1.743771 0.677150 1.472439 0.622299 1.511268 1.068733 0.285663 0.413882 1.086308 1.921490 0.404714 0.964721 1.008537 1.623895 1.618513 1.185387 0.000000 1.008250 0.685095 0.056353
0.096774 0.903226 1.903226 1.096774 1.535260 0.735521 0.331100 0.464189 1.630549 1.480482 1.923017 0.722587 1.422132 1.905442 0.913240 0.603536 1.972971 1.983213 1.367855 1.373237 0.177137 1.008250 0.000000 0.323155 0.951897
0.419929 0.580071 1.580071 1.419929 1.858415 1.058676 0.007945 0.787344 1.307394 1.803636 1.753828 0.399432 1.098977 1.771403 1.236395 0.280381 1.649816 1.693632 1.691010 1.696392 0.500292 0.685095 0.323155 0.000000 0.628742
1.048671 0.048671 0.951329 1.951329 1.512843 1.687418 0.620797 1.416086 0.678652 1.567621 1.125086 0.229310 0.470235 1.142661 1.865137 0.348361 1.021074 1.064890 1.680248 1.674866 1.129034 0.056353 0.951897 0.628742 0.000000
