40
0.000000 1.000000 2.000000 1.000000 0.496911 1.416190 1.858163 1.468692 1.232072 1.326950 0.690505 1.499849 1.268062 0.849856 1.263577 0.502658 1.015102 0.623918 1.335110 0.752453 0.930576 0.034061 0.067776 1.485921 0.598315 0.924526 0.307779 1.511826 0.499350 1.917880 0.104568 0.682333 1.136422 1.714283 1.325797 0.018244 0.723333 0.045565 0.761678 1.968292
1.000000 0.000000 1.000000 2.000000 1.496911 0.416190 0.858163 0.468692 0.232072 1.673050 0.309495 0.499849 1.731938 0.150144 0.263577 1.502658 1.984898 0.376082 1.664890 0.247547 1.930576 0.965939 0.932224 0.485921 0.401685 0.075474 0.692221 0.511826 0.500650 0.917880 0.895432 0.317667 0.136422 0.714283 0.325797 1.018244 0.276667 0.954435 0.238322 0.968292
2.000000 1.000000 0.000000 1.000000 1.503089 0.583810 0.141837 0.531308 0.767928 0.673050 1.309495 0.500151 0.731938 1.150144 0.736423 1.497342 0.984898 1.376082 0.664890 1.247547 1.069424 1.965939 1.932224 0.514079 1.401685 1.075474 1.692221 0.488174 1.500650 0.082120 1.895432 1.317667 0.863578 0.285717 0.674203 1.981756 1.276667 1.954435 1.238322 0.031708
1.000000 2.000000 1.000000 0.000000 0.503089 1.583810 1.141837 1.531308 1.767928 0.326950 1.690505 1.500151 0.268062 1.849856 1.736423 0.497342 0.015102 1.623918 0.335110 1.752453 0.069424 1.034061 1.067776 1.514079 1.598315 1.924526 1.307779 1.488174 1.499350 1.082120 1.104568 1.682333 1.863578 1.285717 1.674203 0.981756 1.723333 1.045565 1.761678 1.031708
0.496911 1.496911 1.503089 0.503089 0.000000 1.913101 1.644926 1.965604 1.728984 0.830039 1.187416 1.996761 0.771150 1.346767 1.760489 0.005746 0.518190 1.120830 0.838199 1.249364 0.433665 0.530973 0.564687 1.982832 1.095227 1.421438 0.804691 1.991262 0.996261 1.585209 0.601480 1.179244 1.633333 1.788806 1.822708 0.478667 1.220244 0.542477 1.258589 1.534796
1.416190 0.416190 0.583810 1.583810 1.913101 0.000000 0.441973 0.052503 0.184117 1.256860 0.725685 0.083659 1.315749 0.566334 0.152612 1.918847 1.568708 0.792271 1.248700 0.663737 1.653234 1.382128 1.348414 0.069731 0.817874 0.491663 1.108410 0.095637 0.916840 0.501690 1.311622 0.733857 0.279768 0.298093 0.090393 1.434434 0.692857 1.370624 0.654512 0.552103
1.858163 0.858163 0.141837 1.141837 1.644926 0.441973 0.000000 0.389470 0.626090 0.814887 1.167658 0.358313 0.873776 1.008307 0.594585 1.639180 1.126736 1.234244 0.806727 1.105710 1.211261 1.824101 1.790387 0.372242 1.259847 0.933636 1.550383 0.346336 1.358813 0.059717 1.753594 1.175830 0.721741 0.143880 0.532366 1.876407 1.134830 1.812597 1.096485 0.110130
1.468692 0.468692 0.531308 1.531308 1.965604 0.052503 0.389470 0.000000 0.236620 1.204358 0.778187 0.031157 1.263246 0.618837 0.205115 1.971350 1.516206 0.844774 1.196197 0.716240 1.600731 1.434631 1.400916 0.017228 0.870377 0.544166 1.160913 0.043134 0.969342 0.449187 1.364124 0.786359 0.332271 0.245590 0.142896 1.486936 0.745360 1.423127 0.707015 0.499600
1.232072 0.232072 0.767928 1.767928 1.728984 0.184117 0.626090 0.236620 0.000000 1.440978 0.541567 0.267777 1.499866 0.382217 0.031505 1.734730 1.752826 0.608154 1.432818 0.479620 1.837352 1.198011 1.164296 0.253848 0.633757 0.307546 0.924293 0.279754 0.732722 0.685807 1.127504 0.549739 0.095651 0.482210 0.093724 1.250316 0.508740 1.186507 0.470395 0.736220
1.326950 1.673050 0.673050 0.326950 0.830039 1.256860 0.814887 1.204358 1.440978 0.000000 1.982545 1.173201 0.058888 1.823194 1.409473 0.824292 0.311848 1.950869 0.008160 1.920597 0.396374 1.361011 1.394726 1.187129 1.925265 1.748524 1.634729 1.161223 1.826300 0.755170 1.431518 1.990717 1.536628 0.958767 1.347253 1.308706 1.949717 1.372515 1.911372 0.704757
0.690505 0.309495 1.309495 1.690505 1.187416 0.725685 1.167658 0.778187 0.541567 1.982545 0.000000 0.809344 1.958567 0.159351 0.573072 1.193163 1.705607 0.066586 1.974385 0.061948 1.621081 0.656444 0.622729 0.795416 0.092190 0.234021 0.382726 0.821322 0.191155 1.227375 0.585937 0.008172 0.445917 1.023778 0.635292 0.708749 0.032828 0.644940 0.071173 1.277788
1.499849 0.499849 0.500151 1.500151 1.996761 0.083659 0.358313 0.031157 0.267777 1.173201 0.809344 0.000000 1.232089 0.649994 0.236272 1.997493 1.485049 0.875931 1.165041 0.747396 1.569575 1.465788 1.432073 0.013929 0.901534 0.575323 1.192070 0.011977 1.000499 0.418031 1.395281 0.817516 0.363427 0.214434 0.174053 1.518093 0.776516 1.454284 0.738172 0.468443
1.268062 1.731938 0.731938 0.268062 0.771150 1.315749 0.873776 1.263246 1.499866 0.058888 1.958567 1.232089 0.000000 1.882083 1.468361 0.765404 0.252960 1.891980 0.067048 1.979486 0.337486 1.302123 1.335838 1.246018 1.866377 1.807412 1.575841 1.220112 1.767412 0.814058 1.372630 1.950395 1.595516 1.017655 1.406142 1.249818 1.991395 1.313627 1.970261 0.763646
0.849856 0.150144 1.150144 1.849856 1.346767 0.566334 1.008307 0.618837 0.382217 1.823194 0.159351 0.649994 1.882083 0.000000 0.413722 1.352513 1.864958 0.225937 1.815034 0.097403 1.780432 0.815794 0.782080 0.636065 0.251540 0.074671 0.542076 0.661971 0.350506 1.068024 0.745288 0.167523 0.286566 0.864427 0.475941 0.868100 0.126523 0.804290 0.088178 1.118437
1.263577 0.263577 0.736423 1.736423 1.760489 0.152612 0.594585 0.205115 0.031505 1.409473 0.573072 0.236272 1.468361 0.413722 0.000000 1.766235 1.721321 0.639659 1.401312 0.511125 1.805846 1.229516 1.195801 0.222343 0.665262 0.339051 0.955798 0.248249 0.764227 0.654302 1.159009 0.581244 0.127156 0.450705 0.062219 1.281822 0.540245 1.218012 0.501900 0.704715
0.502658 1.502658 1.497342 0.497342 0.005746 1.918847 1.639180 1.971350 1.734730 0.824292 1.193163 1.997493 0.765404 1.352513 1.766235 0.000000 0.512444 1.126576 0.832452 1.255111 0.427918 0.536719 0.570434 1.988578 1.100973 1.427184 0.810437 1.985516 1.002008 1.579462 0.607226 1.184991 1.639080 1.783059 1.828454 0.484414 1.225991 0.548223 1.264335 1.529050
1.015102 1.984898 0.984898 0.015102 0.518190 1.568708 1.126736 1.516206 1.752826 0.311848 1.705607 1.485049 0.252960 1.864958 1.721321 0.512444 0.000000 1.639020 0.320008 1.767555 0.084526 1.049163 1.082878 1.498977 1.613417 1.939628 1.322881 1.473072 1.514452 1.067018 1.119670 1.697435 1.848476 1.270615 1.659101 0.996858 1.738435 1.060667 1.776780 1.016606
0.623918 0.376082 1.376082 1.623918 1.120830 0.792271 1.234244 0.844774 0.608154 1.950869 0.066586 0.875931 1.891980 0.225937 0.639659 1.126576 1.639020 0.000000 1.959029 0.128534 1.554495 0.589857 0.556143 0.862002 0.025603 0.300608 0.316139 0.887908 0.124569 1.293961 0.519350 0.058414 0.512503 1.090364 0.701878 0.642163 0.099414 0.578353 0.137759 1.344374
1.335110 1.664890 0.664890 0.335110 0.838199 1.248700 0.806727 1.196197 1.432818 0.008160 1.974385 1.165041 0.067048 1.815034 1.401312 0.832452 0.320008 1.959029 0.000000 1.912437 0.404534 1.369171 1.402886 1.178969 1.933426 1.740363 1.642889 1.153063 1.834460 0.747010 1.439678 1.982557 1.528468 0.950607 1.339093 1.316866 1.941557 1.380676 1.903212 0.696597
0.752453 0.247547 1.247547 1.752453 1.249364 0.663737 1.105710 0.716240 0.479620 1.920597 0.061948 0.747396 1.979486 0.097403 0.511125 1.255111 1.767555 0.128534 1.912437 0.000000 1.683029 0.718392 0.684677 0.733468 0.154137 0.172074 0.444673 0.759374 0.253103 1.165427 0.647885 0.070120 0.383969 0.961830 0.573344 0.770697 0.029120 0.706887 0.009225 1.215840
0.930576 1.930576 1.069424 0.069424 0.433665 1.653234 1.211261 1.600731 1.837352 0.396374 1.621081 1.569575 0.337486 1.780432 1.805846 0.427918 0.084526 1.554495 0.404534 1.683029 0.000000 0.964637 0.998352 1.583503 1.528891 1.855103 1.238355 1.557597 1.429926 1.151544 1.035144 1.612909 1.933002 1.355141 1.743627 0.912332 1.653909 0.976142 1.692254 1.101131
0.034061 0.965939 1.965939 1.034061 0.530973 1.382128 1.824101 1.434631 1.198011 1.361011 0.656444 1.465788 1.302123 0.815794 1.229516 0.536719 1.049163 0.589857 1.369171 0.718392 0.964637 0.000000 0.033715 1.451859 0.564254 0.890465 0.273718 1.477765 0.465289 1.883819 0.070507 0.648272 1.102361 1.680222 1.291735 0.052305 0.689272 0.011504 0.727616 1.934231
0.067776 0.932224 1.932224 1.067776 0.564687 1.348414 1.790387 1.400916 1.164296 1.394726 0.622729 1.432073 1.335838 0.782080 1.195801 0.570434 1.082878 0.556143 1.402886 0.684677 0.998352 0.033715 0.000000 1.418145 0.530539 0.856750 0.240003 1.444051 0.431574 1.850104 0.036792 0.614557 1.068646 1.646507 1.258021 0.086020 0.655557 0.022211 0.693902 1.900517
1.485921 0.485921 0.514079 1.514079 1.982832 0.069731 0.372242 0.017228 0.253848 1.187129 0.795416 0.013929 1.246018 0.636065 0.222343 1.988578 1.498977 0.862002 1.178969 0.733468 1.583503 1.451859 1.418145 0.000000 0.887605 0.561394 1.178141 0.025906 0.986571 0.431959 1.381353 0.803588 0.349499 0.228362 0.160124 1.504165 0.762588 1.440355 0.724243 0.482372
0.598315 0.401685 1.401685 1.598315 1.095227 0.817874 1.259847 0.870377 0.633757 1.925265 0.092190 0.901534 1.866377 0.251540 0.665262 1.100973 1.613417 0.025603 1.933426 0.154137 1.528891 0.564254 0.530539 0.887605 0.000000 0.326211 0.290536 0.913511 0.098965 1.319564 0.493747 0.084018 0.538106 1.115967 0.727481 0.616559 0.125017 0.552750 0.163362 1.369977
0.924526 0.075474 1.075474 1.924526 1.421438 0.491663 0.933636 0.544166 0.307546 1.748524 0.234021 0.575323 1.807412 0.074671 0.339051 1.427184 1.939628 0.300608 1.740363 0.172074 1.855103 0.890465 0.856750 0.561394 0.326211 0.000000 0.616747 0.587300 0.425176 0.993353 0.819958 0.242193 0.211895 0.789756 0.401270 0.942770 0.201194 0.878961 0.162849 1.043766
0.307779 0.692221 1.692221 1.307779 0.804691 1.108410 1.550383 1.160913 0.924293 1.634729 0.382726 1.192070 1.575841 0.542076 0.955798 0.810437 1.322881 0.316139 1.642889 0.444673 1.238355 0.273718 0.240003 1.178141 0.290536 0.616747 0.000000 1.204047 0.191571 1.610100 0.203211 0.374554 0.828642 1.406503 1.018017 0.326023 0.415553 0.262214 0.453898 1.660513
1.511826 0.511826 0.488174 1.488174 1.991262 0.095637 0.346336 0.043134 0.279754 1.161223 0.821322 0.011977 1.220112 0.661971 0.248249 1.985516 1.473072 0.887908 1.153063 0.759374 1.557597 1.477765 1.444051 0.025906 0.913511 0.587300 1.204047 0.000000 1.012477 0.406053 1.407258 0.829493 0.375405 0.202456 0.186030 1.530071 0.788494 1.466261 0.750149 0.456466
0.499350 0.500650 1.500650 1.499350 0.996261 0.916840 1.358813 0.969342 0.732722 1.826300 0.191155 1.000499 1.767412 0.350506 0.764227 1.002008 1.514452 0.124569 1.834460 0.253103 1.429926 0.465289 0.431574 0.986571 0.098965 0.425176 0.191571 1.012477 0.000000 1.418530 0.394782 0.182983 0.637072 1.214933 0.826447 0.517594 0.223983 0.453785 0.262328 1.468943
1.917880 0.917880 0.082120 1.082120 1.585209 0.501690 0.059717 0.449187 0.685807 0.755170 1.227375 0.418031 0.814058 1.068024 0.654302 1.579462 1.067018 1.293961 0.747010 1.165427 1.151544 1.883819 1.850104 0.431959 1.319564 0.993353 1.610100 0.406053 1.418530 0.000000 1.813312 1.235547 0.781458 0.203597 0.592083 1.936124 1.194547 1.872314 1.156202 0.050413
0.104568 0.895432 1.895432 1.104568 0.601480 1.311622 1.753594 1.364124 1.127504 1.431518 0.585937 1.395281 1.372630 0.745288 1.159009 0.607226 1.119670 0.519350 1.439678 0.647885 1.035144 0.070507 0.036792 1.381353 0.493747 0.819958 0.203211 1.407258 0.394782 1.813312 0.000000 0.577765 1.031854 1.609715 1.221229 0.122812 0.618765 0.059003 0.657110 1.863724
0.682333 0.317667 1.317667 1.682333 1.179244 0.733857 1.175830 0.786359 0.549739 1.990717 0.008172 0.817516 1.950395 0.167523 0.581244 1.184991 1.697435 0.058414 1.982557 0.070120 1.612909 0.648272 0.614557 0.803588 0.084018 0.242193 0.374554 0.829493 0.182983 1.235547 0.577765 0.000000 0.454089 1.031950 0.643464 0.700577 0.041000 0.636768 0.079345 1.285959
1.136422 0.136422 0.863578 1.863578 1.633333 0.279768 0.721741 0.332271 0.095651 1.536628 0.445917 0.363427 1.595516 0.286566 0.127156 1.639080 1.848476 0.512503 1.528468 0.383969 1.933002 1.102361 1.068646 0.349499 0.538106 0.211895 0.828642 0.375405 0.637072 0.781458 1.031854 0.454089 0.000000 0.577861 0.189375 1.154666 0.413089 1.090856 0.374744 0.831871
1.714283 0.714283 0.285717 1.285717 1.788806 0.298093 0.143880 0.245590 0.482210 0.958767 1.023778 0.214434 1.017655 0.864427 0.450705 1.783059 1.270615 1.090364 0.950607 0.961830 1.355141 1.680222 1.646507 0.228362 1.115967 0.789756 1.406503 0.202456 1.214933 0.203597 1.609715 1.031950 0.577861 0.000000 0.388486 1.732527 0.990950 1.668717 0.952605 0.254010
1.325797 0.325797 0.674203 1.674203 1.822708 0.090393 0.532366 0.142896 0.093724 1.347253 0.635292 0.174053 1.406142 0.475941 0.062219 1.828454 1.659101 0.701878 1.339093 0.573344 1.743627 1.291735 1.258021 0.160124 0.727481 0.401270 1.018017 0.186030 0.826447 0.592083 1.221229 0.643464 0.189375 0.388486 0.000000 1.344041 0.602464 1.280231 0.564119 0.642496
0.018244 1.018244 1.981756 0.981756 0.478667 1.434434 1.876407 1.486936 1.250316 1.308706 0.708749 1.518093 1.249818 0.868100 1.281822 0.484414 0.996858 0.642163 1.316866 0.770697 0.912332 0.052305 0.086020 1.504165 0.616559 0.942770 0.326023 1.530071 0.517594 1.936124 0.122812 0.700577 1.154666 1.732527 1.344041 0.000000 0.741577 0.063809 0.779922 1.986537
0.723333 0.276667 1.276667 1.723333 1.220244 0.692857 1.134830 0.745360 0.508740 1.949717 0.032828 0.776516 1.991395 0.126523 0.540245 1.225991 1.738435 0.099414 1.941557 0.029120 1.653909 0.689272 0.655557 0.762588 0.125017 0.201194 0.415553 0.788494 0.223983 1.194547 0.618765 0.041000 0.413089 0.990950 0.602464 0.741577 0.000000 0.677767 0.038345 1.244960
0.045565 0.954435 1.954435 1.045565 0.542477 1.370624 1.812597 1.423127 1.186507 1.372515 0.644940 1.454284 1.313627 0.804290 1.218012 0.548223 1.060667 0.578353 1.380676 0.706887 0.976142 0.011504 0.022211 1.440355 0.552750 0.878961 0.262214 1.466261 0.453785 1.872314 0.059003 0.636768 1.090856 1.668717 1.280231 0.063809 0.677767 0.000000 0.716112 1.922727
0.761678 0.238322 1.238322 1.761678 1.258589 0.654512 1.096485 0.707015 0.470395 1.911372 0.071173 0.738172 1.970261 0.088178 0.501900 1.264335 1.776780 0.137759 1.903212 0.009225 1.692254 0.727616 0.693902 0.724243 0.163362 0.162849 0.453898 0.750149 0.262328 1.156202 0.657110 0.079345 0.374744 0.952605 0.564119 0.779922 0.038345 0.716112 0.000000 1.206615
1.968292 0.968292 0.031708 1.031708 1.534796 0.552103 0.110130 0.499600 0.736220 0.704757 1.277788 0.468443 0.763646 1.118437 0.704715 1.529050 1.016606 1.344374 0.696597 1.215840 1.101131 1.934231 1.900517 0.482372 1.369977 1.043766 1.660513 0.456466 1.468943 0.050413 1.863724 1.285959 0.831871 0.254010 0.642496 1.986537 1.244960 1.922727 1.206615 0.000000
