25
0.000000 1.000000 2.000000 1.000000 0.776429 1.693685 1.868406 0.072102 0.054586 0.615755 1.800268 0.231475 0.972484 0.320689 0.290652 1.425433 0.875076 0.602702 0.614967 0.089513 0.134691 1.945796 0.009948 0.894387 0.249957
1.000000 0.000000 1.000000 2.000000 1.776429 0.693685 1.131594 0.927898 0.945414 0.384245 1.199732 1.231475 0.027516 1.320689 1.290652 0.425433 1.875076 0.397298 1.614967 1.089513 1.134691 1.054204 1.009948 1.894387 1.249957
2.000000 1.000000 0.000000 1.000000 1.223571 0.306315 0.131594 1.927898 1.945414 1.384245 0.199732 1.768525 1.027516 1.679311 1.709348 0.574567 1.124924 1.397298 1.385033 1.910487 1.865309 0.054204 1.990052 1.105613 1.750043
1.000000 2.000000 1.000000 0.000000 0.223571 1.306315 0.868406 1.072102 1.054586 1.615755 0.800268 0.768525 1.972484 0.679311 0.709348 1.574567 0.124924 1.602702 0.385033 0.910487 0.865309 0.945796 0.990052 0.105613 0.750043
0.776429 1.776429 1.223571 0.223571 0.000000 1.529887 1.091978 0.848531 0.831014 1.392184 1.023839 0.544954 1.748913 0.455740 0.485777 1.798138 0.098647 1.379131 0.161462 0.686915 0.641738 1.169367 0.766481 0.117958 0.526472
1.693685 0.693685 0.306315 1.306315 1.529887 0.000000 0.437909 1.621582 1.639099 1.077930 0.506048 1.925160 0.721200 1.985626 1.984337 0.268252 1.431239 1.090983 1.691348 1.783198 1.828376 0.360519 1.703633 1.411929 1.943641
1.868406 1.131594 0.131594 0.868406 1.091978 0.437909 0.000000 1.940509 1.922992 1.515839 0.068139 1.636931 1.159109 1.547717 1.577754 0.706161 0.993330 1.528892 1.253439 1.778893 1.733715 0.077390 1.858458 0.974020 1.618450
0.072102 0.927898 1.927898 1.072102 0.848531 1.621582 1.940509 0.000000 0.017517 0.543653 1.872370 0.303577 0.900382 0.392791 0.362754 1.353331 0.947178 0.530600 0.687069 0.161616 0.206793 1.982102 0.082050 0.966489 0.322059
0.054586 0.945414 1.945414 1.054586 0.831014 1.639099 1.922992 0.017517 0.000000 0.561169 1.854853 0.286061 0.917899 0.375275 0.345238 1.370847 0.929662 0.548116 0.669553 0.144099 0.189277 1.999618 0.064534 0.948972 0.304542
0.615755 0.384245 1.384245 1.615755 1.392184 1.077930 1.515839 0.543653 0.561169 0.000000 1.583977 0.847230 0.356729 0.936444 0.906407 0.809678 1.490831 0.013053 1.230722 0.705268 0.750446 1.438449 0.625703 1.510142 0.865712
1.800268 1.199732 0.199732 0.800268 1.023839 0.506048 0.068139 1.872370 1.854853 1.583977 0.000000 1.568793 1.227248 1.479579 1.509616 0.774299 0.925192 1.597030 1.185301 1.710754 1.665577 0.145528 1.790320 0.905881 1.550311
0.231475 1.231475 1.768525 0.768525 0.544954 1.925160 1.636931 0.303577 0.286061 0.847230 1.568793 0.000000 1.203959 0.089214 0.059177 1.656908 0.643601 0.834177 0.383492 0.141961 0.096784 1.714321 0.221527 0.662912 0.018482
0.972484 0.027516 1.027516 1.972484 1.748913 0.721200 1.159109 0.900382 0.917899 0.356729 1.227248 1.203959 0.000000 1.293173 1.263136 0.452949 1.847560 0.369782 1.587451 1.061998 1.107175 1.081720 0.982432 1.866871 1.222441
0.320689 1.320689 1.679311 0.679311 0.455740 1.985626 1.547717 0.392791 0.375275 0.936444 1.479579 0.089214 1.293173 0.000000 0.030037 1.746122 0.554387 0.923391 0.294278 0.231176 0.185998 1.625107 0.310741 0.573698 0.070732
0.290652 1.290652 1.709348 0.709348 0.485777 1.984337 1.577754 0.362754 0.345238 0.906407 1.509616 0.059177 1.263136 0.030037 0.000000 1.716085 0.584424 0.893354 0.324315 0.201139 0.155961 1.655144 0.280704 0.603735 0.040695
1.425433 0.425433 0.574567 1.574567 1.798138 0.268252 0.706161 1.353331 1.370847 0.809678 0.774299 1.656908 0.452949 1.746122 1.716085 0.000000 1.699491 0.822731 1.959600 1.514946 1.560124 0.628771 1.435381 1.680180 1.675389
0.875076 1.875076 1.124924 0.124924 0.098647 1.431239 0.993330 0.947178 0.929662 1.490831 0.925192 0.643601 1.847560 0.554387 0.584424 1.699491 0.000000 1.477778 0.260109 0.785563 0.740385 1.070720 0.865128 0.019311 0.625119
0.602702 0.397298 1.397298 1.602702 1.379131 1.090983 1.528892 0.530600 0.548116 0.013053 1.597030 0.834177 0.369782 0.923391 0.893354 0.822731 1.477778 0.000000 1.217669 0.692215 0.737393 1.451502 0.612650 1.497089 0.852658
0.614967 1.614967 1.385033 0.385033 0.161462 1.691348 1.253439 0.687069 0.669553 1.230722 1.185301 0.383492 1.587451 0.294278 0.324315 1.959600 0.260109 1.217669 0.000000 0.525454 0.480276 1.330829 0.605019 0.279420 0.365010
0.089513 1.089513 1.910487 0.910487 0.686915 1.783198 1.778893 0.161616 0.144099 0.705268 1.710754 0.141961 1.061998 0.231176 0.201139 1.514946 0.785563 0.692215 0.525454 0.000000 0.045178 1.856283 0.079565 0.804873 0.160443
0.134691 1.134691 1.865309 0.865309 0.641738 1.828376 1.733715 0.206793 0.189277 0.750446 1.665577 0.096784 1.107175 0.185998 0.155961 1.560124 0.740385 0.737393 0.480276 0.045178 0.000000 1.811105 0.124743 0.759696 0.115266
1.945796 1.054204 0.054204 0.945796 1.169367 0.360519 0.077390 1.982102 1.999618 1.438449 0.145528 1.714321 1.081720 1.625107 1.655144 0.628771 1.070720 1.451502 1.330829 1.856283 1.811105 0.000000 1.935848 1.051409 1.695839
0.009948 1.009948 1.990052 0.990052 0.766481 1.703633 1.858458 0.082050 0.064534 0.625703 1.790320 0.221527 0.982432 0.310741 0.280704 1.435381 0.865128 0.612650 0.605019 0.079565 0.124743 1.935848 0.000000 0.884439 0.240009
0.894387 1.894387 1.105613 0.105613 0.117958 1.411929 0.974020 0.966489 0.948972 1.510142 0.905881 0.662912 1.866871 0.573698 0.603735 1.680180 0.019311 1.497089 0.279420 0.804873 0.759696 1.051409 0.884439 0.000000 0.644430
0.249957 1.249957 1.750043 0.750043 0.526472 1.943641 1.618450 0.322059 0.304542 0.865712 1.550311 0.018482 1.222441 0.070732 0.040695 1.675389 0.625119 0.852658 0.365010 0.160443 0.115266 1.695839 0.240009 0.644430 0.000000
