35
0.000000 1.000000 2.000000 1.000000 0.129158 0.499842 1.995097 0.587039 0.678076 0.371526 1.702807 1.029460 1.038572 1.974445 0.877892 0.384687 1.908996 0.787395 0.417816 1.088514 0.807154 1.296633 0.717133 1.252130 1.492347 0.609356 0.258598 0.679129 0.143962 0.552262 1.115781 1.198434 1.365323 0.148320 0.490952
1.000000 0.000000 1.000000 2.000000 0.870842 0.500158 0.995097 1.587039 0.321924 1.371526 1.297193 1.970540 0.038572 0.974445 1.877892 0.615313 1.091004 1.787395 1.417816 0.088514 1.807154 0.296633 1.717133 0.252130 1.507653 0.390644 0.741402 1.679129 0.856038 1.552262 0.115781 0.198434 1.634677 1.148320 0.509048
2.000000 1.000000 0.000000 1.000000 1.870842 1.500158 0.004903 1.412961 1.321924 1.628474 0.297193 0.970540 0.961428 0.025555 1.122108 1.615313 0.091004 1.212605 1.582184 0.911486 1.192846 0.703367 1.282867 0.747870 0.507653 1.390644 1.741402 1.320871 1.856038 1.447738 0.884219 0.801566 0.634677 1.851680 1.509048
1.000000 2.000000 1.000000 0.000000 1.129158 1.499842 1.004903 0.412961 1.678076 0.628474 0.702807 0.029460 1.961428 1.025555 0.122108 1.384687 0.908996 0.212605 0.582184 1.911486 0.192846 1.703367 0.282867 1.747870 0.492347 1.609356 1.258598 0.320871 1.143962 0.447738 1.884219 1.801566 0.365323 0.851680 1.490952
0.129158 0.870842 1.870842 1.129158 0.000000 0.370685 1.865940 0.716196 0.548919 0.500683 1.831964 1.158618 0.909415 1.845288 1.007049 0.255529 1.961847 0.916552 0.546973 0.959357 0.936312 1.167475 0.846290 1.122972 1.621505 0.480198 0.129440 0.808287 0.014804 0.681420 0.986623 1.069277 1.494481 0.277478 0.361794
0.499842 0.500158 1.500158 1.499842 0.370685 0.000000 1.495255 1.086881 0.178234 0.871368 1.797351 1.529303 0.538730 1.474603 1.377734 0.115155 1.591162 1.287237 0.917658 0.588672 1.306997 0.796790 1.216975 0.752287 1.992189 0.109513 0.241244 1.178971 0.355881 1.052105 0.615938 0.698592 1.865166 0.648162 0.008891
1.995097 0.995097 0.004903 1.004903 1.865940 1.495255 0.000000 1.417864 1.317021 1.633377 0.302096 0.975442 0.956525 0.020652 1.127011 1.610410 0.095907 1.217508 1.587087 0.906583 1.197748 0.698465 1.287770 0.742968 0.512556 1.385742 1.736500 1.325774 1.851136 1.452640 0.879317 0.796663 0.639579 1.856582 1.504146
0.587039 1.587039 1.412961 0.412961 0.716196 1.086881 1.417864 0.000000 1.265115 0.215513 1.115768 0.442421 1.625611 1.438516 0.290853 0.971726 1.321957 0.200356 0.169223 1.675553 0.220115 1.883672 0.130094 1.839168 0.905308 1.196395 0.845637 0.092090 0.731001 0.034777 1.702820 1.785473 0.778284 0.438719 1.077991
0.678076 0.321924 1.321924 1.678076 0.548919 0.178234 1.317021 1.265115 0.000000 1.049602 1.619117 1.707536 0.360496 1.296369 1.555968 0.293389 1.412928 1.465471 1.095892 0.410438 1.485230 0.618557 1.395209 0.574053 1.829577 0.068721 0.419478 1.357205 0.534115 1.230338 0.437705 0.520358 1.956601 0.826396 0.187124
0.371526 1.371526 1.628474 0.628474 0.500683 0.871368 1.633377 0.215513 1.049602 0.000000 1.331281 0.657934 1.410098 1.654029 0.506366 0.756213 1.537470 0.415869 0.046290 1.460040 0.435628 1.668159 0.345607 1.623655 1.120821 0.980882 0.630124 0.307603 0.515488 0.180736 1.487307 1.569960 0.993797 0.223206 0.862478
1.702807 1.297193 0.297193 0.702807 1.831964 1.797351 0.302096 1.115768 1.619117 1.331281 0.000000 0.673347 1.258621 0.322748 0.824915 1.912506 0.206189 0.915412 1.284991 1.208679 0.895653 1.000560 0.985674 1.045064 0.210460 1.687838 1.961405 1.023678 1.846768 1.150545 1.181412 1.098759 0.337484 1.554487 1.806241
1.029460 1.970540 0.970540 0.029460 1.158618 1.529303 0.975442 0.442421 1.707536 0.657934 0.673347 0.000000 1.931967 0.996095 0.151568 1.414147 0.879536 0.242065 0.611645 1.882026 0.222306 1.673907 0.312328 1.718410 0.462887 1.638816 1.288058 0.350331 1.173422 0.477198 1.854759 1.772106 0.335863 0.881140 1.520412
1.038572 0.038572 0.961428 1.961428 0.909415 0.538730 0.956525 1.625611 0.360496 1.410098 1.258621 1.931967 0.000000 0.935873 1.916464 0.653885 1.052432 1.825967 1.456388 0.049942 1.845727 0.258060 1.755705 0.213557 1.469081 0.429217 0.779975 1.717701 0.894611 1.590835 0.077208 0.159862 1.596104 1.186893 0.547621
1.974445 0.974445 0.025555 1.025555 1.845288 1.474603 0.020652 1.438516 1.296369 1.654029 0.322748 0.996095 0.935873 0.000000 1.147663 1.589758 0.116559 1.238160 1.607739 0.885931 1.218401 0.677812 1.308422 0.722316 0.533208 1.365089 1.715847 1.346426 1.830483 1.473293 0.858664 0.776011 0.660232 1.877235 1.483493
0.877892 1.877892 1.122108 0.122108 1.007049 1.377734 1.127011 0.290853 1.555968 0.506366 0.824915 0.151568 1.916464 1.147663 0.000000 1.262579 1.031104 0.090497 0.460076 1.966406 0.070738 1.825475 0.160759 1.869979 0.614455 1.487248 1.136490 0.198763 1.021854 0.325630 1.993673 1.923674 0.487431 0.729572 1.368844
0.384687 0.615313 1.615313 1.384687 0.255529 0.115155 1.610410 0.971726 0.293389 0.756213 1.912506 1.414147 0.653885 1.589758 1.262579 0.000000 1.706317 1.172082 0.802503 0.703827 1.191841 0.911946 1.101820 0.867443 1.877034 0.224669 0.126089 1.063816 0.240725 0.936949 0.731094 0.813747 1.750010 0.533007 0.106265
1.908996 1.091004 0.091004 0.908996 1.961847 1.591162 0.095907 1.321957 1.412928 1.537470 0.206189 0.879536 1.052432 0.116559 1.031104 1.706317 0.000000 1.121601 1.491180 1.002490 1.101842 0.794371 1.191863 0.838875 0.416649 1.481648 1.832406 1.229867 1.947042 1.356734 0.975223 0.892570 0.543673 1.760676 1.600052
0.787395 1.787395 1.212605 0.212605 0.916552 1.287237 1.217508 0.200356 1.465471 0.415869 0.915412 0.242065 1.825967 1.238160 0.090497 1.172082 1.121601 0.000000 0.369579 1.875909 0.019759 1.915972 0.070262 1.960476 0.704952 1.396750 1.045993 0.108266 0.931356 0.235133 1.903176 1.985829 0.577928 0.639075 1.278347
0.417816 1.417816 1.582184 0.582184 0.546973 0.917658 1.587087 0.169223 1.095892 0.046290 1.284991 0.611645 1.456388 1.607739 0.460076 0.802503 1.491180 0.369579 0.000000 1.506330 0.389338 1.714448 0.299317 1.669945 1.074531 1.027171 0.676414 0.261313 0.561777 0.134447 1.533596 1.616250 0.947508 0.269496 0.908767
1.088514 0.088514 0.911486 1.911486 0.959357 0.588672 0.906583 1.675553 0.410438 1.460040 1.208679 1.882026 0.049942 0.885931 1.966406 0.703827 1.002490 1.875909 1.506330 0.000000 1.895668 0.208119 1.805647 0.163615 1.419139 0.479158 0.829916 1.767643 0.944552 1.640776 0.027267 0.109920 1.546163 1.236834 0.597562
0.807154 1.807154 1.192846 0.192846 0.936312 1.306997 1.197748 0.220115 1.485230 0.435628 0.895653 0.222306 1.845727 1.218401 0.070738 1.191841 1.101842 0.019759 0.389338 1.895668 0.000000 1.896213 0.090022 1.940716 0.685193 1.416510 1.065752 0.128025 0.951116 0.254892 1.922935 1.994412 0.558169 0.658834 1.298106
1.296633 0.296633 0.703367 1.703367 1.167475 0.796790 0.698465 1.883672 0.618557 1.668159 1.000560 1.673907 0.258060 0.677812 1.825475 0.911946 0.794371 1.915972 1.714448 0.208119 1.896213 0.000000 1.986235 0.044503 1.211020 0.687277 1.038035 1.975762 1.152671 1.848895 0.180852 0.098199 1.338044 1.444953 0.805681
0.717133 1.717133 1.282867 0.282867 0.846290 1.216975 1.287770 0.130094 1.395209 0.345607 0.985674 0.312328 1.755705 1.308422 0.160759 1.101820 1.191863 0.070262 0.299317 1.805647 0.090022 1.986235 0.000000 1.969262 0.775214 1.326488 0.975731 0.038004 0.861094 0.164870 1.832913 1.915567 0.648191 0.568813 1.208084
1.252130 0.252130 0.747870 1.747870 1.122972 0.752287 0.742968 1.839168 0.574053 1.623655 1.045064 1.718410 0.213557 0.722316 1.869979 0.867443 0.838875 1.960476 1.669945 0.163615 1.940716 0.044503 1.969262 0.000000 1.255523 0.642774 0.993532 1.931259 1.108168 1.804392 0.136349 0.053695 1.382547 1.400450 0.761178
1.492347 1.507653 0.507653 0.492347 1.621505 1.992189 0.512556 0.905308 1.829577 1.120821 0.210460 0.462887 1.469081 0.533208 0.614455 1.877034 0.416649 0.704952 1.074531 1.419139 0.685193 1.211020 0.775214 1.255523 0.000000 1.898297 1.750945 0.813218 1.636309 0.940085 1.391872 1.309219 0.127024 1.344027 1.983299
0.609356 0.390644 1.390644 1.609356 0.480198 0.109513 1.385742 1.196395 0.068721 0.980882 1.687838 1.638816 0.429217 1.365089 1.487248 0.224669 1.481648 1.396750 1.027171 0.479158 1.416510 0.687277 1.326488 0.642774 1.898297 0.000000 0.350758 1.288485 0.465394 1.161618 0.506425 0.589079 1.974679 0.757676 0.118404
0.258598 0.741402 1.741402 1.258598 0.129440 0.241244 1.736500 0.845637 0.419478 0.630124 1.961405 1.288058 0.779975 1.715847 1.136490 0.126089 1.832406 1.045993 0.676414 0.829916 1.065752 1.038035 0.975731 0.993532 1.750945 0.350758 0.000000 0.937727 0.114636 0.810860 0.857183 0.939836 1.623921 0.406918 0.232354
0.679129 1.679129 1.320871 0.320871 0.808287 1.178971 1.325774 0.092090 1.357205 0.307603 1.023678 0.350331 1.717701 1.346426 0.198763 1.063816 1.229867 0.108266 0.261313 1.767643 0.128025 1.975762 0.038004 1.931259 0.813218 1.288485 0.937727 0.000000 0.823091 0.126867 1.794910 1.877563 0.686194 0.530809 1.170081
0.143962 0.856038 1.856038 1.143962 0.014804 0.355881 1.851136 0.731001 0.534115 0.515488 1.846768 1.173422 0.894611 1.830483 1.021854 0.240725 1.947042 0.931356 0.561777 0.944552 0.951116 1.152671 0.861094 1.108168 1.636309 0.465394 0.114636 0.823091 0.000000 0.696224 0.971819 1.054473 1.509285 0.292282 0.346990
0.552262 1.552262 1.447738 0.447738 0.681420 1.052105 1.452640 0.034777 1.230338 0.180736 1.150545 0.477198 1.590835 1.473293 0.325630 0.936949 1.356734 0.235133 0.134447 1.640776 0.254892 1.848895 0.164870 1.804392 0.940085 1.161618 0.810860 0.126867 0.696224 0.000000 1.668043 1.750696 0.813061 0.403942 1.043214
1.115781 0.115781 0.884219 1.884219 0.986623 0.615938 0.879317 1.702820 0.437705 1.487307 1.181412 1.854759 0.077208 0.858664 1.993673 0.731094 0.975223 1.903176 1.533596 0.027267 1.922935 0.180852 1.832913 0.136349 1.391872 0.506425 0.857183 1.794910 0.971819 1.668043 0.000000 0.082653 1.518896 1.264101 0.624829
1.198434 0.198434 0.801566 1.801566 1.069277 0.698592 0.796663 1.785473 0.520358 1.569960 1.098759 1.772106 0.159862 0.776011 1.923674 0.813747 0.892570 1.985829 1.616250 0.109920 1.994412 0.098199 1.915567 0.053695 1.309219 0.589079 0.939836 1.877563 1.054473 1.750696 0.082653 0.000000 1.436243 1.346754 0.707482
1.365323 1.634677 0.634677 0.365323 1.494481 1.865166 0.639579 0.778284 1.956601 0.993797 0.337484 0.335863 1.596104 0.660232 0.487431 1.750010 0.543673 0.577928 0.947508 1.546163 0.558169 1.338044 0.648191 1.382547 0.127024 1.974679 1.623921 0.686194 1.509285 0.813061 1.518896 1.436243 0.000000 1.217003 1.856275
0.148320 1.148320 1.851680 0.851680 0.277478 0.648162 1.856582 0.438719 0.826396 0.223206 1.554487 0.881140 1.186893 1.877235 0.729572 0.533007 1.760676 0.639075 0.269496 1.236834 0.658834 1.444953 0.568813 1.400450 1.344027 0.757676 0.406918 0.530809 0.292282 0.403942 1.264101 1.346754 1.217003 0.000000 0.639272
0.490952 0.509048 1.509048 1.490952 0.361794 0.008891 1.504146 1.077991 0.187124 0.862478 1.806241 1.520412 0.547621 1.483493 1.368844 0.106265 1.600052 1.278347 0.908767 0.597562 1.298106 0.805681 1.208084 0.761178 1.983299 0.118404 0.232354 1.170081 0.346990 1.043214 0.624829 0.707482 1.856275 0.639272 0.000000
