45
0.000000 1.000000 2.000000 1.000000 0.232693 1.749265 1.103746 0.416410 1.071647 0.359142 1.938251 1.221854 0.561564 1.780767 0.082608 0.533774 1.467379 1.564182 1.939771 1.834360 0.010227 1.636853 1.694510 0.879746 1.644951 1.716608 0.577684 0.087583 1.818319 1.143686 0.626813 0.870742 1.234532 0.489728 1.026376 0.684373 0.222937 0.849966 1.914633 1.601928 1.641845 0.063385 0.336561 0.113521 1.823699
1.000000 0.000000 1.000000 2.000000 0.767307 1.250735 0.103746 0.583590 1.928353 1.359142 1.061749 1.778146 1.561564 0.780767 0.917392 0.466226 1.532621 1.435818 1.060229 0.834360 0.989773 1.363147 1.305490 0.120254 0.644951 0.716608 1.577684 0.912417 0.818319 1.856314 1.626813 1.870742 1.765468 0.510272 1.973624 0.315627 1.222937 0.150034 1.085367 1.398072 0.641845 0.936615 0.663439 1.113521 0.823699
2.000000 1.000000 0.000000 1.000000 1.767307 0.250735 0.896254 1.583590 0.928353 1.640858 0.061749 0.778146 1.438436 0.219233 1.917392 1.466226 0.532621 0.435818 0.060229 0.165640 1.989773 0.363147 0.305490 1.120254 0.355049 0.283392 1.422316 1.912417 0.181681 0.856314 1.373187 1.129258 0.765468 1.510272 0.973624 1.315627 1.777063 1.150034 0.085367 0.398072 0.358155 1.936615 1.663439 1.886479 0.176301
1.000000 2.000000 1.000000 0.000000 1.232693 0.749265 1.896254 1.416410 0.071647 0.640858 0.938251 0.221854 0.438436 1.219233 1.082608 1.533774 0.467379 0.564182 0.939771 1.165640 1.010227 0.636853 0.694510 1.879746 1.355049 1.283392 0.422316 1.087583 1.181681 0.143686 0.373187 0.129258 0.234532 1.489728 0.026376 1.684373 0.777063 1.849966 0.914633 0.601928 1.358155 1.063385 1.336561 0.886479 1.176301
0.232693 0.767307 1.767307 1.232693 0.000000 1.981958 0.871053 0.183717 1.304340 0.591835 1.829056 1.454547 0.794257 1.548074 0.150085 0.301081 1.700072 1.796874 1.827536 1.601667 0.222466 1.869546 1.927203 0.647053 1.412258 1.483915 0.810377 0.145110 1.585626 1.376379 0.859506 1.103435 1.467225 0.257035 1.259069 0.451680 0.455630 0.617273 1.852674 1.834621 1.409152 0.169308 0.103868 0.346214 1.591006
1.749265 1.250735 0.250735 0.749265 1.981958 0.000000 1.146989 1.834325 0.677619 1.390124 0.188986 0.527411 1.187701 0.469968 1.831874 1.716961 0.281887 0.185084 0.190505 0.416374 1.759492 0.112413 0.054755 1.370988 0.605784 0.534127 1.171582 1.836848 0.432415 0.605579 1.122452 0.878523 0.514733 1.761006 0.722889 1.566362 1.526328 1.400769 0.165368 0.147337 0.608890 1.812651 1.914174 1.635745 0.427036
1.103746 0.103746 0.896254 1.896254 0.871053 1.146989 0.000000 0.687336 1.824608 1.462887 0.958003 1.674400 1.665310 0.677021 1.021137 0.569972 1.428876 1.332073 0.956484 0.730615 1.093519 1.259402 1.201744 0.223999 0.541205 0.612862 1.681429 1.016163 0.714574 1.752568 1.730559 1.974488 1.661722 0.614017 1.869878 0.419373 1.326683 0.253780 0.981621 1.294326 0.538099 1.040360 0.767185 1.217266 0.719953
0.416410 0.583590 1.583590 1.416410 0.183717 1.834325 0.687336 0.000000 1.488056 0.775551 1.645339 1.638264 0.977974 1.364357 0.333801 0.117364 1.883789 1.980591 1.643819 1.417950 0.406183 1.946737 1.889080 0.463337 1.228541 1.300198 0.994094 0.328827 1.401909 1.560096 1.043223 1.287152 1.650942 0.073319 1.442786 0.267963 0.639347 0.433556 1.668957 1.981662 1.225435 0.353024 0.079849 0.529930 1.407289
1.071647 1.928353 0.928353 0.071647 1.304340 0.677619 1.824608 1.488056 0.000000 0.712505 0.866604 0.150207 0.510083 1.147586 1.154255 1.605421 0.395732 0.492535 0.868124 1.093993 1.081874 0.565206 0.622863 1.951393 1.283403 1.211745 0.493963 1.159230 1.110034 0.072039 0.444834 0.200904 0.162885 1.561375 0.045271 1.756020 0.848710 1.921613 0.842986 0.530281 1.286508 1.135032 1.408208 0.958126 1.104654
0.359142 1.359142 1.640858 0.640858 0.591835 1.390124 1.462887 0.775551 0.712505 0.000000 1.579109 0.862712 0.202422 1.860091 0.441750 0.892915 1.108237 1.205040 1.580629 1.806498 0.369369 1.277711 1.335368 1.238888 1.995908 1.924250 0.218542 0.446725 1.822539 0.784544 0.267671 0.511601 0.875390 0.848870 0.667234 1.043515 0.136205 1.209108 1.555491 1.242786 1.999014 0.422527 0.695703 0.245621 1.817159
1.938251 1.061749 0.061749 0.938251 1.829056 0.188986 0.958003 1.645339 0.866604 1.579109 0.000000 0.716397 1.376687 0.280982 1.979141 1.527975 0.470872 0.374070 0.001520 0.227389 1.948478 0.301398 0.243741 1.182003 0.416798 0.345141 1.360567 1.974166 0.243430 0.794565 1.311438 1.067509 0.703719 1.572020 0.911875 1.377376 1.715314 1.211783 0.023618 0.336323 0.419904 1.998364 1.725188 1.824731 0.238050
1.221854 1.778146 0.778146 0.221854 1.454547 0.527411 1.674400 1.638264 0.150207 0.862712 0.716397 0.000000 0.660290 0.997379 1.304462 1.755628 0.245525 0.342328 0.717917 0.943786 1.232081 0.414999 0.472656 1.898400 1.133195 1.061538 0.644170 1.309437 0.959827 0.078168 0.595041 0.351112 0.012678 1.711582 0.195478 1.906227 0.998917 1.928180 0.692779 0.380074 1.136301 1.285239 1.558415 1.108333 0.954447
0.561564 1.561564 1.438436 0.438436 0.794257 1.187701 1.665310 0.977974 0.510083 0.202422 1.376687 0.660290 0.000000 1.657669 0.644172 1.095338 0.905815 1.002617 1.378207 1.604076 0.571791 1.075289 1.132946 1.441310 1.793485 1.721828 0.016120 0.649147 1.620117 0.582122 0.065249 0.309178 0.672968 1.051293 0.464812 1.245937 0.338627 1.411530 1.353069 1.040364 1.796591 0.624949 0.898125 0.448044 1.614737
1.780767 0.780767 0.219233 1.219233 1.548074 0.469968 0.677021 1.364357 1.147586 1.860091 0.280982 0.997379 1.657669 0.000000 1.698159 1.246993 0.751854 0.655052 0.279462 0.053593 1.770540 0.582380 0.524723 0.901021 0.135816 0.064159 1.641549 1.693184 0.037552 1.075547 1.592420 1.348491 0.984701 1.291038 1.192857 1.096394 1.996296 0.930801 0.304600 0.617305 0.138922 1.717382 1.444206 1.894288 0.042932
0.082608 0.917392 1.917392 1.082608 0.150085 1.831874 1.021137 0.333801 1.154255 0.441750 1.979141 1.304462 0.644172 1.698159 0.000000 0.451165 1.549987 1.646790 1.977621 1.751752 0.072381 1.719461 1.777118 0.797138 1.562342 1.634000 0.660292 0.004974 1.735711 1.226295 0.709421 0.953351 1.317140 0.407120 1.108984 0.601765 0.305546 0.767358 1.997242 1.684537 1.559236 0.019223 0.253953 0.196129 1.741091
0.533774 0.466226 1.466226 1.533774 0.301081 1.716961 0.569972 0.117364 1.605421 0.892915 1.527975 1.755628 1.095338 1.246993 0.451165 0.000000 1.998847 1.902045 1.526455 1.300586 0.523547 1.829373 1.771716 0.345973 1.111177 1.182834 1.111458 0.446191 1.284545 1.677460 1.160587 1.404516 1.768306 0.044045 1.560150 0.150599 0.756711 0.316192 1.551593 1.864298 1.108071 0.470388 0.197213 0.647294 1.289925
1.467379 1.532621 0.532621 0.467379 1.700072 0.281887 1.428876 1.883789 0.395732 1.108237 0.470872 0.245525 0.905815 0.751854 1.549987 1.998847 0.000000 0.096803 0.472392 0.698261 1.477606 0.169474 0.227131 1.652875 0.887671 0.816013 0.889695 1.554962 0.714302 0.323693 0.840566 0.596636 0.232847 1.957107 0.441003 1.848248 1.244442 1.682655 0.447254 0.134549 0.890776 1.530764 1.803940 1.353858 0.708922
1.564182 1.435818 0.435818 0.564182 1.796874 0.185084 1.332073 1.980591 0.492535 1.205040 0.374070 0.342328 1.002617 0.655052 1.646790 1.902045 0.096803 0.000000 0.375589 0.601458 1.574409 0.072671 0.130328 1.556072 0.790868 0.719210 0.986498 1.651764 0.617499 0.420495 0.937369 0.693439 0.329649 1.946090 0.537806 1.751445 1.341244 1.585852 0.350452 0.037747 0.793974 1.627567 1.900742 1.450661 0.612120
1.939771 1.060229 0.060229 0.939771 1.827536 0.190505 0.956484 1.643819 0.868124 1.580629 0.001520 0.717917 1.378207 0.279462 1.977621 1.526455 0.472392 0.375589 0.000000 0.225869 1.949998 0.302918 0.245261 1.180483 0.415279 0.343621 1.362087 1.972646 0.241910 0.796085 1.312958 1.069028 0.705239 1.570501 0.913395 1.375856 1.716834 1.210263 0.025138 0.337843 0.418384 1.996844 1.723668 1.826250 0.236530
1.834360 0.834360 0.165640 1.165640 1.601667 0.416374 0.730615 1.417950 1.093993 1.806498 0.227389 0.943786 1.604076 0.053593 1.751752 1.300586 0.698261 0.601458 0.225869 0.000000 1.824133 0.528787 0.471130 0.954614 0.189410 0.117752 1.587956 1.746777 0.016041 1.021954 1.538827 1.294897 0.931108 1.344632 1.139264 1.149987 1.942703 0.984394 0.251007 0.563712 0.192515 1.770975 1.497799 1.947881 0.010661
0.010227 0.989773 1.989773 1.010227 0.222466 1.759492 1.093519 0.406183 1.081874 0.369369 1.948478 1.232081 0.571791 1.770540 0.072381 0.523547 1.477606 1.574409 1.949998 1.824133 0.000000 1.647080 1.704737 0.869519 1.634724 1.706381 0.587911 0.077356 1.808092 1.153913 0.637040 0.880969 1.244759 0.479501 1.036603 0.674146 0.233164 0.839739 1.924860 1.612155 1.631618 0.053158 0.326334 0.123748 1.813472
1.636853 1.363147 0.363147 0.636853 1.869546 0.112413 1.259402 1.946737 0.565206 1.277711 0.301398 0.414999 1.075289 0.582380 1.719461 1.829373 0.169474 0.072671 0.302918 0.528787 1.647080 0.000000 0.057657 1.483401 0.718197 0.646539 1.059169 1.724436 0.544828 0.493167 1.010040 0.766110 0.402321 1.873419 0.610477 1.678774 1.413916 1.513181 0.277780 0.034925 0.721302 1.700238 1.973414 1.523332 0.539448
1.694510 1.305490 0.305490 0.694510 1.927203 0.054755 1.201744 1.889080 0.622863 1.335368 0.243741 0.472656 1.132946 0.524723 1.777118 1.771716 0.227131 0.130328 0.245261 0.471130 1.704737 0.057657 0.000000 1.425744 0.660539 0.588882 1.116826 1.782093 0.487171 0.550824 1.067697 0.823768 0.459978 1.815762 0.668134 1.621117 1.471573 1.455524 0.220123 0.092582 0.663645 1.757895 1.968929 1.580989 0.481791
0.879746 0.120254 1.120254 1.879746 0.647053 1.370988 0.223999 0.463337 1.951393 1.238888 1.182003 1.898400 1.441310 0.901021 0.797138 0.345973 1.652875 1.556072 1.180483 0.954614 0.869519 1.483401 1.425744 0.000000 0.765204 0.836862 1.457430 0.792164 0.938573 1.976567 1.506559 1.750489 1.885722 0.390018 1.906122 0.195373 1.102684 0.029780 1.205620 1.518325 0.762098 0.816361 0.543185 0.993267 0.943953
1.644951 0.644951 0.355049 1.355049 1.412258 0.605784 0.541205 1.228541 1.283403 1.995908 0.416798 1.133195 1.793485 0.135816 1.562342 1.111177 0.887671 0.790868 0.415279 0.189410 1.634724 0.718197 0.660539 0.765204 0.000000 0.071657 1.777366 1.557368 0.173369 1.211363 1.728236 1.484307 1.120517 1.155222 1.328673 0.960578 1.867888 0.794985 0.440416 0.753121 0.003106 1.581565 1.308390 1.758471 0.178748
1.716608 0.716608 0.283392 1.283392 1.483915 0.534127 0.612862 1.300198 1.211745 1.924250 0.345141 1.061538 1.721828 0.064159 1.634000 1.182834 0.816013 0.719210 0.343621 0.117752 1.706381 0.646539 0.588882 0.836862 0.071657 0.000000 1.705708 1.629025 0.101711 1.139706 1.656579 1.412650 1.048860 1.226880 1.257016 1.032235 1.939545 0.866642 0.368759 0.681464 0.074763 1.653223 1.380047 1.830129 0.107091
0.577684 1.577684 1.422316 0.422316 0.810377 1.171582 1.681429 0.994094 0.493963 0.218542 1.360567 0.644170 0.016120 1.641549 0.660292 1.111458 0.889695 0.986498 1.362087 1.587956 0.587911 1.059169 1.116826 1.457430 1.777366 1.705708 0.000000 0.665267 1.603997 0.566002 0.049129 0.293059 0.656848 1.067412 0.448692 1.262057 0.354747 1.427650 1.336949 1.024244 1.780471 0.641069 0.914245 0.464163 1.598617
0.087583 0.912417 1.912417 1.087583 0.145110 1.836848 1.016163 0.328827 1.159230 0.446725 1.974166 1.309437 0.649147 1.693184 0.004974 0.446191 1.554962 1.651764 1.972646 1.746777 0.077356 1.724436 1.782093 0.792164 1.557368 1.629025 0.665267 0.000000 1.730736 1.231269 0.714396 0.958325 1.322115 0.402146 1.113959 0.596790 0.310520 0.762383 1.997784 1.689511 1.554262 0.024197 0.248978 0.201103 1.736116
1.818319 0.818319 0.181681 1.181681 1.585626 0.432415 0.714574 1.401909 1.110034 1.822539 0.243430 0.959827 1.620117 0.037552 1.735711 1.284545 0.714302 0.617499 0.241910 0.016041 1.808092 0.544828 0.487171 0.938573 0.173369 0.101711 1.603997 1.730736 0.000000 1.037995 1.554868 1.310938 0.947149 1.328591 1.155305 1.133946 1.958744 0.968353 0.267048 0.579753 0.176474 1.754934 1.481758 1.931840 0.005380
1.143686 1.856314 0.856314 0.143686 1.376379 0.605579 1.752568 1.560096 0.072039 0.784544 0.794565 0.078168 0.582122 1.075547 1.226295 1.677460 0.323693 0.420495 0.796085 1.021954 1.153913 0.493167 0.550824 1.976567 1.211363 1.139706 0.566002 1.231269 1.037995 0.000000 0.516873 0.272944 0.090846 1.633415 0.117310 1.828059 0.920749 1.993652 0.770947 0.458242 1.214469 1.207072 1.480247 1.030166 1.032615
0.626813 1.626813 1.373187 0.373187 0.859506 1.122452 1.730559 1.043223 0.444834 0.267671 1.311438 0.595041 0.065249 1.592420 0.709421 1.160587 0.840566 0.937369 1.312958 1.538827 0.637040 1.010040 1.067697 1.506559 1.728236 1.656579 0.049129 0.714396 1.554868 0.516873 0.000000 0.243929 0.607719 1.116541 0.399563 1.311186 0.403876 1.476779 1.287820 0.975115 1.731342 0.690198 0.963374 0.513292 1.549488
0.870742 1.870742 1.129258 0.129258 1.103435 0.878523 1.974488 1.287152 0.200904 0.511601 1.067509 0.351112 0.309178 1.348491 0.953351 1.404516 0.596636 0.693439 1.069028 1.294897 0.880969 0.766110 0.823768 1.750489 1.484307 1.412650 0.293059 0.958325 1.310938 0.272944 0.243929 0.000000 0.363790 1.360471 0.155634 1.555115 0.647805 1.720708 1.043891 0.731186 1.487413 0.934128 1.207303 0.757222 1.305559
1.234532 1.765468 0.765468 0.234532 1.467225 0.514733 1.661722 1.650942 0.162885 0.875390 0.703719 0.012678 0.672968 0.984701 1.317140 1.768306 0.232847 0.329649 0.705239 0.931108 1.244759 0.402321 0.459978 1.885722 1.120517 1.048860 0.656848 1.322115 0.947149 0.090846 0.607719 0.363790 0.000000 1.724261 0.208156 1.918905 1.011595 1.915502 0.680101 0.367396 1.123623 1.297918 1.571093 1.121012 0.941769
0.489728 0.510272 1.510272 1.489728 0.257035 1.761006 0.614017 0.073319 1.561375 0.848870 1.572020 1.711582 1.051293 1.291038 0.407120 0.044045 1.957107 1.946090 1.570501 1.344632 0.479501 1.873419 1.815762 0.390018 1.155222 1.226880 1.067412 0.402146 1.328591 1.633415 1.116541 1.360471 1.724261 0.000000 1.516104 0.194645 0.712666 0.360238 1.595638 1.908343 1.152116 0.426343 0.153168 0.603249 1.333970
1.026376 1.973624 0.973624 0.026376 1.259069 0.722889 1.869878 1.442786 0.045271 0.667234 0.911875 0.195478 0.464812 1.192857 1.108984 1.560150 0.441003 0.537806 0.913395 1.139264 1.036603 0.610477 0.668134 1.906122 1.328673 1.257016 0.448692 1.113959 1.155305 0.117310 0.399563 0.155634 0.208156 1.516104 0.000000 1.710749 0.803439 1.876342 0.888257 0.575552 1.331779 1.089761 1.362937 0.912855 1.149925
0.684373 0.315627 1.315627 1.684373 0.451680 1.566362 0.419373 0.267963 1.756020 1.043515 1.377376 1.906227 1.245937 1.096394 0.601765 0.150599 1.848248 1.751445 1.375856 1.149987 0.674146 1.678774 1.621117 0.195373 0.960578 1.032235 1.262057 0.596790 1.133946 1.828059 1.311186 1.555115 1.918905 0.194645 1.710749 0.000000 0.907310 0.165593 1.400994 1.713699 0.957472 0.620988 0.347812 0.797894 1.139326
0.222937 1.222937 1.777063 0.777063 0.455630 1.526328 1.326683 0.639347 0.848710 0.136205 1.715314 0.998917 0.338627 1.996296 0.305546 0.756711 1.244442 1.341244 1.716834 1.942703 0.233164 1.413916 1.471573 1.102684 1.867888 1.939545 0.354747 0.310520 1.958744 0.920749 0.403876 0.647805 1.011595 0.712666 0.803439 0.907310 0.000000 1.072903 1.691696 1.378991 1.864782 0.286323 0.559498 0.109417 1.953364
0.849966 0.150034 1.150034 1.849966 0.617273 1.400769 0.253780 0.433556 1.921613 1.209108 1.211783 1.928180 1.411530 0.930801 0.767358 0.316192 1.682655 1.585852 1.210263 0.984394 0.839739 1.513181 1.455524 0.029780 0.794985 0.866642 1.427650 0.762383 0.968353 1.993652 1.476779 1.720708 1.915502 0.360238 1.876342 0.165593 1.072903 0.000000 1.235401 1.548106 0.791879 0.786581 0.513405 0.963487 0.973733
1.914633 1.085367 0.085367 0.914633 1.852674 0.165368 0.981621 1.668957 0.842986 1.555491 0.023618 0.692779 1.353069 0.304600 1.997242 1.551593 0.447254 0.350452 0.025138 0.251007 1.924860 0.277780 0.220123 1.205620 0.440416 0.368759 1.336949 1.997784 0.267048 0.770947 1.287820 1.043891 0.680101 1.595638 0.888257 1.400994 1.691696 1.235401 0.000000 0.312705 0.443522 1.978019 1.748806 1.801113 0.261668
1.601928 1.398072 0.398072 0.601928 1.834621 0.147337 1.294326 1.981662 0.530281 1.242786 0.336323 0.380074 1.040364 0.617305 1.684537 1.864298 0.134549 0.037747 0.337843 0.563712 1.612155 0.034925 0.092582 1.518325 0.753121 0.681464 1.024244 1.689511 0.579753 0.458242 0.975115 0.731186 0.367396 1.908343 0.575552 1.713699 1.378991 1.548106 0.312705 0.000000 0.756227 1.665314 1.938489 1.488408 0.574373
1.641845 0.641845 0.358155 1.358155 1.409152 0.608890 0.538099 1.225435 1.286508 1.999014 0.419904 1.136301 1.796591 0.138922 1.559236 1.108071 0.890776 0.793974 0.418384 0.192515 1.631618 0.721302 0.663645 0.762098 0.003106 0.074763 1.780471 1.554262 0.176474 1.214469 1.731342 1.487413 1.123623 1.152116 1.331779 0.957472 1.864782 0.791879 0.443522 0.756227 0.000000 1.578459 1.305284 1.755365 0.181854
0.063385 0.936615 1.936615 1.063385 0.169308 1.812651 1.040360 0.353024 1.135032 0.422527 1.998364 1.285239 0.624949 1.717382 0.019223 0.470388 1.530764 1.627567 1.996844 1.770975 0.053158 1.700238 1.757895 0.816361 1.581565 1.653223 0.641069 0.024197 1.754934 1.207072 0.690198 0.934128 1.297918 0.426343 1.089761 0.620988 0.286323 0.786581 1.978019 1.665314 1.578459 0.000000 0.273176 0.176906 1.760313
0.336561 0.663439 1.663439 1.336561 0.103868 1.914174 0.767185 0.079849 1.408208 0.695703 1.725188 1.558415 0.898125 1.444206 0.253953 0.197213 1.803940 1.900742 1.723668 1.497799 0.326334 1.973414 1.968929 0.543185 1.308390 1.380047 0.914245 0.248978 1.481758 1.480247 0.963374 1.207303 1.571093 0.153168 1.362937 0.347812 0.559498 0.513405 1.748806 1.938489 1.305284 0.273176 0.000000 0.450081 1.487138
0.113521 1.113521 1.886479 0.886479 0.346214 1.635745 1.217266 0.529930 0.958126 0.245621 1.824731 1.108333 0.448044 1.894288 0.196129 0.647294 1.353858 1.450661 1.826250 1.947881 0.123748 1.523332 1.580989 0.993267 1.758471 1.830129 0.464163 0.201103 1.931840 1.030166 0.513292 0.757222 1.121012 0.603249 0.912855 0.797894 0.109417 0.963487 1.801113 1.488408 1.755365 0.176906 0.450081 0.000000 1.937219
1.823699 0.823699 0.176301 1.176301 1.591006 0.427036 0.719953 1.407289 1.104654 1.817159 0.238050 0.954447 1.614737 0.042932 1.741091 1.289925 0.708922 0.612120 0.236530 0.010661 1.813472 0.539448 0.481791 0.943953 0.178748 0.107091 1.598617 1.736116 0.005380 1.032615 1.549488 1.305559 0.941769 1.333970 1.149925 1.139326 1.953364 0.973733 0.261668 0.574373 0.181854 1.760313 1.487138 1.937219 0.000000
