25
0.000000 1.000000 2.000000 1.000000 1.412415 0.708322 1.081023 0.209397 0.400981 0.055318 0.833060 0.592532 0.345810 0.011148 0.897789 1.665708 0.493029 1.217907 1.483349 0.890789 0.298012 1.366144 1.350714 1.073644 0.917781
1.000000 0.000000 1.000000 2.000000 0.412415 1.708322 0.081023 0.790603 1.400981 0.944682 1.833060 1.592532 0.654190 0.988852 0.102211 0.665708 1.493029 0.217907 0.483349 0.109211 1.298012 0.366144 1.649286 1.926356 0.082219
2.000000 1.000000 0.000000 1.000000 0.587585 1.291678 0.918977 1.790603 1.599019 1.944682 1.166940 1.407468 1.654190 1.988852 1.102211 0.334292 1.506971 0.782093 0.516651 1.109211 1.701988 0.633856 0.649286 0.926356 1.082219
1.000000 2.000000 1.000000 0.000000 1.587585 0.291678 1.918977 1.209397 0.599019 1.055318 0.166940 0.407468 1.345810 1.011148 1.897789 1.334292 0.506971 1.782093 1.516651 1.890789 0.701988 1.633856 0.350714 0.073644 1.917781
1.412415 0.412415 0.587585 1.587585 0.000000 1.879263 0.331392 1.203018 1.813396 1.357097 1.754525 1.995053 1.066605 1.401267 0.514626 0.253293 1.905444 0.194508 0.070934 0.521627 1.710427 0.046271 1.236871 1.513941 0.494634
0.708322 1.708322 1.291678 0.291678 1.879263 0.000000 1.789345 0.917719 0.307341 0.763640 0.124738 0.115790 1.054133 0.719470 1.606111 1.625970 0.215293 1.926230 1.808329 1.599111 0.410310 1.925534 0.642392 0.365322 1.626103
1.081023 0.081023 0.918977 1.918977 0.331392 1.789345 0.000000 0.871626 1.482004 1.025705 1.914083 1.673555 0.735212 1.069875 0.183234 0.584685 1.574052 0.136885 0.402326 0.190234 1.379035 0.285122 1.568264 1.845334 0.163241
0.209397 0.790603 1.790603 1.209397 1.203018 0.917719 0.871626 0.000000 0.610378 0.154079 1.042457 0.801929 0.136413 0.198249 0.688392 1.456311 0.702426 1.008511 1.273952 0.681392 0.507409 1.156747 1.560111 1.283041 0.708384
0.400981 1.400981 1.599019 0.599019 1.813396 0.307341 1.482004 0.610378 0.000000 0.456299 0.432079 0.191551 0.746792 0.412129 1.298770 1.933311 0.092048 1.618889 1.884330 1.291770 0.102969 1.767126 0.949733 0.672663 1.318762
0.055318 0.944682 1.944682 1.055318 1.357097 0.763640 1.025705 0.154079 0.456299 0.000000 0.888378 0.647850 0.290492 0.044170 0.842471 1.610390 0.548347 1.162589 1.428031 0.835470 0.353330 1.310826 1.406032 1.128962 0.862463
0.833060 1.833060 1.166940 0.166940 1.754525 0.124738 1.914083 1.042457 0.432079 0.888378 0.000000 0.240528 1.178871 0.844208 1.730849 1.501232 0.340031 1.949032 1.683591 1.723849 0.535048 1.800795 0.517654 0.240584 1.750841
0.592532 1.592532 1.407468 0.407468 1.995053 0.115790 1.673555 0.801929 0.191551 0.647850 0.240528 0.000000 0.938343 0.603680 1.490321 1.741760 0.099503 1.810440 1.924119 1.483321 0.294520 1.958676 0.758182 0.481112 1.510313
0.345810 0.654190 1.654190 1.345810 1.066605 1.054133 0.735212 0.136413 0.746792 0.290492 1.178871 0.938343 0.000000 0.334663 0.551978 1.319897 0.838840 0.872097 1.137539 0.544978 0.643822 1.020334 1.696524 1.419454 0.571971
0.011148 0.988852 1.988852 1.011148 1.401267 0.719470 1.069875 0.198249 0.412129 0.044170 0.844208 0.603680 0.334663 0.000000 0.886641 1.654560 0.504177 1.206760 1.472201 0.879641 0.309160 1.354997 1.361862 1.084792 0.906634
0.897789 0.102211 1.102211 1.897789 0.514626 1.606111 0.183234 0.688392 1.298770 0.842471 1.730849 1.490321 0.551978 0.886641 0.000000 0.767919 1.390818 0.320119 0.585560 0.007000 1.195801 0.468356 1.751497 1.971432 0.019993
1.665708 0.665708 0.334292 1.334292 0.253293 1.625970 0.584685 1.456311 1.933311 1.610390 1.501232 1.741760 1.319897 1.654560 0.767919 0.000000 1.841263 0.447800 0.182359 0.774919 1.963720 0.299563 0.983578 1.260648 0.747926
0.493029 1.493029 1.506971 0.506971 1.905444 0.215293 1.574052 0.702426 0.092048 0.548347 0.340031 0.099503 0.838840 0.504177 1.390818 1.841263 0.000000 1.710937 1.976378 1.383818 0.195017 1.859173 0.857685 0.580615 1.410810
1.217907 0.217907 0.782093 1.782093 0.194508 1.926230 0.136885 1.008511 1.618889 1.162589 1.949032 1.810440 0.872097 1.206760 0.320119 0.447800 1.710937 0.000000 0.265441 0.327119 1.515919 0.148237 1.431379 1.708449 0.300126
1.483349 0.483349 0.516651 1.516651 0.070934 1.808329 0.402326 1.273952 1.884330 1.428031 1.683591 1.924119 1.137539 1.472201 0.585560 0.182359 1.976378 0.265441 0.000000 0.592560 1.781361 0.117205 1.165937 1.443007 0.565568
0.890789 0.109211 1.109211 1.890789 0.521627 1.599111 0.190234 0.681392 1.291770 0.835470 1.723849 1.483321 0.544978 0.879641 0.007000 0.774919 1.383818 0.327119 0.592560 0.000000 1.188800 0.475356 1.758498 1.964432 0.026993
0.298012 1.298012 1.701988 0.701988 1.710427 0.410310 1.379035 0.507409 0.102969 0.353330 0.535048 0.294520 0.643822 0.309160 1.195801 1.963720 0.195017 1.515919 1.781361 1.188800 0.000000 1.664156 1.052702 0.775632 1.215793
1.366144 0.366144 0.633856 1.633856 0.046271 1.925534 0.285122 1.156747 1.767126 1.310826 1.800795 1.958676 1.020334 1.354997 0.468356 0.299563 1.859173 0.148237 0.117205 0.475356 1.664156 0.000000 1.283142 1.560212 0.448363
1.350714 1.649286 0.649286 0.350714 1.236871 0.642392 1.568264 1.560111 0.949733 1.406032 0.517654 0.758182 1.696524 1.361862 1.751497 0.983578 0.857685 1.431379 1.165937 1.758498 1.052702 1.283142 0.000000 0.277070 1.731505
1.073644 1.926356 0.926356 0.073644 1.513941 0.365322 1.845334 1.283041 0.672663 1.128962 0.240584 0.481112 1.419454 1.084792 1.971432 1.260648 0.580615 1.708449 1.443007 1.964432 0.775632 1.560212 0.277070 0.000000 1.991425
0.917781 0.082219 1.082219 1.917781 0.494634 1.626103 0.163241 0.708384 1.318762 0.862463 1.750841 1.510313 0.571971 0.906634 0.019993 0.747926 1.410810 0.300126 0.565568 0.026993 1.215793 0.448363 1.731505 1.991425 0.000000
