10
0.000000 1.000000 2.000000 1.000000 0.173142 0.993714 1.165694 1.605184 0.532388 1.717661
1.000000 0.000000 1.000000 2.000000 1.173142 1.993714 1.834306 1.394816 1.532388 1.282339
2.000000 1.000000 0.000000 1.000000 1.826858 1.006286 0.834306 0.394816 1.467612 0.282339
1.000000 2.000000 1.000000 0.000000 0.826858 0.006286 0.165694 0.605184 0.467612 0.717661
0.173142 1.173142 1.826858 0.826858 0.000000 0.820571 0.992551 1.432042 0.359245 1.544519
0.993714 1.993714 1.006286 0.006286 0.820571 0.000000 0.171980 0.611471 0.461326 0.723947
1.165694 1.834306 0.834306 0.165694 0.992551 0.171980 0.000000 0.439491 0.633306 0.551967
1.605184 1.394816 0.394816 0.605184 1.432042 0.611471 0.439491 0.000000 1.072797 0.112477
0.532388 1.532388 1.467612 0.467612 0.359245 0.461326 0.633306 1.072797 0.000000 1.185274
1.717661 1.282339 0.282339 0.717661 1.544519 0.723947 0.551967 0.112477 1.185274 0.000000
