15
0.000000 1.000000 2.000000 1.000000 1.362635 0.631787 0.213021 0.713046 1.555889 0.761318 1.721442 1.581046 1.198414 1.389942 0.447992
1.000000 0.000000 1.000000 2.000000 0.362635 1.631787 0.786979 1.713046 0.555889 1.761318 0.721442 0.581046 1.801586 1.610058 0.552008
2.000000 1.000000 0.000000 1.000000 0.637365 1.368213 1.786979 1.286954 0.444111 1.238682 0.278558 0.418954 0.801586 0.610058 1.552008
1.000000 2.000000 1.000000 0.000000 1.637365 0.368213 1.213021 0.286954 1.444111 0.238682 1.278558 1.418954 0.198414 0.389942 1.447992
1.362635 0.362635 0.637365 1.637365 0.000000 1.994421 1.149613 1.924319 0.193255 1.876047 0.358807 0.218412 1.438952 1.247423 0.914643
0.631787 1.631787 1.368213 0.368213 1.994421 0.000000 0.844808 0.081260 1.812324 0.129532 1.646772 1.787167 0.566627 0.758156 1.079778
0.213021 0.786979 1.786979 1.213021 1.149613 0.844808 0.000000 0.926067 1.342868 0.974340 1.508421 1.368025 1.411435 1.602964 0.234970
0.713046 1.713046 1.286954 0.286954 1.924319 0.081260 0.926067 0.000000 1.731064 0.048272 1.565512 1.705907 0.485368 0.676896 1.161038
1.555889 0.555889 0.444111 1.444111 0.193255 1.812324 1.342868 1.731064 0.000000 1.682792 0.165552 0.025157 1.245697 1.054168 1.107898
0.761318 1.761318 1.238682 0.238682 1.876047 0.129532 0.974340 0.048272 1.682792 0.000000 1.517240 1.657635 0.437096 0.628624 1.209310
1.721442 0.721442 0.278558 1.278558 0.358807 1.646772 1.508421 1.565512 0.165552 1.517240 0.000000 0.140395 1.080144 0.888616 1.273450
1.581046 0.581046 0.418954 1.418954 0.218412 1.787167 1.368025 1.705907 0.025157 1.657635 0.140395 0.000000 1.220540 1.029011 1.133055
1.198414 1.801586 0.801586 0.198414 1.438952 0.566627 1.411435 0.485368 1.245697 0.437096 1.080144 1.220540 0.000000 0.191529 1.646406
1.389942 1.610058 0.610058 0.389942 1.247423 0.758156 1.602964 0.676896 1.054168 0.628624 0.888616 1.029011 0.191529 0.000000 1.837934
0.447992 0.552008 1.552008 1.447992 0.914643 1.079778 0.234970 1.161038 1.107898 1.209310 1.273450 1.133055 1.646406 1.837934 0.000000
