45
0.000000 1.000000 2.000000 1.000000 0.862325 1.074902 0.991992 1.438729 0.381521 1.096390 1.573857 1.059531 1.093574 1.236721 0.014910 1.643818 1.736584 0.323034 0.848382 1.518274 1.693910 0.848913 0.750184 0.407704 1.792030 1.686851 1.288244 1.790739 1.983231 0.099266 1.339469 1.402134 0.669508 0.713170 1.708842 0.387297 1.471538 0.679336 0.002277 1.098205 0.030795 0.950468 0.788076 1.417232 1.098935
1.000000 0.000000 1.000000 2.000000 0.137675 0.074902 0.008008 1.561271 1.381521 1.903610 0.573857 1.940469 0.093574 0.236721 0.985090 1.356182 0.736584 0.676966 0.151618 0.518274 0.693910 0.151087 1.750184 1.407704 0.792030 1.313149 1.711756 0.790739 1.016769 1.099266 0.339469 0.402134 0.330492 0.286830 0.708842 0.612703 0.471538 1.679336 1.002277 0.098205 0.969205 0.049532 1.788076 0.417232 0.098935
2.000000 1.000000 0.000000 1.000000 1.137675 0.925098 1.008008 0.561271 1.618479 0.903610 0.426143 0.940469 0.906426 0.763279 1.985090 0.356182 0.263416 1.676966 1.151618 0.481726 0.306090 1.151087 1.249816 1.592296 0.207970 0.313149 0.711756 0.209261 0.016769 1.900734 0.660531 0.597866 1.330492 1.286830 0.291158 1.612703 0.528462 1.320664 1.997723 0.901795 1.969205 1.049532 1.211924 0.582768 0.901065
1.000000 2.000000 1.000000 0.000000 1.862325 1.925098 1.991992 0.438729 0.618479 0.096390 1.426143 0.059531 1.906426 1.763279 1.014910 0.643818 1.263416 1.323034 1.848382 1.481726 1.306090 1.848913 0.249816 0.592296 1.207970 0.686851 0.288244 1.209261 0.983231 0.900734 1.660531 1.597866 1.669508 1.713170 1.291158 1.387297 1.528462 0.320664 0.997723 1.901795 1.030795 1.950468 0.211924 1.582768 1.901065
0.862325 0.137675 1.137675 1.862325 0.000000 0.212577 0.129667 1.698946 1.243846 1.958715 0.711532 1.921856 0.231249 0.374396 0.847415 1.493857 0.874259 0.539291 0.013943 0.655949 0.831585 0.013411 1.612509 1.270029 0.929705 1.450824 1.849431 0.928414 1.154444 0.961591 0.477144 0.539810 0.192817 0.149155 0.846517 0.475028 0.609213 1.541661 0.864602 0.235880 0.831529 0.088143 1.650401 0.554907 0.236610
1.074902 0.074902 0.925098 1.925098 0.212577 0.000000 0.082910 1.486369 1.456423 1.828708 0.498955 1.865567 0.018673 0.161819 1.059992 1.281280 0.661682 0.751867 0.226520 0.443372 0.619008 0.225988 1.825085 1.482606 0.717129 1.238247 1.636854 0.715837 0.941867 1.174168 0.264567 0.327233 0.405394 0.361732 0.633940 0.687605 0.396636 1.754238 1.077179 0.023304 1.044106 0.124434 1.862978 0.342330 0.024034
0.991992 0.008008 1.008008 1.991992 0.129667 0.082910 0.000000 1.569279 1.373513 1.911618 0.581865 1.948477 0.101582 0.244729 0.977082 1.364190 0.744592 0.668958 0.143610 0.526282 0.701918 0.143079 1.742176 1.399696 0.800038 1.321157 1.719764 0.798747 1.024777 1.091258 0.347477 0.410142 0.322484 0.278822 0.716850 0.604695 0.479546 1.671328 0.994269 0.106213 0.961197 0.041524 1.780068 0.425240 0.106943
1.438729 1.561271 0.561271 0.438729 1.698946 1.486369 1.569279 0.000000 1.057208 0.342339 0.987414 0.379198 1.467697 1.324551 1.453638 0.205089 0.824687 1.761763 1.712889 1.042997 0.867361 1.712358 0.688545 1.031025 0.769241 0.248123 0.150485 0.770532 0.544502 1.339463 1.221803 1.159137 1.891763 1.848101 0.852429 1.826026 1.089733 0.759392 1.436452 1.463066 1.469524 1.610803 0.650653 1.144039 1.462336
0.381521 1.381521 1.618479 0.618479 1.243846 1.456423 1.373513 1.057208 0.000000 0.714869 1.955378 0.678010 1.475095 1.618242 0.396431 1.262297 1.881895 0.704555 1.229903 1.899795 1.924569 1.230434 0.368663 0.026183 1.826449 1.305330 0.906723 1.827740 1.601710 0.282255 1.720990 1.783655 1.051029 1.094691 1.909637 0.768818 1.853059 0.297815 0.379244 1.479726 0.412316 1.331989 0.406555 1.798753 1.480456
1.096390 1.903610 0.903610 0.096390 1.958715 1.828708 1.911618 0.342339 0.714869 0.000000 1.329753 0.036859 1.810036 1.666889 1.111300 0.547428 1.167026 1.419424 1.944772 1.385336 1.209700 1.945303 0.346206 0.688686 1.111580 0.590461 0.191854 1.112871 0.886841 0.997124 1.564141 1.501475 1.765898 1.809560 1.194768 1.483687 1.432072 0.417054 1.094113 1.805405 1.127186 1.953142 0.308314 1.486378 1.804675
1.573857 0.573857 0.426143 1.426143 0.711532 0.498955 0.581865 0.987414 1.955378 1.329753 0.000000 1.366612 0.480283 0.337137 1.558948 0.782325 0.162727 1.250823 0.725475 0.055583 0.120053 0.724944 1.675959 1.981561 0.218173 0.739291 1.137899 0.216882 0.442912 1.673123 0.234389 0.171723 0.904349 0.860687 0.134985 1.186560 0.102319 1.746806 1.576134 0.475652 1.543062 0.623389 1.638067 0.156625 0.474922
1.059531 1.940469 0.940469 0.059531 1.921856 1.865567 1.948477 0.379198 0.678010 0.036859 1.366612 0.000000 1.846895 1.703748 1.074440 0.584287 1.203885 1.382565 1.907913 1.422195 1.246559 1.908444 0.309347 0.651827 1.148439 0.627321 0.228713 1.149730 0.923700 0.960265 1.601001 1.538335 1.729039 1.772701 1.231627 1.446828 1.468931 0.380195 1.057254 1.842264 1.090326 1.990001 0.271455 1.523237 1.841534
1.093574 0.093574 0.906426 1.906426 0.231249 0.018673 0.101582 1.467697 1.475095 1.810036 0.480283 1.846895 0.000000 0.143146 1.078665 1.262608 0.643010 0.770540 0.245192 0.424700 0.600336 0.244661 1.843758 1.501278 0.698456 1.219574 1.618182 0.697165 0.923195 1.192840 0.245894 0.308560 0.424066 0.380404 0.615268 0.706277 0.377963 1.772911 1.095851 0.004631 1.062779 0.143107 1.881650 0.323658 0.005361
1.236721 0.236721 0.763279 1.763279 0.374396 0.161819 0.244729 1.324551 1.618242 1.666889 0.337137 1.703748 0.143146 0.000000 1.221811 1.119462 0.499864 0.913686 0.388339 0.281554 0.457189 0.387807 1.986904 1.644424 0.555310 1.076428 1.475036 0.554019 0.780048 1.335987 0.102748 0.165414 0.567212 0.523551 0.472121 0.849424 0.234817 1.916057 1.238998 0.138515 1.205925 0.286253 1.975203 0.180511 0.137785
0.014910 0.985090 1.985090 1.014910 0.847415 1.059992 0.977082 1.453638 0.396431 1.111300 1.558948 1.074440 1.078665 1.221811 0.000000 1.658727 1.721675 0.308125 0.833472 1.503365 1.679000 0.834004 0.765093 0.422613 1.777121 1.701761 1.303153 1.775830 1.998141 0.114175 1.324559 1.387225 0.654599 0.698260 1.693932 0.372387 1.456628 0.694246 0.017187 1.083296 0.015886 0.935558 0.802986 1.402322 1.084026
1.643818 1.356182 0.356182 0.643818 1.493857 1.281280 1.364190 0.205089 1.262297 0.547428 0.782325 0.584287 1.262608 1.119462 1.658727 0.000000 0.619598 1.966852 1.507800 0.837908 0.662272 1.507269 0.893634 1.236114 0.564152 0.043034 0.355574 0.565443 0.339413 1.544552 1.016714 0.954048 1.686674 1.643012 0.647340 1.968885 0.884644 0.964482 1.641541 1.257977 1.674613 1.405714 0.855742 0.938950 1.257247
1.736584 0.736584 0.263416 1.263416 0.874259 0.661682 0.744592 0.824687 1.881895 1.167026 0.162727 1.203885 0.643010 0.499864 1.721675 0.619598 0.000000 1.413550 0.888202 0.218310 0.042674 0.887671 1.513232 1.855712 0.055446 0.576564 0.975172 0.054155 0.280185 1.835850 0.397116 0.334450 1.067076 1.023414 0.027742 1.349287 0.265046 1.584079 1.738861 0.638379 1.705789 0.786116 1.475340 0.319352 0.637649
0.323034 0.676966 1.676966 1.323034 0.539291 0.751867 0.668958 1.761763 0.704555 1.419424 1.250823 1.382565 0.770540 0.913686 0.308125 1.966852 1.413550 0.000000 0.525348 1.195240 1.370876 0.525879 1.073218 0.730738 1.468996 1.990114 1.611278 1.467705 1.693735 0.422300 1.016434 1.079100 0.346474 0.390136 1.385808 0.064263 1.148503 1.002371 0.325312 0.775171 0.292239 0.627433 1.111110 1.094198 0.775901
0.848382 0.151618 1.151618 1.848382 0.013943 0.226520 0.143610 1.712889 1.229903 1.944772 0.725475 1.907913 0.245192 0.388339 0.833472 1.507800 0.888202 0.525348 0.000000 0.669892 0.845528 0.000531 1.598566 1.256086 0.943648 1.464767 1.863374 0.942357 1.168387 0.947648 0.491087 0.553753 0.178874 0.135212 0.860460 0.461085 0.623156 1.527718 0.850659 0.249823 0.817586 0.102086 1.636458 0.568850 0.250553
1.518274 0.518274 0.481726 1.481726 0.655949 0.443372 0.526282 1.042997 1.899795 1.385336 0.055583 1.422195 0.424700 0.281554 1.503365 0.837908 0.218310 1.195240 0.669892 0.000000 0.175636 0.669361 1.731542 1.925978 0.273756 0.794874 1.193482 0.272465 0.498495 1.617540 0.178806 0.116140 0.848766 0.805104 0.190568 1.130977 0.046736 1.802390 1.520551 0.420069 1.487479 0.567806 1.693650 0.101042 0.419339
1.693910 0.693910 0.306090 1.306090 0.831585 0.619008 0.701918 0.867361 1.924569 1.209700 0.120053 1.246559 0.600336 0.457189 1.679000 0.662272 0.042674 1.370876 0.845528 0.175636 0.000000 0.844997 1.555906 1.898386 0.098120 0.619239 1.017846 0.096829 0.322859 1.793176 0.354441 0.291775 1.024402 0.980740 0.014932 1.306613 0.222372 1.626754 1.696187 0.595705 1.663114 0.743442 1.518014 0.276678 0.594975
0.848913 0.151087 1.151087 1.848913 0.013411 0.225988 0.143079 1.712358 1.230434 1.945303 0.724944 1.908444 0.244661 0.387807 0.834004 1.507269 0.887671 0.525879 0.000531 0.669361 0.844997 0.000000 1.599097 1.256617 0.943117 1.464235 1.862843 0.941826 1.167856 0.948179 0.490555 0.553221 0.179405 0.135743 0.859929 0.461616 0.622624 1.528250 0.851191 0.249292 0.818118 0.101554 1.636989 0.568319 0.250022
0.750184 1.750184 1.249816 0.249816 1.612509 1.825085 1.742176 0.688545 0.368663 0.346206 1.675959 0.309347 1.843758 1.986904 0.765093 0.893634 1.513232 1.073218 1.598566 1.731542 1.555906 1.599097 0.000000 0.342480 1.457786 0.936668 0.538060 1.459077 1.233047 0.650918 1.910348 1.847682 1.419692 1.463354 1.540974 1.137481 1.778279 0.070847 0.747907 1.848389 0.780979 1.700651 0.037892 1.832584 1.849119
0.407704 1.407704 1.592296 0.592296 1.270029 1.482606 1.399696 1.031025 0.026183 0.688686 1.981561 0.651827 1.501278 1.644424 0.422613 1.236114 1.855712 0.730738 1.256086 1.925978 1.898386 1.256617 0.342480 0.000000 1.800266 1.279148 0.880540 1.801557 1.575527 0.308438 1.747172 1.809838 1.077212 1.120874 1.883454 0.795001 1.879242 0.271632 0.405427 1.505909 0.438499 1.358172 0.380372 1.824936 1.506639
1.792030 0.792030 0.207970 1.207970 0.929705 0.717129 0.800038 0.769241 1.826449 1.111580 0.218173 1.148439 0.698456 0.555310 1.777121 0.564152 0.055446 1.468996 0.943648 0.273756 0.098120 0.943117 1.457786 1.800266 0.000000 0.521118 0.919726 0.001291 0.224739 1.891296 0.452562 0.389896 1.122522 1.078860 0.083188 1.404733 0.320493 1.528633 1.794308 0.693825 1.761235 0.841563 1.419894 0.374798 0.693095
1.686851 1.313149 0.313149 0.686851 1.450824 1.238247 1.321157 0.248123 1.305330 0.590461 0.739291 0.627321 1.219574 1.076428 1.701761 0.043034 0.576564 1.990114 1.464767 0.794874 0.619239 1.464235 0.936668 1.279148 0.521118 0.000000 0.398608 0.522409 0.296380 1.587585 0.973680 0.911014 1.643640 1.599979 0.604307 1.925852 0.841611 1.007515 1.684574 1.214943 1.717647 1.362681 0.898775 0.895917 1.214213
1.288244 1.711756 0.711756 0.288244 1.849431 1.636854 1.719764 0.150485 0.906723 0.191854 1.137899 0.228713 1.618182 1.475036 1.303153 0.355574 0.975172 1.611278 1.863374 1.193482 1.017846 1.862843 0.538060 0.880540 0.919726 0.398608 0.000000 0.921017 0.694987 1.188978 1.372288 1.309622 1.957752 1.998586 1.002914 1.675541 1.240218 0.608907 1.285967 1.613551 1.319039 1.761288 0.500168 1.294524 1.612821
1.790739 0.790739 0.209261 1.209261 0.928414 0.715837 0.798747 0.770532 1.827740 1.112871 0.216882 1.149730 0.697165 0.554019 1.775830 0.565443 0.054155 1.467705 0.942357 0.272465 0.096829 0.941826 1.459077 1.801557 0.001291 0.522409 0.921017 0.000000 0.226030 1.890005 0.451271 0.388605 1.121231 1.077569 0.081897 1.403442 0.319201 1.529924 1.793016 0.692534 1.759944 0.840271 1.421185 0.373507 0.691804
1.983231 1.016769 0.016769 0.983231 1.154444 0.941867 1.024777 0.544502 1.601710 0.886841 0.442912 0.923700 0.923195 0.780048 1.998141 0.339413 0.280185 1.693735 1.168387 0.498495 0.322859 1.167856 1.233047 1.575527 0.224739 0.296380 0.694987 0.226030 0.000000 1.883965 0.677300 0.614634 1.347261 1.303599 0.307927 1.629472 0.545231 1.303895 1.980954 0.918564 1.985973 1.066301 1.195155 0.599537 0.917834
0.099266 1.099266 1.900734 0.900734 0.961591 1.174168 1.091258 1.339463 0.282255 0.997124 1.673123 0.960265 1.192840 1.335987 0.114175 1.544552 1.835850 0.422300 0.947648 1.617540 1.793176 0.948179 0.650918 0.308438 1.891296 1.587585 1.188978 1.890005 1.883965 0.000000 1.438734 1.501400 0.768774 0.812436 1.808108 0.486563 1.570804 0.580070 0.096989 1.197471 0.130061 1.049734 0.688810 1.516498 1.198201
1.339469 0.339469 0.660531 1.660531 0.477144 0.264567 0.347477 1.221803 1.720990 1.564141 0.234389 1.601001 0.245894 0.102748 1.324559 1.016714 0.397116 1.016434 0.491087 0.178806 0.354441 0.490555 1.910348 1.747172 0.452562 0.973680 1.372288 0.451271 0.677300 1.438734 0.000000 0.062666 0.669960 0.626299 0.369373 0.952172 0.132069 1.981195 1.341746 0.241263 1.308673 0.389001 1.872455 0.077763 0.240533
1.402134 0.402134 0.597866 1.597866 0.539810 0.327233 0.410142 1.159137 1.783655 1.501475 0.171723 1.538335 0.308560 0.165414 1.387225 0.954048 0.334450 1.079100 0.553753 0.116140 0.291775 0.553221 1.847682 1.809838 0.389896 0.911014 1.309622 0.388605 0.614634 1.501400 0.062666 0.000000 0.732626 0.688964 0.306707 1.014837 0.069403 1.918529 1.404412 0.303929 1.371339 0.451667 1.809789 0.015097 0.303199
0.669508 0.330492 1.330492 1.669508 0.192817 0.405394 0.322484 1.891763 1.051029 1.765898 0.904349 1.729039 0.424066 0.567212 0.654599 1.686674 1.067076 0.346474 0.178874 0.848766 1.024402 0.179405 1.419692 1.077212 1.122522 1.643640 1.957752 1.121231 1.347261 0.768774 0.669960 0.732626 0.000000 0.043662 1.039334 0.282211 0.802030 1.348845 0.671785 0.428697 0.638713 0.280960 1.457584 0.747724 0.429427
0.713170 0.286830 1.286830 1.713170 0.149155 0.361732 0.278822 1.848101 1.094691 1.809560 0.860687 1.772701 0.380404 0.523551 0.698260 1.643012 1.023414 0.390136 0.135212 0.805104 0.980740 0.135743 1.463354 1.120874 1.078860 1.599979 1.998586 1.077569 1.303599 0.812436 0.626299 0.688964 0.043662 0.000000 0.995672 0.325873 0.758368 1.392506 0.715447 0.385035 0.682374 0.237298 1.501246 0.704062 0.385765
1.708842 0.708842 0.291158 1.291158 0.846517 0.633940 0.716850 0.852429 1.909637 1.194768 0.134985 1.231627 0.615268 0.472121 1.693932 0.647340 0.027742 1.385808 0.860460 0.190568 0.014932 0.859929 1.540974 1.883454 0.083188 0.604307 1.002914 0.081897 0.307927 1.808108 0.369373 0.306707 1.039334 0.995672 0.000000 1.321545 0.237304 1.611822 1.711119 0.610637 1.678046 0.758374 1.503082 0.291610 0.609907
0.387297 0.612703 1.612703 1.387297 0.475028 0.687605 0.604695 1.826026 0.768818 1.483687 1.186560 1.446828 0.706277 0.849424 0.372387 1.968885 1.349287 0.064263 0.461085 1.130977 1.306613 0.461616 1.137481 0.795001 1.404733 1.925852 1.675541 1.403442 1.629472 0.486563 0.952172 1.014837 0.282211 0.325873 1.321545 0.000000 1.084241 1.066633 0.389574 0.710908 0.356502 0.563171 1.175373 1.029935 0.711638
1.471538 0.471538 0.528462 1.528462 0.609213 0.396636 0.479546 1.089733 1.853059 1.432072 0.102319 1.468931 0.377963 0.234817 1.456628 0.884644 0.265046 1.148503 0.623156 0.046736 0.222372 0.622624 1.778279 1.879242 0.320493 0.841611 1.240218 0.319201 0.545231 1.570804 0.132069 0.069403 0.802030 0.758368 0.237304 1.084241 0.000000 1.849126 1.473815 0.373333 1.440742 0.521070 1.740386 0.054306 0.372602
0.679336 1.679336 1.320664 0.320664 1.541661 1.754238 1.671328 0.759392 0.297815 0.417054 1.746806 0.380195 1.772911 1.916057 0.694246 0.964482 1.584079 1.002371 1.527718 1.802390 1.626754 1.528250 0.070847 0.271632 1.528633 1.007515 0.608907 1.529924 1.303895 0.580070 1.981195 1.918529 1.348845 1.392506 1.611822 1.066633 1.849126 0.000000 0.677059 1.777542 0.710132 1.629804 0.108740 1.903432 1.778272
0.002277 1.002277 1.997723 0.997723 0.864602 1.077179 0.994269 1.436452 0.379244 1.094113 1.576134 1.057254 1.095851 1.238998 0.017187 1.641541 1.738861 0.325312 0.850659 1.520551 1.696187 0.851191 0.747907 0.405427 1.794308 1.684574 1.285967 1.793016 1.980954 0.096989 1.341746 1.404412 0.671785 0.715447 1.711119 0.389574 1.473815 0.677059 0.000000 1.100482 0.033073 0.952745 0.785799 1.419509 1.101212
1.098205 0.098205 0.901795 1.901795 0.235880 0.023304 0.106213 1.463066 1.479726 1.805405 0.475652 1.842264 0.004631 0.138515 1.083296 1.257977 0.638379 0.775171 0.249823 0.420069 0.595705 0.249292 1.848389 1.505909 0.693825 1.214943 1.613551 0.692534 0.918564 1.197471 0.241263 0.303929 0.428697 0.385035 0.610637 0.710908 0.373333 1.777542 1.100482 0.000000 1.067410 0.147738 1.886281 0.319027 0.000730
0.030795 0.969205 1.969205 1.030795 0.831529 1.044106 0.961197 1.469524 0.412316 1.127186 1.543062 1.090326 1.062779 1.205925 0.015886 1.674613 1.705789 0.292239 0.817586 1.487479 1.663114 0.818118 0.780979 0.438499 1.761235 1.717647 1.319039 1.759944 1.985973 0.130061 1.308673 1.371339 0.638713 0.682374 1.678046 0.356502 1.440742 0.710132 0.033073 1.067410 0.000000 0.919672 0.818872 1.386436 1.068140
0.950468 0.049532 1.049532 1.950468 0.088143 0.124434 0.041524 1.610803 1.331989 1.953142 0.623389 1.990001 0.143107 0.286253 0.935558 1.405714 0.786116 0.627433 0.102086 0.567806 0.743442 0.101554 1.700651 1.358172 0.841563 1.362681 1.761288 0.840271 1.066301 1.049734 0.389001 0.451667 0.280960 0.237298 0.758374 0.563171 0.521070 1.629804 0.952745 0.147738 0.919672 0.000000 1.738544 0.466764 0.148468
0.788076 1.788076 1.211924 0.211924 1.650401 1.862978 1.780068 0.650653 0.406555 0.308314 1.638067 0.271455 1.881650 1.975203 0.802986 0.855742 1.475340 1.111110 1.636458 1.693650 1.518014 1.636989 0.037892 0.380372 1.419894 0.898775 0.500168 1.421185 1.195155 0.688810 1.872455 1.809789 1.457584 1.501246 1.503082 1.175373 1.740386 0.108740 0.785799 1.886281 0.818872 1.738544 0.000000 1.794692 1.887011
1.417232 0.417232 0.582768 1.582768 0.554907 0.342330 0.425240 1.144039 1.798753 1.486378 0.156625 1.523237 0.323658 0.180511 1.402322 0.938950 0.319352 1.094198 0.568850 0.101042 0.276678 0.568319 1.832584 1.824936 0.374798 0.895917 1.294524 0.373507 0.599537 1.516498 0.077763 0.015097 0.747724 0.704062 0.291610 1.029935 0.054306 1.903432 1.419509 0.319027 1.386436 0.466764 1.794692 0.000000 0.318297
1.098935 0.098935 0.901065 1.901065 0.236610 0.024034 0.106943 1.462336 1.480456 1.804675 0.474922 1.841534 0.005361 0.137785 1.084026 1.257247 0.637649 0.775901 0.250553 0.419339 0.594975 0.250022 1.849119 1.506639 0.693095 1.214213 1.612821 0.691804 0.917834 1.198201 0.240533 0.303199 0.429427 0.385765 0.609907 0.711638 0.372602 1.778272 1.101212 0.000730 1.068140 0.148468 1.887011 0.318297 0.000000
