45
0.000000 1.000000 2.000000 1.000000 0.952039 1.418435 0.831929 1.128734 1.734853 0.473600 1.104351 1.693823 0.852769 1.022206 0.170905 0.359418 1.159770 1.467192 0.284376 0.377417 0.715704 0.684646 0.170362 1.221973 1.177560 1.953289 1.753610 0.328294 1.468885 1.378198 0.091899 1.392040 0.407554 0.433755 0.491449 0.901894 1.347806 1.727420 1.757239 0.856065 0.103547 1.988404 0.144909 1.531873 1.468451
1.000000 0.000000 1.000000 2.000000 1.952039 1.581565 0.168071 1.871266 0.734853 1.473600 0.104351 1.306177 0.147231 0.022206 1.170905 0.640582 0.159770 0.467192 0.715624 1.377417 0.284296 1.684646 0.829638 0.221973 0.177560 1.046711 1.246390 1.328294 1.531115 0.378198 0.908101 0.392040 0.592446 1.433755 1.491449 1.901894 0.347806 1.272580 0.757239 0.143935 1.103547 1.011596 1.144909 0.531873 0.468451
2.000000 1.000000 0.000000 1.000000 1.047961 0.581565 1.168071 0.871266 0.265147 1.526400 0.895649 0.306177 1.147231 0.977794 1.829095 1.640582 0.840230 0.532808 1.715624 1.622583 1.284296 1.315354 1.829638 0.778027 0.822440 0.046711 0.246390 1.671706 0.531115 0.621802 1.908101 0.607960 1.592446 1.566245 1.508551 1.098106 0.652194 0.272580 0.242761 1.143935 1.896453 0.011596 1.855091 0.468127 0.531549
1.000000 2.000000 1.000000 0.000000 0.047961 0.418435 1.831929 0.128734 1.265147 0.526400 1.895649 0.693823 1.852769 1.977794 0.829095 1.359418 1.840230 1.532808 1.284376 0.622583 1.715704 0.315354 1.170362 1.778027 1.822440 0.953289 0.753610 0.671706 0.468885 1.621802 1.091899 1.607960 1.407554 0.566245 0.508551 0.098106 1.652194 0.727420 1.242761 1.856065 0.896453 0.988404 0.855091 1.468127 1.531549
0.952039 1.952039 1.047961 0.047961 0.000000 0.466396 1.783968 0.176695 1.313108 0.478439 1.943610 0.741784 1.804808 1.974245 0.781134 1.311457 1.888191 1.580769 1.236415 0.574622 1.667743 0.267394 1.122401 1.825988 1.870400 1.001250 0.801571 0.623745 0.516846 1.669763 1.043938 1.655921 1.359594 0.518284 0.460590 0.050145 1.700155 0.775381 1.290722 1.808104 0.848492 1.036364 0.807131 1.516088 1.579510
1.418435 1.581565 0.581565 0.418435 0.466396 0.000000 1.749635 0.289701 0.846712 0.944835 1.477213 0.275388 1.728796 1.559359 1.247530 1.777853 1.421795 1.114373 1.702812 1.041018 1.865861 0.733790 1.588798 1.359592 1.404004 0.534854 0.335174 1.090142 0.050450 1.203366 1.510334 1.189525 1.825990 0.984680 0.926986 0.516541 1.233758 0.308985 0.824326 1.725500 1.314888 0.569968 1.273527 1.049692 1.113113
0.831929 0.168071 1.168071 1.831929 1.783968 1.749635 0.000000 1.960663 0.902924 1.305530 0.272422 1.474247 0.020840 0.190276 1.002835 0.472511 0.327841 0.635263 0.547553 1.209346 0.116225 1.516575 0.661567 0.390044 0.345631 1.214782 1.414461 1.160223 1.699185 0.546269 0.740030 0.560110 0.424375 1.265684 1.323379 1.733823 0.515877 1.440651 0.925310 0.024136 0.935476 1.179667 0.976838 0.699944 0.636522
1.128734 1.871266 0.871266 0.128734 0.176695 0.289701 1.960663 0.000000 1.136413 0.655134 1.766914 0.565089 1.981503 1.849060 0.957829 1.488152 1.711496 1.404074 1.413111 0.751317 1.844438 0.444089 1.299097 1.649293 1.693705 0.824555 0.624876 0.800440 0.340151 1.493068 1.220633 1.479226 1.536289 0.694979 0.637285 0.226840 1.523460 0.598686 1.114027 1.984799 1.025187 0.859669 0.983826 1.339393 1.402815
1.734853 0.734853 0.265147 1.265147 1.313108 0.846712 0.902924 1.136413 0.000000 1.791547 0.630502 0.571324 0.882084 0.712647 1.905758 1.375435 0.575083 0.267661 1.450477 1.887730 1.019149 1.580501 1.564491 0.512880 0.557292 0.311858 0.511537 1.936853 0.796262 0.356655 1.642954 0.342813 1.327299 1.831392 1.773698 1.363253 0.387047 0.537727 0.022386 0.878788 1.838400 0.276743 1.879761 0.202980 0.266402
0.473600 1.473600 1.526400 0.526400 0.478439 0.944835 1.305530 0.655134 1.791547 0.000000 1.577952 1.220223 1.326369 1.495806 0.302695 0.833018 1.633370 1.940792 0.757977 0.096183 1.189304 0.211045 0.643963 1.695573 1.651161 1.479689 1.280009 0.145307 0.995285 1.851799 0.565499 1.865640 0.881155 0.039845 0.017849 0.428294 1.821407 1.253820 1.769161 1.329665 0.370053 1.514803 0.328692 1.994527 1.942052
1.104351 0.104351 0.895649 1.895649 1.943610 1.477213 0.272422 1.766914 0.630502 1.577952 0.000000 1.201825 0.251583 0.082146 1.275257 0.744934 0.055419 0.362841 0.819975 1.481768 0.388647 1.788997 0.933989 0.117622 0.073209 0.942360 1.142039 1.432645 1.426763 0.273847 1.012453 0.287688 0.696797 1.538106 1.595801 1.993755 0.243455 1.168228 0.652887 0.248286 1.207898 0.907245 1.249260 0.427521 0.364100
1.693823 1.306177 0.306177 0.693823 0.741784 0.275388 1.474247 0.565089 0.571324 1.220223 1.201825 0.000000 1.453408 1.283971 1.522918 1.946759 1.146406 0.838985 1.978200 1.316406 1.590472 1.009178 1.864186 1.084203 1.128616 0.259466 0.059786 1.365530 0.224938 0.927978 1.785722 0.914137 1.898622 1.260069 1.202374 0.791929 0.958370 0.033597 0.548938 1.450111 1.590276 0.294580 1.548915 0.774304 0.837725
0.852769 0.147231 1.147231 1.852769 1.804808 1.728796 0.020840 1.981503 0.882084 1.326369 0.251583 1.453408 0.000000 0.169437 1.023674 0.493351 0.307001 0.614423 0.568393 1.230186 0.137065 1.537414 0.682407 0.369204 0.324792 1.193942 1.393621 1.181063 1.678346 0.525429 0.760870 0.539271 0.445214 1.286524 1.344218 1.754663 0.495037 1.419811 0.904470 0.003296 0.956316 1.158828 0.997677 0.679104 0.615682
1.022206 0.022206 0.977794 1.977794 1.974245 1.559359 0.190276 1.849060 0.712647 1.495806 0.082146 1.283971 0.169437 0.000000 1.193111 0.662788 0.137564 0.444986 0.737829 1.399623 0.306501 1.706851 0.851843 0.199768 0.155355 1.024505 1.224185 1.350499 1.508909 0.355993 0.930307 0.369834 0.614651 1.455961 1.513655 1.924100 0.325601 1.250374 0.735033 0.166140 1.125753 0.989391 1.167114 0.509667 0.446246
0.170905 1.170905 1.829095 0.829095 0.781134 1.247530 1.002835 0.957829 1.905758 0.302695 1.275257 1.522918 1.023674 1.193111 0.000000 0.530323 1.330675 1.638097 0.455282 0.206512 0.886610 0.513740 0.341268 1.392878 1.348466 1.782384 1.582704 0.157388 1.297980 1.549104 0.262804 1.562945 0.578460 0.262850 0.320544 0.730989 1.518712 1.556515 1.928144 1.026971 0.067358 1.817498 0.025997 1.702778 1.639357
0.359418 0.640582 1.640582 1.359418 1.311457 1.777853 0.472511 1.488152 1.375435 0.833018 0.744934 1.946759 0.493351 0.662788 0.530323 0.000000 0.800352 1.107774 0.075041 0.736835 0.356286 1.044063 0.189055 0.862555 0.818143 1.687293 1.886973 0.687712 1.828303 1.018780 0.267519 1.032622 0.048137 0.793173 0.850867 1.261312 0.988389 1.913162 1.397821 0.496647 0.462965 1.652179 0.504326 1.172455 1.109033
1.159770 0.159770 0.840230 1.840230 1.888191 1.421795 0.327841 1.711496 0.575083 1.633370 0.055419 1.146406 0.307001 0.137564 1.330675 0.800352 0.000000 0.307422 0.875394 1.537187 0.444066 1.844416 0.989408 0.062203 0.017790 0.886941 1.086620 1.488064 1.371344 0.218428 1.067871 0.232270 0.752216 1.593525 1.651219 1.938336 0.188036 1.112810 0.597469 0.303705 1.263317 0.851826 1.304679 0.372103 0.308681
1.467192 0.467192 0.532808 1.532808 1.580769 1.114373 0.635263 1.404074 0.267661 1.940792 0.362841 0.838985 0.614423 0.444986 1.638097 1.107774 0.307422 0.000000 1.182816 1.844609 0.751488 1.848163 1.296830 0.245219 0.289631 0.579519 0.779198 1.795486 1.063923 0.088994 1.375293 0.075152 1.059637 1.900947 1.958641 1.630914 0.119386 0.805388 0.290047 0.611127 1.570739 0.544405 1.612100 0.064681 0.001259
0.284376 0.715624 1.715624 1.284376 1.236415 1.702812 0.547553 1.413111 1.450477 0.757977 0.819975 1.978200 0.568393 0.737829 0.455282 0.075041 0.875394 1.182816 0.000000 0.661793 0.431328 0.969022 0.114014 0.937597 0.893184 1.762335 1.962014 0.612670 1.753262 1.093822 0.192478 1.107663 0.123178 0.718131 0.775826 1.186270 1.063430 1.988203 1.472862 0.571689 0.387923 1.727220 0.429285 1.247496 1.184075
0.377417 1.377417 1.622583 0.622583 0.574622 1.041018 1.209346 0.751317 1.887730 0.096183 1.481768 1.316406 1.230186 1.399623 0.206512 0.736835 1.537187 1.844609 0.661793 0.000000 1.093121 0.307228 0.547779 1.599390 1.554978 1.575872 1.376193 0.049123 1.091468 1.755615 0.469316 1.769457 0.784972 0.056338 0.114032 0.524477 1.725223 1.350003 1.865344 1.233482 0.273870 1.610986 0.232509 1.909290 1.845868
0.715704 0.284296 1.284296 1.715704 1.667743 1.865861 0.116225 1.844438 1.019149 1.189304 0.388647 1.590472 0.137065 0.306501 0.886610 0.356286 0.444066 0.751488 0.431328 1.093121 0.000000 1.400350 0.545342 0.506269 0.461856 1.331007 1.530686 1.043998 1.815410 0.662494 0.623805 0.676335 0.308150 1.149459 1.207153 1.617598 0.632102 1.556876 1.041535 0.140361 0.819251 1.295892 0.860613 0.816169 0.752747
0.684646 1.684646 1.315354 0.315354 0.267394 0.733790 1.516575 0.444089 1.580501 0.211045 1.788997 1.009178 1.537414 1.706851 0.513740 1.044063 1.844416 1.848163 0.969022 0.307228 1.400350 0.000000 0.855008 1.906619 1.862206 1.268643 1.068964 0.356352 0.784240 1.937156 0.776544 1.923315 1.092200 0.250891 0.193196 0.217248 1.967548 1.042775 1.558116 1.540711 0.581099 1.303758 0.539737 1.783482 1.846903
0.170362 0.829638 1.829638 1.170362 1.122401 1.588798 0.661567 1.299097 1.564491 0.643963 0.933989 1.864186 0.682407 0.851843 0.341268 0.189055 0.989408 1.296830 0.114014 0.547779 0.545342 0.855008 0.000000 1.051611 1.007198 1.876349 1.923972 0.498656 1.639248 1.207836 0.078464 1.221677 0.237192 0.604117 0.661812 1.072256 1.177444 1.897782 1.586876 0.685703 0.273909 1.841234 0.315271 1.361510 1.298089
1.221973 0.221973 0.778027 1.778027 1.825988 1.359592 0.390044 1.649293 0.512880 1.695573 0.117622 1.084203 0.369204 0.199768 1.392878 0.862555 0.062203 0.245219 0.937597 1.599390 0.506269 1.906619 1.051611 0.000000 0.044413 0.824738 1.024417 1.550267 1.309141 0.156225 1.130074 0.170066 0.814419 1.655728 1.713422 1.876133 0.125833 1.050607 0.535266 0.365908 1.325520 0.789623 1.366882 0.309900 0.246478
1.177560 0.177560 0.822440 1.822440 1.870400 1.404004 0.345631 1.693705 0.557292 1.651161 0.073209 1.128616 0.324792 0.155355 1.348466 0.818143 0.017790 0.289631 0.893184 1.554978 0.461856 1.862206 1.007198 0.044413 0.000000 0.869151 1.068830 1.505854 1.353554 0.200638 1.085662 0.214479 0.770006 1.611315 1.669010 1.920546 0.170246 1.095019 0.579678 0.321495 1.281107 0.834036 1.322469 0.354312 0.290891
1.953289 1.046711 0.046711 0.953289 1.001250 0.534854 1.214782 0.824555 0.311858 1.479689 0.942360 0.259466 1.193942 1.024505 1.782384 1.687293 0.886941 0.579519 1.762335 1.575872 1.331007 1.268643 1.876349 0.824738 0.869151 0.000000 0.199679 1.624995 0.484404 0.668513 1.954812 0.654671 1.639157 1.519534 1.461840 1.051395 0.698905 0.225869 0.289472 1.190646 1.849742 0.035115 1.808380 0.514838 0.578260
1.753610 1.246390 0.246390 0.753610 0.801571 0.335174 1.414461 0.624876 0.511537 1.280009 1.142039 0.059786 1.393621 1.224185 1.582704 1.886973 1.086620 0.779198 1.962014 1.376193 1.530686 1.068964 1.923972 1.024417 1.068830 0.199679 0.000000 1.425316 0.284724 0.868192 1.845508 0.854351 1.838836 1.319855 1.262160 0.851716 0.898584 0.026190 0.489152 1.390325 1.650063 0.234794 1.608701 0.714518 0.777939
0.328294 1.328294 1.671706 0.671706 0.623745 1.090142 1.160223 0.800440 1.936853 0.145307 1.432645 1.365530 1.181063 1.350499 0.157388 0.687712 1.488064 1.795486 0.612670 0.049123 1.043998 0.356352 0.498656 1.550267 1.505854 1.624995 1.425316 0.000000 1.140592 1.706492 0.420193 1.720333 0.735848 0.105461 0.163156 0.573600 1.676100 1.399126 1.914467 1.184359 0.224747 1.660110 0.183385 1.860167 1.796745
1.468885 1.531115 0.531115 0.468885 0.516846 0.050450 1.699185 0.340151 0.796262 0.995285 1.426763 0.224938 1.678346 1.508909 1.297980 1.828303 1.371344 1.063923 1.753262 1.091468 1.815410 0.784240 1.639248 1.309141 1.353554 0.484404 0.284724 1.140592 0.000000 1.152916 1.560784 1.139075 1.876440 1.035131 0.977436 0.566991 1.183308 0.258535 0.773876 1.675049 1.365338 0.519518 1.323977 0.999242 1.062663
1.378198 0.378198 0.621802 1.621802 1.669763 1.203366 0.546269 1.493068 0.356655 1.851799 0.273847 0.927978 0.525429 0.355993 1.549104 1.018780 0.218428 0.088994 1.093822 1.755615 0.662494 1.937156 1.207836 0.156225 0.200638 0.668513 0.868192 1.706492 1.152916 0.000000 1.286299 0.013841 0.970644 1.811953 1.869647 1.719908 0.030392 0.894382 0.379041 0.522133 1.481745 0.633398 1.523107 0.153675 0.090253
0.091899 0.908101 1.908101 1.091899 1.043938 1.510334 0.740030 1.220633 1.642954 0.565499 1.012453 1.785722 0.760870 0.930307 0.262804 0.267519 1.067871 1.375293 0.192478 0.469316 0.623805 0.776544 0.078464 1.130074 1.085662 1.954812 1.845508 0.420193 1.560784 1.286299 0.000000 1.300141 0.315656 0.525654 0.583348 0.993793 1.255908 1.819319 1.665340 0.764166 0.195446 1.919698 0.236807 1.439974 1.376552
1.392040 0.392040 0.607960 1.607960 1.655921 1.189525 0.560110 1.479226 0.342813 1.865640 0.287688 0.914137 0.539271 0.369834 1.562945 1.032622 0.232270 0.075152 1.107663 1.769457 0.676335 1.923315 1.221677 0.170066 0.214479 0.654671 0.854351 1.720333 1.139075 0.013841 1.300141 0.000000 0.984485 1.825795 1.883489 1.706066 0.044233 0.880540 0.365199 0.535974 1.495587 0.619557 1.536948 0.139833 0.076412
0.407554 0.592446 1.592446 1.407554 1.359594 1.825990 0.424375 1.536289 1.327299 0.881155 0.696797 1.898622 0.445214 0.614651 0.578460 0.048137 0.752216 1.059637 0.123178 0.784972 0.308150 1.092200 0.237192 0.814419 0.770006 1.639157 1.838836 0.735848 1.876440 0.970644 0.315656 0.984485 0.000000 0.841309 0.899004 1.309448 0.940252 1.865025 1.349684 0.448511 0.511101 1.604042 0.552463 1.124318 1.060897
0.433755 1.433755 1.566245 0.566245 0.518284 0.984680 1.265684 0.694979 1.831392 0.039845 1.538106 1.260069 1.286524 1.455961 0.262850 0.793173 1.593525 1.900947 0.718131 0.056338 1.149459 0.250891 0.604117 1.655728 1.611315 1.519534 1.319855 0.105461 1.035131 1.811953 0.525654 1.825795 0.841309 0.000000 0.057694 0.468139 1.781561 1.293665 1.809006 1.289820 0.330208 1.554649 0.288846 1.965628 1.902206
0.491449 1.491449 1.508551 0.508551 0.460590 0.926986 1.323379 0.637285 1.773698 0.017849 1.595801 1.202374 1.344218 1.513655 0.320544 0.850867 1.651219 1.958641 0.775826 0.114032 1.207153 0.193196 0.661812 1.713422 1.669010 1.461840 1.262160 0.163156 0.977436 1.869647 0.583348 1.883489 0.899004 0.057694 0.000000 0.410445 1.839256 1.235971 1.751312 1.347514 0.387902 1.496954 0.346541 1.976678 1.959901
0.901894 1.901894 1.098106 0.098106 0.050145 0.516541 1.733823 0.226840 1.363253 0.428294 1.993755 0.791929 1.754663 1.924100 0.730989 1.261312 1.938336 1.630914 1.186270 0.524477 1.617598 0.217248 1.072256 1.876133 1.920546 1.051395 0.851716 0.573600 0.566991 1.719908 0.993793 1.706066 1.309448 0.468139 0.410445 0.000000 1.750300 0.825526 1.340867 1.757959 0.798347 1.086510 0.756986 1.566233 1.629655
1.347806 0.347806 0.652194 1.652194 1.700155 1.233758 0.515877 1.523460 0.387047 1.821407 0.243455 0.958370 0.495037 0.325601 1.518712 0.988389 0.188036 0.119386 1.063430 1.725223 0.632102 1.967548 1.177444 0.125833 0.170246 0.698905 0.898584 1.676100 1.183308 0.030392 1.255908 0.044233 0.940252 1.781561 1.839256 1.750300 0.000000 0.924774 0.409432 0.491741 1.451353 0.663790 1.492715 0.184066 0.120645
1.727420 1.272580 0.272580 0.727420 0.775381 0.308985 1.440651 0.598686 0.537727 1.253820 1.168228 0.033597 1.419811 1.250374 1.556515 1.913162 1.112810 0.805388 1.988203 1.350003 1.556876 1.042775 1.897782 1.050607 1.095019 0.225869 0.026190 1.399126 0.258535 0.894382 1.819319 0.880540 1.865025 1.293665 1.235971 0.825526 0.924774 0.000000 0.515341 1.416515 1.623873 0.260983 1.582512 0.740707 0.804129
1.757239 0.757239 0.242761 1.242761 1.290722 0.824326 0.925310 1.114027 0.022386 1.769161 0.652887 0.548938 0.904470 0.735033 1.928144 1.397821 0.597469 0.290047 1.472862 1.865344 1.041535 1.558116 1.586876 0.535266 0.579678 0.289472 0.489152 1.914467 0.773876 0.379041 1.665340 0.365199 1.349684 1.809006 1.751312 1.340867 0.409432 0.515341 0.000000 0.901174 1.860786 0.254358 1.902147 0.225366 0.288788
0.856065 0.143935 1.143935 1.856065 1.808104 1.725500 0.024136 1.984799 0.878788 1.329665 0.248286 1.450111 0.003296 0.166140 1.026971 0.496647 0.303705 0.611127 0.571689 1.233482 0.140361 1.540711 0.685703 0.365908 0.321495 1.190646 1.390325 1.184359 1.675049 0.522133 0.764166 0.535974 0.448511 1.289820 1.347514 1.757959 0.491741 1.416515 0.901174 0.000000 0.959612 1.155531 1.000974 0.675808 0.612386
0.103547 1.103547 1.896453 0.896453 0.848492 1.314888 0.935476 1.025187 1.838400 0.370053 1.207898 1.590276 0.956316 1.125753 0.067358 0.462965 1.263317 1.570739 0.387923 0.273870 0.819251 0.581099 0.273909 1.325520 1.281107 1.849742 1.650063 0.224747 1.365338 1.481745 0.195446 1.495587 0.511101 0.330208 0.387902 0.798347 1.451353 1.623873 1.860786 0.959612 0.000000 1.884857 0.041361 1.635420 1.571998
1.988404 1.011596 0.011596 0.988404 1.036364 0.569968 1.179667 0.859669 0.276743 1.514803 0.907245 0.294580 1.158828 0.989391 1.817498 1.652179 0.851826 0.544405 1.727220 1.610986 1.295892 1.303758 1.841234 0.789623 0.834036 0.035115 0.234794 1.660110 0.519518 0.633398 1.919698 0.619557 1.604042 1.554649 1.496954 1.086510 0.663790 0.260983 0.254358 1.155531 1.884857 0.000000 1.843495 0.479724 0.543145
0.144909 1.144909 1.855091 0.855091 0.807131 1.273527 0.976838 0.983826 1.879761 0.328692 1.249260 1.548915 0.997677 1.167114 0.025997 0.504326 1.304679 1.612100 0.429285 0.232509 0.860613 0.539737 0.315271 1.366882 1.322469 1.808380 1.608701 0.183385 1.323977 1.523107 0.236807 1.536948 0.552463 0.288846 0.346541 0.756986 1.492715 1.582512 1.902147 1.000974 0.041361 1.843495 0.000000 1.676781 1.613360
1.531873 0.531873 0.468127 1.468127 1.516088 1.049692 0.699944 1.339393 0.202980 1.994527 0.427521 0.774304 0.679104 0.509667 1.702778 1.172455 0.372103 0.064681 1.247496 1.909290 0.816169 1.783482 1.361510 0.309900 0.354312 0.514838 0.714518 1.860167 0.999242 0.153675 1.439974 0.139833 1.124318 1.965628 1.976678 1.566233 0.184066 0.740707 0.225366 0.675808 1.635420 0.479724 1.676781 0.000000 0.063422
1.468451 0.468451 0.531549 1.531549 1.579510 1.113113 0.636522 1.402815 0.266402 1.942052 0.364100 0.837725 0.615682 0.446246 1.639357 1.109033 0.308681 0.001259 1.184075 1.845868 0.752747 1.846903 1.298089 0.246478 0.290891 0.578260 0.777939 1.796745 1.062663 0.090253 1.376552 0.076412 1.060897 1.902206 1.959901 1.629655 0.120645 0.804129 0.288788 0.612386 1.571998 0.543145 1.613360 0.063422 0.000000
