10
0.000000 1.000000 2.000000 1.000000 0.929051 0.181988 1.277606 1.044120 1.746832 0.323564
1.000000 0.000000 1.000000 2.000000 0.070949 1.181988 1.722394 0.044120 0.746832 1.323564
2.000000 1.000000 0.000000 1.000000 1.070949 1.818012 0.722394 0.955880 0.253168 1.676436
1.000000 2.000000 1.000000 0.000000 1.929051 0.818012 0.277606 1.955880 1.253168 0.676436
0.929051 0.070949 1.070949 1.929051 0.000000 1.111039 1.793343 0.115068 0.817781 1.252616
0.181988 1.181988 1.818012 0.818012 1.111039 0.000000 1.095618 1.226108 1.928820 0.141576
1.277606 1.722394 0.722394 0.277606 1.793343 1.095618 0.000000 1.678275 0.975562 0.954041
1.044120 0.044120 0.955880 1.955880 0.115068 1.226108 1.678275 0.000000 0.702713 1.367684
1.746832 0.746832 0.253168 1.253168 0.817781 1.928820 0.975562 0.702713 0.000000 1.929603
0.323564 1.323564 1.676436 0.676436 1.252616 0.141576 0.954041 1.367684 1.929603 0.000000
