20
0.000000 1.000000 2.000000 1.000000 0.971522 1.839344 1.964080 1.893131 1.188576 1.472881 1.092218 0.456343 0.763857 1.221882 0.347731 0.360430 1.378836 0.037842 0.390358 1.580385
1.000000 0.000000 1.000000 2.000000 0.028478 1.160656 1.035920 0.893131 0.188576 1.527119 0.092218 0.543657 1.763857 1.778118 1.347731 0.639570 0.378836 1.037842 0.609642 0.580385
2.000000 1.000000 0.000000 1.000000 1.028478 0.160656 0.035920 0.106869 0.811424 0.527119 0.907782 1.543657 1.236143 0.778118 1.652269 1.639570 0.621164 1.962158 1.609642 0.419615
1.000000 2.000000 1.000000 0.000000 1.971522 0.839344 0.964080 1.106869 1.811424 0.472881 1.907782 1.456343 0.236143 0.221882 0.652269 1.360430 1.621164 0.962158 1.390358 1.419615
0.971522 0.028478 1.028478 1.971522 0.000000 1.189134 1.064398 0.921609 0.217054 1.555597 0.120696 0.515180 1.735379 1.806595 1.319254 0.611093 0.407313 1.009365 0.581165 0.608862
1.839344 1.160656 0.160656 0.839344 1.189134 0.000000 0.124736 0.267525 0.972080 0.366463 1.068438 1.704314 1.075487 0.617461 1.491612 1.800227 0.781821 1.801501 1.770299 0.580272
1.964080 1.035920 0.035920 0.964080 1.064398 0.124736 0.000000 0.142789 0.847344 0.491199 0.943702 1.579577 1.200223 0.742198 1.616349 1.675490 0.657084 1.926238 1.645562 0.455535
1.893131 0.893131 0.106869 1.106869 0.921609 0.267525 0.142789 0.000000 0.704555 0.633988 0.800913 1.436788 1.343012 0.884986 1.759137 1.532702 0.514296 1.930974 1.502773 0.312747
1.188576 0.188576 0.811424 1.811424 0.217054 0.972080 0.847344 0.704555 0.000000 1.338543 0.096358 0.732233 1.952433 1.589541 1.536308 0.828147 0.190260 1.226419 0.798218 0.391808
1.472881 1.527119 0.527119 0.472881 1.555597 0.366463 0.491199 0.633988 1.338543 0.000000 1.434901 1.929223 0.709024 0.250998 1.125149 1.833310 1.148284 1.435038 1.863239 0.946735
1.092218 0.092218 0.907782 1.907782 0.120696 1.068438 0.943702 0.800913 0.096358 1.434901 0.000000 0.635875 1.856075 1.685900 1.439949 0.731788 0.286618 1.130060 0.701860 0.488167
0.456343 0.543657 1.543657 1.456343 0.515180 1.704314 1.579577 1.436788 0.732233 1.929223 0.635875 0.000000 1.220200 1.678225 0.804074 0.095913 0.922493 0.494185 0.065985 1.124042
0.763857 1.763857 1.236143 0.236143 1.735379 1.075487 1.200223 1.343012 1.952433 0.709024 1.856075 1.220200 0.000000 0.458025 0.416126 1.124287 1.857307 0.726015 1.154215 1.655758
1.221882 1.778118 0.778118 0.221882 1.806595 0.617461 0.742198 0.884986 1.589541 0.250998 1.685900 1.678225 0.458025 0.000000 0.874151 1.582312 1.399282 1.184040 1.612240 1.197733
0.347731 1.347731 1.652269 0.652269 1.319254 1.491612 1.616349 1.759137 1.536308 1.125149 1.439949 0.804074 0.416126 0.874151 0.000000 0.708161 1.726567 0.309889 0.738089 1.928116
0.360430 0.639570 1.639570 1.360430 0.611093 1.800227 1.675490 1.532702 0.828147 1.833310 0.731788 0.095913 1.124287 1.582312 0.708161 0.000000 1.018406 0.398272 0.029928 1.219955
1.378836 0.378836 0.621164 1.621164 0.407313 0.781821 0.657084 0.514296 0.190260 1.148284 0.286618 0.922493 1.857307 1.399282 1.726567 1.018406 0.000000 1.416678 0.988478 0.201549
0.037842 1.037842 1.962158 0.962158 1.009365 1.801501 1.926238 1.930974 1.226419 1.435038 1.130060 0.494185 0.726015 1.184040 0.309889 0.398272 1.416678 0.000000 0.428200 1.618227
0.390358 0.609642 1.609642 1.390358 0.581165 1.770299 1.645562 1.502773 0.798218 1.863239 0.701860 0.065985 1.154215 1.612240 0.738089 0.029928 0.988478 0.428200 0.000000 1.190027
1.580385 0.580385 0.419615 1.419615 0.608862 0.580272 0.455535 0.312747 0.391808 0.946735 0.488167 1.124042 1.655758 1.197733 1.928116 1.219955 0.201549 1.618227 1.190027 0.000000
