15
0.000000 1.000000 2.000000 1.000000 0.892874 0.330004 1.028781 0.628872 0.627472 1.520044 0.988892 0.239400 0.824688 1.075842 0.239472
1.000000 0.000000 1.000000 2.000000 0.107126 0.669996 1.971219 0.371128 1.627472 1.479956 0.011108 1.239400 1.824688 1.924158 1.239472
2.000000 1.000000 0.000000 1.000000 1.107126 1.669996 0.971219 1.371128 1.372528 0.479956 1.011108 1.760600 1.175312 0.924158 1.760528
1.000000 2.000000 1.000000 0.000000 1.892874 1.330004 0.028781 1.628872 0.372528 0.520044 1.988892 0.760600 0.175312 0.075842 0.760528
0.892874 0.107126 1.107126 1.892874 0.000000 0.562870 1.921655 0.264002 1.520345 1.587083 0.096018 1.132273 1.717562 1.968716 1.132346
0.330004 0.669996 1.669996 1.330004 0.562870 0.000000 1.358785 0.298868 0.957476 1.850048 0.658888 0.569404 1.154692 1.405846 0.569477
1.028781 1.971219 0.971219 0.028781 1.921655 1.358785 0.000000 1.657653 0.401310 0.491262 1.982327 0.789382 0.204093 0.047061 0.789309
0.628872 0.371128 1.371128 1.628872 0.264002 0.298868 1.657653 0.000000 1.256344 1.851084 0.360020 0.868272 1.453560 1.704714 0.868344
0.627472 1.627472 1.372528 0.372528 1.520345 0.957476 0.401310 1.256344 0.000000 0.892572 1.616364 0.388072 0.197216 0.448370 0.387999
1.520044 1.479956 0.479956 0.520044 1.587083 1.850048 0.491262 1.851084 0.892572 0.000000 1.491064 1.280644 0.695356 0.444202 1.280571
0.988892 0.011108 1.011108 1.988892 0.096018 0.658888 1.982327 0.360020 1.616364 1.491064 0.000000 1.228292 1.813580 1.935266 1.228364
0.239400 1.239400 1.760600 0.760600 1.132273 0.569404 0.789382 0.868272 0.388072 1.280644 1.228292 0.000000 0.585288 0.836442 0.000073
0.824688 1.824688 1.175312 0.175312 1.717562 1.154692 0.204093 1.453560 0.197216 0.695356 1.813580 0.585288 0.000000 0.251154 0.585216
1.075842 1.924158 0.924158 0.075842 1.968716 1.405846 0.047061 1.704714 0.448370 0.444202 1.935266 0.836442 0.251154 0.000000 0.836370
0.239472 1.239472 1.760528 0.760528 1.132346 0.569477 0.789309 0.868344 0.387999 1.280571 1.228364 0.000073 0.585216 0.836370 0.000000
