45
0.000000 1.000000 2.000000 1.000000 1.793735 1.858977 0.921989 0.758993 1.939037 1.068095 0.110703 1.847758 0.858132 1.545368 0.911391 1.235400 1.363285 0.295534 1.596970 0.058972 0.826363 1.405548 0.302278 0.439089 1.629818 0.149302 1.961330 0.564258 0.152824 1.740270 1.287281 1.877236 1.000131 0.493658 1.844857 0.243658 1.120160 0.272159 1.330620 1.956751 1.178506 1.031018 1.243647 0.478545 0.539632
1.000000 0.000000 1.000000 2.000000 0.793735 0.858977 0.078011 0.241007 1.060963 0.068095 0.889297 0.847758 0.141868 0.545368 1.911391 0.235400 0.363285 0.704466 0.596970 1.058972 0.173637 0.405548 0.697722 1.439089 0.629818 0.850698 0.961330 1.564258 1.152824 0.740270 1.712719 0.877236 1.999869 0.506342 1.155143 0.756342 1.879840 0.727841 1.669380 0.956751 1.821494 1.968982 0.243647 1.478545 0.460368
2.000000 1.000000 0.000000 1.000000 0.206265 0.141023 1.078011 1.241007 0.060963 0.931905 1.889297 0.152242 1.141868 0.454632 1.088609 0.764600 0.636715 1.704466 0.403030 1.941028 1.173637 0.594452 1.697722 1.560911 0.370182 1.850698 0.038670 1.435742 1.847176 0.259730 0.712719 0.122764 0.999869 1.506342 0.155143 1.756342 0.879840 1.727841 0.669380 0.043249 0.821494 0.968982 0.756353 1.521455 1.460368
1.000000 2.000000 1.000000 0.000000 1.206265 1.141023 1.921989 1.758993 0.939037 1.931905 1.110703 1.152242 1.858132 1.454632 0.088609 1.764600 1.636715 1.295534 1.403030 0.941028 1.826363 1.594452 1.302278 0.560911 1.370182 1.149302 1.038670 0.435742 0.847176 1.259730 0.287281 1.122764 0.000131 1.493658 0.844857 1.243658 0.120160 1.272159 0.330620 1.043249 0.178506 0.031018 1.756353 0.521455 1.539632
1.793735 0.793735 0.206265 1.206265 0.000000 0.065243 0.871746 1.034742 0.267228 0.725639 1.683031 0.054023 0.935603 0.248366 1.294875 0.558334 0.430449 1.498200 0.196765 1.852707 0.967372 0.388187 1.491457 1.767176 0.163916 1.644433 0.167596 1.642008 1.946558 0.053465 0.918984 0.083501 1.206134 1.300077 0.361409 1.550077 1.086105 1.521575 0.875645 0.163016 1.027760 1.175248 0.550088 1.727720 1.254102
1.858977 0.858977 0.141023 1.141023 0.065243 0.000000 0.936989 1.099985 0.201985 0.790882 1.748274 0.011220 1.000845 0.313609 1.229632 0.623577 0.495692 1.563443 0.262008 1.917949 1.032615 0.453430 1.556700 1.701933 0.229159 1.709675 0.102353 1.576765 1.988199 0.118708 0.853742 0.018258 1.140891 1.365320 0.296166 1.615320 1.020862 1.586818 0.810402 0.097773 0.962517 1.110005 0.615331 1.662477 1.319345
0.921989 0.078011 1.078011 1.921989 0.871746 0.936989 0.000000 0.162996 1.138974 0.146106 0.811285 0.925769 0.063857 0.623379 1.833379 0.313411 0.441297 0.626454 0.674981 0.980961 0.095626 0.483559 0.619711 1.361078 0.707830 0.772687 1.039342 1.486247 1.074812 0.818281 1.790730 0.955247 1.922120 0.428331 1.233154 0.678331 1.957851 0.649829 1.747391 1.034762 1.899506 1.953006 0.321658 1.400534 0.382357
0.758993 0.241007 1.241007 1.758993 1.034742 1.099985 0.162996 0.000000 1.301970 0.309102 0.648290 1.088765 0.099139 0.786375 1.670383 0.476407 0.604293 0.463458 0.837977 0.817965 0.067370 0.646555 0.456715 1.198082 0.870825 0.609691 1.202338 1.323251 0.911816 0.981277 1.953726 1.118243 1.759124 0.265335 1.396150 0.515335 1.879153 0.486833 1.910387 1.197758 1.937498 1.790010 0.484654 1.237538 0.219361
1.939037 1.060963 0.060963 0.939037 0.267228 0.201985 1.138974 1.301970 0.000000 0.992868 1.950259 0.213205 1.202831 0.515595 1.027647 0.825563 0.697677 1.765428 0.463993 1.880065 1.234600 0.655415 1.758685 1.499948 0.431144 1.911661 0.099632 1.374779 1.786214 0.320693 0.651756 0.183727 0.938906 1.567305 0.094180 1.817305 0.818877 1.788803 0.608417 0.104212 0.760532 0.908020 0.817316 1.460492 1.521331
1.068095 0.068095 0.931905 1.931905 0.725639 0.790882 0.146106 0.309102 0.992868 0.000000 0.957392 0.779662 0.209963 0.477273 1.979486 0.167305 0.295190 0.772561 0.528874 1.127067 0.241732 0.337452 0.765817 1.507184 0.561723 0.918793 0.893235 1.632353 1.220919 0.672174 1.644624 0.809141 1.931774 0.574438 1.087048 0.824438 1.811744 0.795936 1.601285 0.888656 1.753399 1.900887 0.175551 1.546641 0.528463
0.110703 0.889297 1.889297 1.110703 1.683031 1.748274 0.811285 0.648290 1.950259 0.957392 0.000000 1.737054 0.747429 1.434665 1.022094 1.124697 1.252582 0.184831 1.486266 0.169675 0.715660 1.294844 0.191575 0.549792 1.519115 0.038599 1.850627 0.674961 0.263527 1.629566 1.397984 1.766532 1.110834 0.382954 1.955560 0.132954 1.230864 0.161456 1.441324 1.846048 1.289209 1.141721 1.132943 0.589249 0.428929
1.847758 0.847758 0.152242 1.152242 0.054023 0.011220 0.925769 1.088765 0.213205 0.779662 1.737054 0.000000 0.989626 0.302390 1.240852 0.612357 0.484472 1.552223 0.250788 1.906730 1.021395 0.442210 1.545480 1.713153 0.217939 1.698456 0.113573 1.587985 1.999419 0.107488 0.864961 0.029478 1.152111 1.354100 0.307386 1.604100 1.032082 1.575598 0.821622 0.108993 0.973737 1.121225 0.604111 1.673697 1.308126
0.858132 0.141868 1.141868 1.858132 0.935603 1.000845 0.063857 0.099139 1.202831 0.209963 0.747429 0.989626 0.000000 0.687236 1.769523 0.377268 0.505153 0.562598 0.738837 0.917104 0.031769 0.547415 0.555854 1.297221 0.771686 0.708830 1.103198 1.422390 1.010956 0.882138 1.854587 1.019104 1.858263 0.364474 1.297011 0.614474 1.978293 0.585973 1.811248 1.098619 1.963362 1.889150 0.385514 1.336677 0.318500
1.545368 0.545368 0.454632 1.454632 0.248366 0.313609 0.623379 0.786375 0.515595 0.477273 1.434665 0.302390 0.687236 0.000000 1.543241 0.309968 0.182083 1.249834 0.051601 1.604340 0.719005 0.139821 1.243090 1.984457 0.084450 1.396066 0.415962 1.890374 1.698192 0.194902 1.167351 0.331868 1.454501 1.051710 0.609775 1.301710 1.334471 1.273209 1.124012 0.411383 1.276126 1.423614 0.301722 1.976086 1.005736
0.911391 1.911391 1.088609 0.088609 1.294875 1.229632 1.833379 1.670383 1.027647 1.979486 1.022094 1.240852 1.769523 1.543241 0.000000 1.853209 1.725324 1.206925 1.491640 0.852419 1.737753 1.683062 1.213668 0.472301 1.458791 1.060693 1.127279 0.347133 0.758567 1.348340 0.375890 1.211374 0.088741 1.405048 0.933466 1.155048 0.208770 1.183550 0.419230 1.131859 0.267115 0.119627 1.844963 0.432845 1.451023
1.235400 0.235400 0.764600 1.764600 0.558334 0.623577 0.313411 0.476407 0.825563 0.167305 1.124697 0.612357 0.377268 0.309968 1.853209 0.000000 0.127885 0.939866 0.361569 1.294372 0.409037 0.170147 0.933122 1.674489 0.394418 1.086098 0.725930 1.799658 1.388224 0.504870 1.477319 0.641836 1.764469 0.741742 0.919743 0.991742 1.644439 0.963241 1.433980 0.721351 1.586094 1.733582 0.008246 1.713946 0.695768
1.363285 0.363285 0.636715 1.636715 0.430449 0.495692 0.441297 0.604293 0.697677 0.295190 1.252582 0.484472 0.505153 0.182083 1.725324 0.127885 0.000000 1.067751 0.233684 1.422257 0.536923 0.042262 1.061008 1.802375 0.266533 1.213983 0.598045 1.927543 1.516109 0.376984 1.349434 0.513950 1.636583 0.869628 0.791858 1.119628 1.516554 1.091126 1.306094 0.593465 1.458209 1.605697 0.119639 1.841831 0.823653
0.295534 0.704466 1.704466 1.295534 1.498200 1.563443 0.626454 0.463458 1.765428 0.772561 0.184831 1.552223 0.562598 1.249834 1.206925 0.939866 1.067751 0.000000 1.301435 0.354506 0.530829 1.110013 0.006744 0.734623 1.334284 0.146232 1.665796 0.859792 0.448358 1.444735 1.582815 1.581701 1.295665 0.198123 1.859609 0.051877 1.415695 0.023375 1.626155 1.661217 1.474040 1.326552 0.948112 0.774080 0.244098
1.596970 0.596970 0.403030 1.403030 0.196765 0.262008 0.674981 0.837977 0.463993 0.528874 1.486266 0.250788 0.738837 0.051601 1.491640 0.361569 0.233684 1.301435 0.000000 1.655941 0.770607 0.191422 1.294692 1.963941 0.032849 1.447667 0.364361 1.838773 1.749793 0.143300 1.115749 0.280266 1.402899 1.103312 0.558174 1.353312 1.282870 1.324810 1.072410 0.359781 1.224525 1.372013 0.353323 1.924485 1.057337
0.058972 1.058972 1.941028 0.941028 1.852707 1.917949 0.980961 0.817965 1.880065 1.127067 0.169675 1.906730 0.917104 1.604340 0.852419 1.294372 1.422257 0.354506 1.655941 0.000000 0.885335 1.464519 0.361250 0.380117 1.688790 0.208274 1.979698 0.505286 0.093852 1.799242 1.228309 1.936208 0.941159 0.552630 1.785885 0.302630 1.061189 0.331131 1.271648 1.984277 1.119534 0.972046 1.302618 0.419573 0.598604
0.826363 0.173637 1.173637 1.826363 0.967372 1.032615 0.095626 0.067370 1.234600 0.241732 0.715660 1.021395 0.031769 0.719005 1.737753 0.409037 0.536923 0.530829 0.770607 0.885335 0.000000 0.579185 0.524085 1.265452 0.803455 0.677061 1.134967 1.390621 0.979187 0.913907 1.886356 1.050873 1.826494 0.332705 1.328780 0.582705 1.946523 0.554203 1.843017 1.130388 1.995132 1.857380 0.417284 1.304908 0.286731
1.405548 0.405548 0.594452 1.594452 0.388187 0.453430 0.483559 0.646555 0.655415 0.337452 1.294844 0.442210 0.547415 0.139821 1.683062 0.170147 0.042262 1.110013 0.191422 1.464519 0.579185 0.000000 1.103270 1.844637 0.224271 1.256245 0.555783 1.969805 1.558371 0.334722 1.307172 0.471688 1.594321 0.911890 0.749596 1.161890 1.474292 1.133388 1.263832 0.551203 1.415947 1.563435 0.161901 1.884093 0.865915
0.302278 0.697722 1.697722 1.302278 1.491457 1.556700 0.619711 0.456715 1.758685 0.765817 0.191575 1.545480 0.555854 1.243090 1.213668 0.933122 1.061008 0.006744 1.294692 0.361250 0.524085 1.103270 0.000000 0.741367 1.327540 0.152976 1.659052 0.866536 0.455102 1.437992 1.589559 1.574958 1.302409 0.191380 1.852865 0.058620 1.422438 0.030118 1.632898 1.654473 1.480783 1.333295 0.941369 0.780823 0.237354
0.439089 1.439089 1.560911 0.560911 1.767176 1.701933 1.361078 1.198082 1.499948 1.507184 0.549792 1.713153 1.297221 1.984457 0.472301 1.674489 1.802375 0.734623 1.963941 0.380117 1.265452 1.844637 0.741367 0.000000 1.931093 0.588391 1.599581 0.125169 0.286265 1.820641 0.848192 1.683675 0.561042 0.932747 1.405768 0.682747 0.681071 0.711249 0.891531 1.604160 0.739416 0.591928 1.682736 0.039456 0.978721
1.629818 0.629818 0.370182 1.370182 0.163916 0.229159 0.707830 0.870825 0.431144 0.561723 1.519115 0.217939 0.771686 0.084450 1.458791 0.394418 0.266533 1.334284 0.032849 1.688790 0.803455 0.224271 1.327540 1.931093 0.000000 1.480516 0.331512 1.805924 1.782642 0.110451 1.082901 0.247417 1.370051 1.136161 0.525325 1.386161 1.250021 1.357659 1.039562 0.326933 1.191676 1.339164 0.386172 1.891636 1.090186
0.149302 0.850698 1.850698 1.149302 1.644433 1.709675 0.772687 0.609691 1.911661 0.918793 0.038599 1.698456 0.708830 1.396066 1.060693 1.086098 1.213983 0.146232 1.447667 0.208274 0.677061 1.256245 0.152976 0.588391 1.480516 0.000000 1.812028 0.713560 0.302126 1.590968 1.436583 1.727934 1.149433 0.344356 1.994159 0.094356 1.269463 0.122857 1.479922 1.807449 1.327808 1.180320 1.094344 0.627847 0.390330
1.961330 0.961330 0.038670 1.038670 0.167596 0.102353 1.039342 1.202338 0.099632 0.893235 1.850627 0.113573 1.103198 0.415962 1.127279 0.725930 0.598045 1.665796 0.364361 1.979698 1.134967 0.555783 1.659052 1.599581 0.331512 1.812028 0.000000 1.474412 1.885846 0.221061 0.751389 0.084095 1.038539 1.467673 0.193813 1.717673 0.918509 1.689171 0.708049 0.004579 0.860164 1.007652 0.717684 1.560124 1.421698
0.564258 1.564258 1.435742 0.435742 1.642008 1.576765 1.486247 1.323251 1.374779 1.632353 0.674961 1.587985 1.422390 1.890374 0.347133 1.799658 1.927543 0.859792 1.838773 0.505286 1.390621 1.969805 0.866536 0.125169 1.805924 0.713560 1.474412 0.000000 0.411434 1.695472 0.723023 1.558506 0.435873 1.057916 1.280599 0.807916 0.555903 0.836417 0.766362 1.478991 0.614248 0.466760 1.807904 0.085712 1.103890
0.152824 1.152824 1.847176 0.847176 1.946558 1.988199 1.074812 0.911816 1.786214 1.220919 0.263527 1.999419 1.010956 1.698192 0.758567 1.388224 1.516109 0.448358 1.749793 0.093852 0.979187 1.558371 0.455102 0.286265 1.782642 0.302126 1.885846 0.411434 0.000000 1.893093 1.134457 1.969941 0.847308 0.646481 1.692033 0.396481 0.967337 0.424983 1.177797 1.890426 1.025682 0.878194 1.396470 0.325722 0.692456
1.740270 0.740270 0.259730 1.259730 0.053465 0.118708 0.818281 0.981277 0.320693 0.672174 1.629566 0.107488 0.882138 0.194902 1.348340 0.504870 0.376984 1.444735 0.143300 1.799242 0.913907 0.334722 1.437992 1.820641 0.110451 1.590968 0.221061 1.695472 1.893093 0.000000 0.972449 0.136966 1.259599 1.246612 0.414873 1.496612 1.139570 1.468110 0.929110 0.216481 1.081225 1.228713 0.496623 1.781185 1.200638
1.287281 1.712719 0.712719 0.287281 0.918984 0.853742 1.790730 1.953726 0.651756 1.644624 1.397984 0.864961 1.854587 1.167351 0.375890 1.477319 1.349434 1.582815 1.115749 1.228309 1.886356 1.307172 1.589559 0.848192 1.082901 1.436583 0.751389 0.723023 1.134457 0.972449 0.000000 0.835483 0.287150 1.780939 0.557576 1.530939 0.167120 1.559440 0.043339 0.755968 0.108775 0.256263 1.469073 0.808736 1.826913
1.877236 0.877236 0.122764 1.122764 0.083501 0.018258 0.955247 1.118243 0.183727 0.809141 1.766532 0.029478 1.019104 0.331868 1.211374 0.641836 0.513950 1.581701 0.280266 1.936208 1.050873 0.471688 1.574958 1.683675 0.247417 1.727934 0.084095 1.558506 1.969941 0.136966 0.835483 0.000000 1.122633 1.383578 0.277907 1.633578 1.002604 1.605076 0.792144 0.079515 0.944259 1.091747 0.633589 1.644219 1.337604
1.000131 1.999869 0.999869 0.000131 1.206134 1.140891 1.922120 1.759124 0.938906 1.931774 1.110834 1.152111 1.858263 1.454501 0.088741 1.764469 1.636583 1.295665 1.402899 0.941159 1.826494 1.594321 1.302409 0.561042 1.370051 1.149433 1.038539 0.435873 0.847308 1.259599 0.287150 1.122633 0.000000 1.493789 0.844726 1.243789 0.120029 1.272291 0.330489 1.043118 0.178374 0.030886 1.756222 0.521586 1.539763
0.493658 0.506342 1.506342 1.493658 1.300077 1.365320 0.428331 0.265335 1.567305 0.574438 0.382954 1.354100 0.364474 1.051710 1.405048 0.741742 0.869628 0.198123 1.103312 0.552630 0.332705 0.911890 0.191380 0.932747 1.136161 0.344356 1.467673 1.057916 0.646481 1.246612 1.780939 1.383578 1.493789 0.000000 1.661485 0.250000 1.613818 0.221498 1.824278 1.463093 1.672163 1.524675 0.749989 0.972203 0.045974
1.844857 1.155143 0.155143 0.844857 0.361409 0.296166 1.233154 1.396150 0.094180 1.087048 1.955560 0.307386 1.297011 0.609775 0.933466 0.919743 0.791858 1.859609 0.558174 1.785885 1.328780 0.749596 1.852865 1.405768 0.525325 1.994159 0.193813 1.280599 1.692033 0.414873 0.557576 0.277907 0.844726 1.661485 0.000000 1.911485 0.724696 1.882984 0.514237 0.198392 0.666351 0.813839 0.911497 1.366311 1.615511
0.243658 0.756342 1.756342 1.243658 1.550077 1.615320 0.678331 0.515335 1.817305 0.824438 0.132954 1.604100 0.614474 1.301710 1.155048 0.991742 1.119628 0.051877 1.353312 0.302630 0.582705 1.161890 0.058620 0.682747 1.386161 0.094356 1.717673 0.807916 0.396481 1.496612 1.530939 1.633578 1.243789 0.250000 1.911485 0.000000 1.363818 0.028502 1.574278 1.713093 1.422163 1.274675 0.999989 0.722203 0.295974
1.120160 1.879840 0.879840 0.120160 1.086105 1.020862 1.957851 1.879153 0.818877 1.811744 1.230864 1.032082 1.978293 1.334471 0.208770 1.644439 1.516554 1.415695 1.282870 1.061189 1.946523 1.474292 1.422438 0.681071 1.250021 1.269463 0.918509 0.555903 0.967337 1.139570 0.167120 1.002604 0.120029 1.613818 0.724696 1.363818 0.000000 1.392320 0.210460 0.923089 0.058345 0.089143 1.636193 0.641615 1.659793
0.272159 0.727841 1.727841 1.272159 1.521575 1.586818 0.649829 0.486833 1.788803 0.795936 0.161456 1.575598 0.585973 1.273209 1.183550 0.963241 1.091126 0.023375 1.324810 0.331131 0.554203 1.133388 0.030118 0.711249 1.357659 0.122857 1.689171 0.836417 0.424983 1.468110 1.559440 1.605076 1.272291 0.221498 1.882984 0.028502 1.392320 0.000000 1.602780 1.684591 1.450665 1.303177 0.971487 0.750705 0.267473
1.330620 1.669380 0.669380 0.330620 0.875645 0.810402 1.747391 1.910387 0.608417 1.601285 1.441324 0.821622 1.811248 1.124012 0.419230 1.433980 1.306094 1.626155 1.072410 1.271648 1.843017 1.263832 1.632898 0.891531 1.039562 1.479922 0.708049 0.766362 1.177797 0.929110 0.043339 0.792144 0.330489 1.824278 0.514237 1.574278 0.210460 1.602780 0.000000 0.712629 0.152115 0.299603 1.425733 0.852075 1.870252
1.956751 0.956751 0.043249 1.043249 0.163016 0.097773 1.034762 1.197758 0.104212 0.888656 1.846048 0.108993 1.098619 0.411383 1.131859 0.721351 0.593465 1.661217 0.359781 1.984277 1.130388 0.551203 1.654473 1.604160 0.326933 1.807449 0.004579 1.478991 1.890426 0.216481 0.755968 0.079515 1.043118 1.463093 0.198392 1.713093 0.923089 1.684591 0.712629 0.000000 0.864744 1.012232 0.713104 1.564704 1.417119
1.178506 1.821494 0.821494 0.178506 1.027760 0.962517 1.899506 1.937498 0.760532 1.753399 1.289209 0.973737 1.963362 1.276126 0.267115 1.586094 1.458209 1.474040 1.224525 1.119534 1.995132 1.415947 1.480783 0.739416 1.191676 1.327808 0.860164 0.614248 1.025682 1.081225 0.108775 0.944259 0.178374 1.672163 0.666351 1.422163 0.058345 1.450665 0.152115 0.864744 0.000000 0.147488 1.577848 0.699960 1.718138
1.031018 1.968982 0.968982 0.031018 1.175248 1.110005 1.953006 1.790010 0.908020 1.900887 1.141721 1.121225 1.889150 1.423614 0.119627 1.733582 1.605697 1.326552 1.372013 0.972046 1.857380 1.563435 1.333295 0.591928 1.339164 1.180320 1.007652 0.466760 0.878194 1.228713 0.256263 1.091747 0.030886 1.524675 0.813839 1.274675 0.089143 1.303177 0.299603 1.012232 0.147488 0.000000 1.725336 0.552472 1.570650
1.243647 0.243647 0.756353 1.756353 0.550088 0.615331 0.321658 0.484654 0.817316 0.175551 1.132943 0.604111 0.385514 0.301722 1.844963 0.008246 0.119639 0.948112 0.353323 1.302618 0.417284 0.161901 0.941369 1.682736 0.386172 1.094344 0.717684 1.807904 1.396470 0.496623 1.469073 0.633589 1.756222 0.749989 0.911497 0.999989 1.636193 0.971487 1.425733 0.713104 1.577848 1.725336 0.000000 1.722192 0.704014
0.478545 1.478545 1.521455 0.521455 1.727720 1.662477 1.400534 1.237538 1.460492 1.546641 0.589249 1.673697 1.336677 1.976086 0.432845 1.713946 1.841831 0.774080 1.924485 0.419573 1.304908 1.884093 0.780823 0.039456 1.891636 0.627847 1.560124 0.085712 0.325722 1.781185 0.808736 1.644219 0.521586 0.972203 1.366311 0.722203 0.641615 0.750705 0.852075 1.564704 0.699960 0.552472 1.722192 0.000000 1.018178
0.539632 0.460368 1.460368 1.539632 1.254102 1.319345 0.382357 0.219361 1.521331 0.528463 0.428929 1.308126 0.318500 1.005736 1.451023 0.695768 0.823653 0.244098 1.057337 0.598604 0.286731 0.865915 0.237354 0.978721 1.090186 0.390330 1.421698 1.103890 0.692456 1.200638 1.826913 1.337604 1.539763 0.045974 1.615511 0.295974 1.659793 0.267473 1.870252 1.417119 1.718138 1.570650 0.704014 1.018178 0.000000
