25
0.000000 1.000000 2.000000 1.000000 1.482880 0.811590 0.297975 1.513404 1.155159 1.860113 1.964064 1.335047 0.164455 0.483236 1.505687 0.020366 0.145348 1.007294 0.092292 1.560715 0.185349 0.560507 1.317543 0.551453 1.588022
1.000000 0.000000 1.000000 2.000000 1.517120 1.811590 0.702025 0.513404 0.155159 1.139887 0.964064 0.335047 0.835545 0.516764 1.494313 1.020366 0.854652 0.007294 0.907708 1.439285 1.185349 0.439493 0.317543 1.551453 1.411978
2.000000 1.000000 0.000000 1.000000 0.517120 1.188410 1.702025 0.486596 0.844841 0.139887 0.035936 0.664953 1.835545 1.516764 0.494313 1.979634 1.854652 0.992706 1.907708 0.439285 1.814651 1.439493 0.682457 1.448547 0.411978
1.000000 2.000000 1.000000 0.000000 0.482880 0.188410 1.297975 1.486596 1.844841 0.860113 1.035936 1.664953 1.164455 1.483236 0.505687 0.979634 1.145348 1.992706 1.092292 0.560715 0.814651 1.560507 1.682457 0.448547 0.588022
1.482880 1.517120 0.517120 0.482880 0.000000 0.671290 1.780854 1.003717 1.361962 0.377234 0.553056 1.182073 1.647335 1.966116 0.022807 1.462514 1.628227 1.509826 1.575171 0.077835 1.297531 1.956613 1.199577 0.931427 0.105142
0.811590 1.811590 1.188410 0.188410 0.671290 0.000000 1.109564 1.675007 1.966748 1.048524 1.224346 1.853363 0.976045 1.294826 0.694097 0.791224 0.956937 1.818884 0.903881 0.749125 0.626241 1.372097 1.870867 0.260137 0.776432
0.297975 0.702025 1.702025 1.297975 1.780854 1.109564 0.000000 1.215429 0.857184 1.841912 1.666089 1.037073 0.133519 0.185261 1.803661 0.318341 0.152627 0.709320 0.205683 1.858689 0.483323 0.262532 1.019569 0.849427 1.885996
1.513404 0.513404 0.486596 1.486596 1.003717 1.675007 1.215429 0.000000 0.358245 0.626483 0.450660 0.178357 1.348948 1.030168 0.980910 1.533770 1.368056 0.506109 1.421112 0.925882 1.698752 0.952897 0.195860 1.935144 0.898575
1.155159 0.155159 0.844841 1.844841 1.361962 1.966748 0.857184 0.358245 0.000000 0.984728 0.808905 0.179888 0.990703 0.671923 1.339155 1.175525 1.009811 0.147864 1.062867 1.284127 1.340507 0.594652 0.162385 1.706611 1.256820
1.860113 1.139887 0.139887 0.860113 0.377234 1.048524 1.841912 0.626483 0.984728 0.000000 0.175823 0.804840 1.975431 1.656651 0.354427 1.839747 1.994539 1.132592 1.952405 0.299399 1.674765 1.579380 0.822343 1.308661 0.272091
1.964064 0.964064 0.035936 1.035936 0.553056 1.224346 1.666089 0.450660 0.808905 0.175823 0.000000 0.629017 1.799609 1.480828 0.530249 1.984430 1.818716 0.956770 1.871772 0.475221 1.850587 1.403557 0.646521 1.484483 0.447914
1.335047 0.335047 0.664953 1.664953 1.182073 1.853363 1.037073 0.178357 0.179888 0.804840 0.629017 0.000000 1.170592 0.851811 1.159266 1.355413 1.189700 0.327753 1.242756 1.104238 1.520396 0.774540 0.017504 1.886500 1.076931
0.164455 0.835545 1.835545 1.164455 1.647335 0.976045 0.133519 1.348948 0.990703 1.975431 1.799609 1.170592 0.000000 0.318781 1.670142 0.184821 0.019108 0.842839 0.072164 1.725170 0.349804 0.396052 1.153088 0.715908 1.752477
0.483236 0.516764 1.516764 1.483236 1.966116 1.294826 0.185261 1.030168 0.671923 1.656651 1.480828 0.851811 0.318781 0.000000 1.988923 0.503602 0.337888 0.524058 0.390944 1.956049 0.668585 0.077271 0.834307 1.034689 1.928742
1.505687 1.494313 0.494313 0.505687 0.022807 0.694097 1.803661 0.980910 1.339155 0.354427 0.530249 1.159266 1.670142 1.988923 0.000000 1.485321 1.651034 1.487019 1.597978 0.055028 1.320338 1.933806 1.176770 0.954234 0.082335
0.020366 1.020366 1.979634 0.979634 1.462514 0.791224 0.318341 1.533770 1.175525 1.839747 1.984430 1.355413 0.184821 0.503602 1.485321 0.000000 0.165714 1.027660 0.112658 1.540349 0.164983 0.580873 1.337909 0.531087 1.567656
0.145348 0.854652 1.854652 1.145348 1.628227 0.956937 0.152627 1.368056 1.009811 1.994539 1.818716 1.189700 0.019108 0.337888 1.651034 0.165714 0.000000 0.861947 0.053056 1.706062 0.330696 0.415159 1.172196 0.696800 1.733369
1.007294 0.007294 0.992706 1.992706 1.509826 1.818884 0.709320 0.506109 0.147864 1.132592 0.956770 0.327753 0.842839 0.524058 1.487019 1.027660 0.861947 0.000000 0.915003 1.431991 1.192643 0.446787 0.310249 1.558747 1.404684
0.092292 0.907708 1.907708 1.092292 1.575171 0.903881 0.205683 1.421112 1.062867 1.952405 1.871772 1.242756 0.072164 0.390944 1.597978 0.112658 0.053056 0.915003 0.000000 1.653006 0.277640 0.468215 1.225252 0.643744 1.680313
1.560715 1.439285 0.439285 0.560715 0.077835 0.749125 1.858689 0.925882 1.284127 0.299399 0.475221 1.104238 1.725170 1.956049 0.055028 1.540349 1.706062 1.431991 1.653006 0.000000 1.375366 1.878778 1.121742 1.009262 0.027307
0.185349 1.185349 1.814651 0.814651 1.297531 0.626241 0.483323 1.698752 1.340507 1.674765 1.850587 1.520396 0.349804 0.668585 1.320338 0.164983 0.330696 1.192643 0.277640 1.375366 0.000000 0.745856 1.502892 0.366104 1.402673
0.560507 0.439493 1.439493 1.560507 1.956613 1.372097 0.262532 0.952897 0.594652 1.579380 1.403557 0.774540 0.396052 0.077271 1.933806 0.580873 0.415159 0.446787 0.468215 1.878778 0.745856 0.000000 0.757036 1.111960 1.851471
1.317543 0.317543 0.682457 1.682457 1.199577 1.870867 1.019569 0.195860 0.162385 0.822343 0.646521 0.017504 1.153088 0.834307 1.176770 1.337909 1.172196 0.310249 1.225252 1.121742 1.502892 0.757036 0.000000 1.868996 1.094435
0.551453 1.551453 1.448547 0.448547 0.931427 0.260137 0.849427 1.935144 1.706611 1.308661 1.484483 1.886500 0.715908 1.034689 0.954234 0.531087 0.696800 1.558747 0.643744 1.009262 0.366104 1.111960 1.868996 0.000000 1.036569
1.588022 1.411978 0.411978 0.588022 0.105142 0.776432 1.885996 0.898575 1.256820 0.272091 0.447914 1.076931 1.752477 1.928742 0.082335 1.567656 1.733369 1.404684 1.680313 0.027307 1.402673 1.851471 1.094435 1.036569 0.000000
