10
0.000000 1.000000 2.000000 1.000000 1.101814 0.507734 0.992917 1.748413 1.997891 1.355661
1.000000 0.000000 1.000000 2.000000 0.101814 1.507734 0.007083 0.748413 1.002109 0.355661
2.000000 1.000000 0.000000 1.000000 0.898186 1.492266 1.007083 0.251587 0.002109 0.644339
1.000000 2.000000 1.000000 0.000000 1.898186 0.492266 1.992917 1.251587 0.997891 1.644339
1.101814 0.101814 0.898186 1.898186 0.000000 1.609548 0.108897 0.646599 0.900295 0.253847
0.507734 1.507734 1.492266 0.492266 1.609548 0.000000 1.500651 1.743852 1.490157 1.863395
0.992917 0.007083 1.007083 1.992917 0.108897 1.500651 0.000000 0.755496 1.009192 0.362743
1.748413 0.748413 0.251587 1.251587 0.646599 1.743852 0.755496 0.000000 0.253695 0.392753
1.997891 1.002109 0.002109 0.997891 0.900295 1.490157 1.009192 0.253695 0.000000 0.646448
1.355661 0.355661 0.644339 1.644339 0.253847 1.863395 0.362743 0.392753 0.646448 0.000000
