20
0.000000 1.000000 2.000000 1.000000 0.833274 0.928397 0.552037 1.526425 1.051209 1.388571 1.520276 1.769900 0.434582 0.892397 1.908381 1.593338 0.641459 0.901213 0.514134 0.796108
1.000000 0.000000 1.000000 2.000000 1.833274 0.071603 1.552037 1.473575 0.051209 1.611429 1.479724 1.230100 1.434582 1.892397 1.091619 1.406662 0.358541 1.901213 1.514134 0.203892
2.000000 1.000000 0.000000 1.000000 1.166726 1.071603 1.447963 0.473575 0.948791 0.611429 0.479724 0.230100 1.565418 1.107603 0.091619 0.406662 1.358541 1.098787 1.485866 1.203892
1.000000 2.000000 1.000000 0.000000 0.166726 1.928397 0.447963 0.526425 1.948791 0.388571 0.520276 0.769900 0.565418 0.107603 0.908381 0.593338 1.641459 0.098787 0.485866 1.796108
0.833274 1.833274 1.166726 0.166726 0.000000 1.761671 0.281238 0.693151 1.884483 0.555297 0.687001 0.936625 0.398692 0.059123 1.075107 0.760064 1.474733 0.067939 0.319140 1.629382
0.928397 0.071603 1.071603 1.928397 1.761671 0.000000 1.480434 1.545178 0.122811 1.683032 1.551327 1.301703 1.362979 1.820795 1.163222 1.478265 0.286939 1.829611 1.442531 0.132290
0.552037 1.552037 1.447963 0.447963 0.281238 1.480434 0.000000 0.974388 1.603245 0.836534 0.968239 1.217863 0.117455 0.340361 1.356344 1.041302 1.193495 0.349177 0.037903 1.348144
1.526425 1.473575 0.473575 0.526425 0.693151 1.545178 0.974388 0.000000 1.422367 0.137854 0.006149 0.243475 1.091843 0.634027 0.381956 0.066913 1.832117 0.625211 1.012291 1.677468
1.051209 0.051209 0.948791 1.948791 1.884483 0.122811 1.603245 1.422367 0.000000 1.560220 1.428516 1.178892 1.485790 1.943606 1.040411 1.355453 0.409750 1.952422 1.565342 0.255101
1.388571 1.611429 0.611429 0.388571 0.555297 1.683032 0.836534 0.137854 1.560220 0.000000 0.131705 0.381329 0.953989 0.496173 0.519810 0.204767 1.969971 0.487358 0.874437 1.815322
1.520276 1.479724 0.479724 0.520276 0.687001 1.551327 0.968239 0.006149 1.428516 0.131705 0.000000 0.249624 1.085694 0.627878 0.388105 0.073062 1.838266 0.619062 1.006142 1.683617
1.769900 1.230100 0.230100 0.769900 0.936625 1.301703 1.217863 0.243475 1.178892 0.381329 0.249624 0.000000 1.335318 0.877502 0.138481 0.176562 1.588642 0.868686 1.255766 1.433993
0.434582 1.434582 1.565418 0.565418 0.398692 1.362979 0.117455 1.091843 1.485790 0.953989 1.085694 1.335318 0.000000 0.457816 1.473799 1.158756 1.076040 0.466632 0.079552 1.230689
0.892397 1.892397 1.107603 0.107603 0.059123 1.820795 0.340361 0.634027 1.943606 0.496173 0.627878 0.877502 0.457816 0.000000 1.015983 0.700941 1.533856 0.008816 0.378264 1.688505
1.908381 1.091619 0.091619 0.908381 1.075107 1.163222 1.356344 0.381956 1.040411 0.519810 0.388105 0.138481 1.473799 1.015983 0.000000 0.315043 1.450161 1.007167 1.394247 1.295512
1.593338 1.406662 0.406662 0.593338 0.760064 1.478265 1.041302 0.066913 1.355453 0.204767 0.073062 0.176562 1.158756 0.700941 0.315043 0.000000 1.765203 0.692125 1.079204 1.610554
0.641459 0.358541 1.358541 1.641459 1.474733 0.286939 1.193495 1.832117 0.409750 1.969971 1.838266 1.588642 1.076040 1.533856 1.450161 1.765203 0.000000 1.542672 1.155592 0.154649
0.901213 1.901213 1.098787 0.098787 0.067939 1.829611 0.349177 0.625211 1.952422 0.487358 0.619062 0.868686 0.466632 0.008816 1.007167 0.692125 1.542672 0.000000 0.387080 1.697321
0.514134 1.514134 1.485866 0.485866 0.319140 1.442531 0.037903 1.012291 1.565342 0.874437 1.006142 1.255766 0.079552 0.378264 1.394247 1.079204 1.155592 0.387080 0.000000 1.310241
0.796108 0.203892 1.203892 1.796108 1.629382 0.132290 1.348144 1.677468 0.255101 1.815322 1.683617 1.433993 1.230689 1.688505 1.295512 1.610554 0.154649 1.697321 1.310241 0.000000
