15
0.000000 1.000000 2.000000 1.000000 0.702029 0.993960 1.269245 1.895678 0.546454 1.700657 0.576009 1.618595 0.833512 0.893231 0.302353
1.000000 0.000000 1.000000 2.000000 1.702029 0.006040 0.269245 0.895678 0.453546 1.299343 1.576009 0.618595 0.166488 1.893231 0.697647
2.000000 1.000000 0.000000 1.000000 1.297971 1.006040 0.730755 0.104322 1.453546 0.299343 1.423991 0.381405 1.166488 1.106769 1.697647
1.000000 2.000000 1.000000 0.000000 0.297971 1.993960 1.730755 1.104322 1.546454 0.700657 0.423991 1.381405 1.833512 0.106769 1.302353
0.702029 1.702029 1.297971 0.297971 0.000000 1.695989 1.971274 1.402292 1.248483 0.998628 0.126021 1.679375 1.535541 0.191202 1.004382
0.993960 0.006040 1.006040 1.993960 1.695989 0.000000 0.275286 0.901719 0.447506 1.305383 1.569968 0.624636 0.160447 1.887191 0.691606
1.269245 0.269245 0.730755 1.730755 1.971274 0.275286 0.000000 0.626433 0.722792 1.030097 1.845254 0.349350 0.435733 1.837524 0.966892
1.895678 0.895678 0.104322 1.104322 1.402292 0.901719 0.626433 0.000000 1.349225 0.403664 1.528313 0.277083 1.062166 1.211090 1.593325
0.546454 0.453546 1.453546 1.546454 1.248483 0.447506 0.722792 1.349225 0.000000 1.752889 1.122462 1.072142 0.287059 1.439685 0.244100
1.700657 1.299343 0.299343 0.700657 0.998628 1.305383 1.030097 0.403664 1.752889 0.000000 1.124649 0.680747 1.465830 0.807426 1.996989
0.576009 1.576009 1.423991 0.423991 0.126021 1.569968 1.845254 1.528313 1.122462 1.124649 0.000000 1.805396 1.409521 0.317223 0.878362
1.618595 0.618595 0.381405 1.381405 1.679375 0.624636 0.349350 0.277083 1.072142 0.680747 1.805396 0.000000 0.785083 1.488173 1.316242
0.833512 0.166488 1.166488 1.833512 1.535541 0.160447 0.435733 1.062166 0.287059 1.465830 1.409521 0.785083 0.000000 1.726743 0.531159
0.893231 1.893231 1.106769 0.106769 0.191202 1.887191 1.837524 1.211090 1.439685 0.807426 0.317223 1.488173 1.726743 0.000000 1.195584
0.302353 0.697647 1.697647 1.302353 1.004382 0.691606 0.966892 1.593325 0.244100 1.996989 0.878362 1.316242 0.531159 1.195584 0.000000
