50
0.000000 1.000000 2.000000 1.000000 1.987491 0.904006 1.861833 1.483206 0.183577 0.876141 0.712526 0.054227 0.028125 0.237988 0.210564 0.825941 0.455224 0.099286 0.051570 1.237844 1.318747 0.761119 1.040695 0.007196 1.815917 0.331221 0.606603 0.663363 1.748417 0.149627 1.161903 1.649125 1.233370 1.677394 0.933190 0.676198 0.654089 1.597224 0.056456 0.148954 1.211088 0.900567 0.655870 0.871078 1.638543 0.350734 1.568063 1.441486 1.059554 1.567756
1.000000 0.000000 1.000000 2.000000 0.987491 0.095994 1.138167 0.483206 1.183577 1.876141 0.287474 0.945773 0.971875 0.762012 0.789436 1.825941 1.455224 1.099286 0.948430 1.762156 1.681253 1.761119 0.040695 0.992804 0.815917 1.331221 0.393397 0.336637 0.748417 1.149627 1.838097 0.649125 1.766630 1.322606 0.066810 0.323802 1.654089 1.402776 1.056456 0.851046 1.788912 1.900567 0.344130 0.128922 0.638543 1.350734 0.568063 0.441486 1.940446 1.432244
2.000000 1.000000 0.000000 1.000000 0.012509 1.095994 0.138167 0.516794 1.816423 1.123859 1.287474 1.945773 1.971875 1.762012 1.789436 1.174059 1.544776 1.900714 1.948430 0.762156 0.681253 1.238881 0.959305 1.992804 0.184083 1.668779 1.393397 1.336637 0.251583 1.850373 0.838097 0.350875 0.766630 0.322606 1.066810 1.323802 1.345911 0.402776 1.943544 1.851046 0.788912 1.099433 1.344130 1.128922 0.361457 1.649266 0.431937 0.558514 0.940446 0.432244
1.000000 2.000000 1.000000 0.000000 1.012509 1.904006 0.861833 1.516794 0.816423 0.123859 1.712526 1.054227 1.028125 1.237988 1.210564 0.174059 0.544776 0.900714 1.051570 0.237844 0.318747 0.238881 1.959305 1.007196 1.184083 0.668779 1.606603 1.663363 1.251583 0.850373 0.161903 1.350875 0.233370 0.677394 1.933190 1.676198 0.345911 0.597224 0.943544 1.148954 0.211088 0.099433 1.655870 1.871078 1.361457 0.649266 1.431937 1.558514 0.059554 0.567756
1.987491 0.987491 0.012509 1.012509 0.000000 1.083484 0.150676 0.504284 1.828932 1.136368 1.274965 1.933263 1.959365 1.749503 1.776926 1.186568 1.557285 1.913223 1.935921 0.774666 0.693762 1.251391 0.946796 1.980294 0.171574 1.681289 1.380887 1.324128 0.239073 1.862882 0.850606 0.338365 0.779139 0.335116 1.054301 1.311293 1.358420 0.415285 1.956053 1.838537 0.801421 1.111943 1.331620 1.116412 0.348947 1.661776 0.419428 0.546004 0.952955 0.444754
0.904006 0.095994 1.095994 1.904006 1.083484 0.000000 1.234160 0.579200 1.087583 1.780148 0.191481 0.849779 0.875881 0.666018 0.693442 1.729947 1.359230 1.003292 0.852436 1.858150 1.777247 1.665125 0.136689 0.896810 0.911911 1.235227 0.297403 0.240643 0.844411 1.053633 1.934090 0.745119 1.862623 1.418600 0.029183 0.227809 1.558095 1.498769 0.960463 0.755052 1.884905 1.804573 0.248136 0.032928 0.734537 1.254740 0.664057 0.537480 1.963561 1.528238
1.861833 1.138167 0.138167 0.861833 0.150676 1.234160 0.000000 0.654960 1.678257 0.985692 1.425641 1.916061 1.889959 1.900179 1.927602 1.035892 1.406609 1.762547 1.913403 0.623990 0.543086 1.100715 1.097472 1.869030 0.322250 1.530613 1.531563 1.474804 0.389749 1.712206 0.699930 0.489041 0.628463 0.184440 1.204977 1.461969 1.207744 0.264609 1.805377 1.989212 0.650745 0.961267 1.482296 1.267088 0.499623 1.511100 0.570104 0.696680 0.802279 0.294078
1.483206 0.483206 0.516794 1.516794 0.504284 0.579200 0.654960 0.000000 1.666783 1.640652 0.770681 1.428979 1.455081 1.245219 1.272642 1.690852 1.938431 1.582493 1.431637 1.278950 1.198047 1.755675 0.442512 1.476010 0.332710 1.814427 0.876603 0.819844 0.265211 1.632833 1.354890 0.165919 1.283423 0.839400 0.550017 0.807009 1.862704 0.919569 1.539663 1.334252 1.305705 1.616227 0.827336 0.612128 0.155337 1.833940 0.084856 0.041720 1.457239 0.949038
0.183577 1.183577 1.816423 0.816423 1.828932 1.087583 1.678257 1.666783 0.000000 0.692564 0.896102 0.237804 0.211702 0.421565 0.394141 0.642364 0.271647 0.084291 0.235147 1.054267 1.135170 0.577542 1.224272 0.190773 1.999494 0.147644 0.790180 0.846940 1.931994 0.033950 0.978326 1.832702 1.049794 1.493817 1.116766 0.859775 0.470512 1.413648 0.127120 0.332531 1.027512 0.716990 0.839447 1.054655 1.822120 0.167157 1.751640 1.625063 0.875977 1.384179
0.876141 1.876141 1.123859 0.123859 1.136368 1.780148 0.985692 1.640652 0.692564 0.000000 1.588667 0.930369 0.904267 1.114129 1.086706 0.050200 0.420917 0.776855 0.927711 0.361702 0.442606 0.115023 1.916836 0.883338 1.307942 0.544921 1.482745 1.539504 1.375441 0.726514 0.285762 1.474733 0.357229 0.801252 1.809331 1.552339 0.222052 0.721083 0.819685 1.025095 0.334947 0.024425 1.532012 1.747220 1.485315 0.525408 1.555796 1.682372 0.183413 0.691614
0.712526 0.287474 1.287474 1.712526 1.274965 0.191481 1.425641 0.770681 0.896102 1.588667 0.000000 0.658298 0.684400 0.474538 0.501961 1.538467 1.167750 0.811812 0.660956 1.950369 1.968727 1.473644 0.328169 0.705329 1.103391 1.043746 0.105922 0.049163 1.035892 0.862153 1.874429 0.936600 1.945896 1.610081 0.220664 0.036328 1.366615 1.690250 0.768982 0.563572 1.923614 1.613092 0.056655 0.158553 0.926018 1.063259 0.855537 0.728961 1.772080 1.719719
0.054227 0.945773 1.945773 1.054227 1.933263 0.849779 1.916061 1.428979 0.237804 0.930369 0.658298 0.000000 0.026102 0.183761 0.156337 0.880168 0.509451 0.153513 0.002657 1.292071 1.372974 0.815346 0.986468 0.047031 1.761690 0.385448 0.552376 0.609136 1.694190 0.203854 1.216131 1.594898 1.287598 1.731621 0.878962 0.621971 0.708316 1.651452 0.110684 0.094727 1.265316 0.954794 0.601643 0.816851 1.584316 0.404961 1.513836 1.387259 1.113781 1.621983
0.028125 0.971875 1.971875 1.028125 1.959365 0.875881 1.889959 1.455081 0.211702 0.904267 0.684400 0.026102 0.000000 0.209863 0.182439 0.854066 0.483349 0.127411 0.023445 1.265969 1.346872 0.789244 1.012570 0.020929 1.787792 0.359346 0.578478 0.635238 1.720292 0.177752 1.190029 1.621000 1.261496 1.705519 0.905064 0.648072 0.682214 1.625350 0.084582 0.120829 1.239214 0.928692 0.627745 0.842953 1.610418 0.378859 1.539938 1.413361 1.087680 1.595881
0.237988 0.762012 1.762012 1.237988 1.749503 0.666018 1.900179 1.245219 0.421565 1.114129 0.474538 0.183761 0.209863 0.000000 0.027424 1.063929 0.693212 0.337274 0.186418 1.475832 1.556735 0.999107 0.802707 0.230791 1.577929 0.569208 0.368615 0.425375 1.510430 0.387615 1.399891 1.411138 1.471358 1.915382 0.695202 0.438210 0.892077 1.835212 0.294444 0.089034 1.449076 1.138554 0.417882 0.633091 1.400556 0.588721 1.330075 1.203499 1.297542 1.805744
0.210564 0.789436 1.789436 1.210564 1.776926 0.693442 1.927602 1.272642 0.394141 1.086706 0.501961 0.156337 0.182439 0.027424 0.000000 1.036505 0.665788 0.309850 0.158994 1.448408 1.529311 0.971683 0.830131 0.203368 1.605353 0.541785 0.396039 0.452799 1.537853 0.360191 1.372468 1.438561 1.443935 1.887958 0.722625 0.465634 0.864653 1.807789 0.267021 0.061610 1.421653 1.111131 0.445306 0.660514 1.427979 0.561298 1.357499 1.230922 1.270118 1.778320
0.825941 1.825941 1.174059 0.174059 1.186568 1.729947 1.035892 1.690852 0.642364 0.050200 1.538467 0.880168 0.854066 1.063929 1.036505 0.000000 0.370717 0.726655 0.877511 0.411903 0.492806 0.064822 1.866636 0.833138 1.358142 0.494721 1.432544 1.489304 1.425641 0.676314 0.335962 1.524933 0.407429 0.851453 1.759131 1.502139 0.171852 0.771283 0.769485 0.974895 0.385147 0.074625 1.481811 1.697020 1.535515 0.475208 1.605996 1.732572 0.233613 0.741815
0.455224 1.455224 1.544776 0.544776 1.557285 1.359230 1.406609 1.938431 0.271647 0.420917 1.167750 0.509451 0.483349 0.693212 0.665788 0.370717 0.000000 0.355938 0.506794 0.782620 0.863523 0.305895 1.495919 0.462421 1.728859 0.124004 1.061827 1.118587 1.796358 0.305597 0.706679 1.895650 0.778146 1.222170 1.388414 1.131422 0.198865 1.142000 0.398768 0.604178 0.755864 0.445342 1.111094 1.326303 1.906232 0.104491 1.976713 1.896711 0.604330 1.112532
0.099286 1.099286 1.900714 0.900714 1.913223 1.003292 1.762547 1.582493 0.084291 0.776855 0.811812 0.153513 0.127411 0.337274 0.309850 0.726655 0.355938 0.000000 0.150856 1.138558 1.219461 0.661833 1.139981 0.106482 1.915203 0.231934 0.705889 0.762649 1.847704 0.050341 1.062617 1.748412 1.134084 1.578108 1.032476 0.775484 0.554803 1.497938 0.042830 0.248240 1.111802 0.801280 0.755156 0.970364 1.737830 0.251447 1.667349 1.540773 0.960268 1.468470
0.051570 0.948430 1.948430 1.051570 1.935921 0.852436 1.913403 1.431637 0.235147 0.927711 0.660956 0.002657 0.023445 0.186418 0.158994 0.877511 0.506794 0.150856 0.000000 1.289414 1.370317 0.812689 0.989125 0.044373 1.764347 0.382790 0.555033 0.611793 1.696848 0.201197 1.213473 1.597556 1.284940 1.728964 0.881620 0.624628 0.705659 1.648794 0.108026 0.097384 1.262658 0.952136 0.604300 0.819509 1.586974 0.402303 1.516493 1.389917 1.111124 1.619326
1.237844 1.762156 0.762156 0.237844 0.774666 1.858150 0.623990 1.278950 1.054267 0.361702 1.950369 1.292071 1.265969 1.475832 1.448408 0.411903 0.782620 1.138558 1.289414 0.000000 0.080903 0.476725 1.721461 1.245040 0.946239 0.906623 1.844447 1.901207 1.013739 1.088217 0.075940 1.113031 0.004473 0.439550 1.828967 1.914042 0.583755 0.359381 1.181387 1.386798 0.026755 0.337277 1.893714 1.891078 1.123613 0.887110 1.194093 1.320670 0.178290 0.329912
1.318747 1.681253 0.681253 0.318747 0.693762 1.777247 0.543086 1.198047 1.135170 0.442606 1.968727 1.372974 1.346872 1.556735 1.529311 0.492806 0.863523 1.219461 1.370317 0.080903 0.000000 0.557628 1.640558 1.325943 0.865336 0.987526 1.925350 1.982110 0.932836 1.169120 0.156844 1.032127 0.085377 0.358647 1.748063 1.994945 0.664658 0.278477 1.262291 1.467701 0.107659 0.418180 1.974617 1.810175 1.042709 0.968014 1.113190 1.239767 0.259193 0.249009
0.761119 1.761119 1.238881 0.238881 1.251391 1.665125 1.100715 1.755675 0.577542 0.115023 1.473644 0.815346 0.789244 0.999107 0.971683 0.064822 0.305895 0.661833 0.812689 0.476725 0.557628 0.000000 1.801814 0.768315 1.422964 0.429898 1.367722 1.424482 1.490464 0.611492 0.400785 1.589756 0.472252 0.916275 1.694308 1.437316 0.107030 0.836106 0.704662 0.910073 0.449970 0.139448 1.416989 1.632197 1.600338 0.410385 1.670818 1.797395 0.298436 0.806637
1.040695 0.040695 0.959305 1.959305 0.946796 0.136689 1.097472 0.442512 1.224272 1.916836 0.328169 0.986468 1.012570 0.802707 0.830131 1.866636 1.495919 1.139981 0.989125 1.721461 1.640558 1.801814 0.000000 1.033499 0.775222 1.371915 0.434092 0.377332 0.707723 1.190322 1.797402 0.608431 1.725935 1.281911 0.107505 0.364497 1.694784 1.362081 1.097151 0.891741 1.748217 1.941261 0.384825 0.169617 0.597849 1.391428 0.527368 0.400792 1.899751 1.391549
0.007196 0.992804 1.992804 1.007196 1.980294 0.896810 1.869030 1.476010 0.190773 0.883338 0.705329 0.047031 0.020929 0.230791 0.203368 0.833138 0.462421 0.106482 0.044373 1.245040 1.325943 0.768315 1.033499 0.000000 1.808721 0.338417 0.599407 0.656166 1.741221 0.156823 1.169100 1.641929 1.240567 1.684590 0.925993 0.669001 0.661285 1.604421 0.063653 0.141758 1.218285 0.907763 0.648674 0.863882 1.631347 0.357930 1.560867 1.434290 1.066751 1.574952
1.815917 0.815917 0.184083 1.184083 0.171574 0.911911 0.322250 0.332710 1.999494 1.307942 1.103391 1.761690 1.787792 1.577929 1.605353 1.358142 1.728859 1.915203 1.764347 0.946239 0.865336 1.422964 0.775222 1.808721 0.000000 1.852862 1.209314 1.152554 0.067500 1.965544 1.022180 0.166791 0.950713 0.506689 0.882727 1.139719 1.529994 0.586859 1.872373 1.666963 0.972995 1.283516 1.160047 0.944839 0.177373 1.833350 0.247854 0.374431 1.124529 0.616327
0.331221 1.331221 1.668779 0.668779 1.681289 1.235227 1.530613 1.814427 0.147644 0.544921 1.043746 0.385448 0.359346 0.569208 0.541785 0.494721 0.124004 0.231934 0.382790 0.906623 0.987526 0.429898 1.371915 0.338417 1.852862 0.000000 0.937824 0.994583 1.920362 0.181594 0.830683 1.980346 0.902150 1.346173 1.264410 1.007418 0.322869 1.266004 0.274764 0.480175 0.879868 0.569346 0.987091 1.202299 1.969764 0.019513 1.899283 1.772707 0.728334 1.236535
0.606603 0.393397 1.393397 1.606603 1.380887 0.297403 1.531563 0.876603 0.790180 1.482745 0.105922 0.552376 0.578478 0.368615 0.396039 1.432544 1.061827 0.705889 0.555033 1.844447 1.925350 1.367722 0.434092 0.599407 1.209314 0.937824 0.000000 0.056760 1.141814 0.756230 1.768507 1.042522 1.839974 1.716003 0.326586 0.069595 1.260692 1.796172 0.663060 0.457649 1.817692 1.507170 0.049267 0.264475 1.031940 0.957337 0.961460 0.834883 1.666157 1.825641
0.663363 0.336637 1.336637 1.663363 1.324128 0.240643 1.474804 0.819844 0.846940 1.539504 0.049163 0.609136 0.635238 0.425375 0.452799 1.489304 1.118587 0.762649 0.611793 1.901207 1.982110 1.424482 0.377332 0.656166 1.152554 0.994583 0.056760 0.000000 1.085055 0.812990 1.825266 0.985763 1.896733 1.659243 0.269827 0.012835 1.317452 1.739413 0.719819 0.514409 1.874451 1.563929 0.007493 0.207716 0.975181 1.014096 0.904700 0.778124 1.722917 1.768881
1.748417 0.748417 0.251583 1.251583 0.239073 0.844411 0.389749 0.265211 1.931994 1.375441 1.035892 1.694190 1.720292 1.510430 1.537853 1.425641 1.796358 1.847704 1.696848 1.013739 0.932836 1.490464 0.707723 1.741221 0.067500 1.920362 1.141814 1.085055 0.000000 1.898044 1.089679 0.099292 1.018212 0.574189 0.815228 1.072220 1.597494 0.654358 1.804874 1.599463 1.040494 1.351016 1.092547 0.877339 0.109874 1.900849 0.180354 0.306931 1.192028 0.683827
0.149627 1.149627 1.850373 0.850373 1.862882 1.053633 1.712206 1.632833 0.033950 0.726514 0.862153 0.203854 0.177752 0.387615 0.360191 0.676314 0.305597 0.050341 0.201197 1.088217 1.169120 0.611492 1.190322 0.156823 1.965544 0.181594 0.756230 0.812990 1.898044 0.000000 1.012276 1.798752 1.083743 1.527767 1.082817 0.825825 0.504462 1.447597 0.093171 0.298581 1.061461 0.750940 0.805497 1.020705 1.788170 0.201107 1.717690 1.591113 0.909927 1.418129
1.161903 1.838097 0.838097 0.161903 0.850606 1.934090 0.699930 1.354890 0.978326 0.285762 1.874429 1.216131 1.190029 1.399891 1.372468 0.335962 0.706679 1.062617 1.213473 0.075940 0.156844 0.400785 1.797402 1.169100 1.022180 0.830683 1.768507 1.825266 1.089679 1.012276 0.000000 1.188971 0.071467 0.515490 1.904907 1.838101 0.507814 0.435321 1.105447 1.310857 0.049185 0.261337 1.817774 1.967018 1.199553 0.811170 1.270034 1.396610 0.102349 0.405852
1.649125 0.649125 0.350875 1.350875 0.338365 0.745119 0.489041 0.165919 1.832702 1.474733 0.936600 1.594898 1.621000 1.411138 1.438561 1.524933 1.895650 1.748412 1.597556 1.113031 1.032127 1.589756 0.608431 1.641929 0.166791 1.980346 1.042522 0.985763 0.099292 1.798752 1.188971 0.000000 1.117504 0.673481 0.715936 0.972928 1.696785 0.753650 1.705582 1.500171 1.139786 1.450308 0.993255 0.778047 0.010582 1.999859 0.081063 0.207639 1.291320 0.783119
1.233370 1.766630 0.766630 0.233370 0.779139 1.862623 0.628463 1.283423 1.049794 0.357229 1.945896 1.287598 1.261496 1.471358 1.443935 0.407429 0.778146 1.134084 1.284940 0.004473 0.085377 0.472252 1.725935 1.240567 0.950713 0.902150 1.839974 1.896733 1.018212 1.083743 0.071467 1.117504 0.000000 0.444023 1.833440 1.909568 0.579281 0.363854 1.176914 1.382324 0.022282 0.332804 1.889241 1.895551 1.128086 0.882637 1.198567 1.325143 0.173816 0.334385
1.677394 1.322606 0.322606 0.677394 0.335116 1.418600 0.184440 0.839400 1.493817 0.801252 1.610081 1.731621 1.705519 1.915382 1.887958 0.851453 1.222170 1.578108 1.728964 0.439550 0.358647 0.916275 1.281911 1.684590 0.506689 1.346173 1.716003 1.659243 0.574189 1.527767 0.515490 0.673481 0.444023 0.000000 1.389417 1.646409 1.023305 0.080169 1.620937 1.826348 0.466305 0.776827 1.666736 1.451528 0.684063 1.326660 0.754543 0.881120 0.617839 0.109638
0.933190 0.066810 1.066810 1.933190 1.054301 0.029183 1.204977 0.550017 1.116766 1.809331 0.220664 0.878962 0.905064 0.695202 0.722625 1.759131 1.388414 1.032476 0.881620 1.828967 1.748063 1.694308 0.107505 0.925993 0.882727 1.264410 0.326586 0.269827 0.815228 1.082817 1.904907 0.715936 1.833440 1.389417 0.000000 0.256992 1.587279 1.469586 0.989646 0.784235 1.855722 1.833756 0.277319 0.062111 0.705354 1.283923 0.634873 0.508297 1.992744 1.499055
0.676198 0.323802 1.323802 1.676198 1.311293 0.227809 1.461969 0.807009 0.859775 1.552339 0.036328 0.621971 0.648072 0.438210 0.465634 1.502139 1.131422 0.775484 0.624628 1.914042 1.994945 1.437316 0.364497 0.669001 1.139719 1.007418 0.069595 0.012835 1.072220 0.825825 1.838101 0.972928 1.909568 1.646409 0.256992 0.000000 1.330287 1.726578 0.732654 0.527244 1.887286 1.576764 0.020327 0.194881 0.962346 1.026931 0.891865 0.765289 1.735752 1.756047
0.654089 1.654089 1.345911 0.345911 1.358420 1.558095 1.207744 1.862704 0.470512 0.222052 1.366615 0.708316 0.682214 0.892077 0.864653 0.171852 0.198865 0.554803 0.705659 0.583755 0.664658 0.107030 1.694784 0.661285 1.529994 0.322869 1.260692 1.317452 1.597494 0.504462 0.507814 1.696785 0.579281 1.023305 1.587279 1.330287 0.000000 0.943135 0.597633 0.803043 0.556999 0.246478 1.309959 1.525167 1.707367 0.303356 1.777848 1.904425 0.405465 0.913667
1.597224 1.402776 0.402776 0.597224 0.415285 1.498769 0.264609 0.919569 1.413648 0.721083 1.690250 1.651452 1.625350 1.835212 1.807789 0.771283 1.142000 1.497938 1.648794 0.359381 0.278477 0.836106 1.362081 1.604421 0.586859 1.266004 1.796172 1.739413 0.654358 1.447597 0.435321 0.753650 0.363854 0.080169 1.469586 1.726578 0.943135 0.000000 1.540768 1.746178 0.386136 0.696658 1.746905 1.531697 0.764232 1.246491 0.834713 0.961289 0.537670 0.029469
0.056456 1.056456 1.943544 0.943544 1.956053 0.960463 1.805377 1.539663 0.127120 0.819685 0.768982 0.110684 0.084582 0.294444 0.267021 0.769485 0.398768 0.042830 0.108026 1.181387 1.262291 0.704662 1.097151 0.063653 1.872373 0.274764 0.663060 0.719819 1.804874 0.093171 1.105447 1.705582 1.176914 1.620937 0.989646 0.732654 0.597633 1.540768 0.000000 0.205410 1.154632 0.844110 0.712327 0.927535 1.695000 0.294277 1.624519 1.497943 1.003098 1.511299
0.148954 0.851046 1.851046 1.148954 1.838537 0.755052 1.989212 1.334252 0.332531 1.025095 0.563572 0.094727 0.120829 0.089034 0.061610 0.974895 0.604178 0.248240 0.097384 1.386798 1.467701 0.910073 0.891741 0.141758 1.666963 0.480175 0.457649 0.514409 1.599463 0.298581 1.310857 1.500171 1.382324 1.826348 0.784235 0.527244 0.803043 1.746178 0.205410 0.000000 1.360042 1.049521 0.506916 0.722124 1.489589 0.499688 1.419109 1.292532 1.208508 1.716710
1.211088 1.788912 0.788912 0.211088 0.801421 1.884905 0.650745 1.305705 1.027512 0.334947 1.923614 1.265316 1.239214 1.449076 1.421653 0.385147 0.755864 1.111802 1.262658 0.026755 0.107659 0.449970 1.748217 1.218285 0.972995 0.879868 1.817692 1.874451 1.040494 1.061461 0.049185 1.139786 0.022282 0.466305 1.855722 1.887286 0.556999 0.386136 1.154632 1.360042 0.000000 0.310522 1.866959 1.917833 1.150368 0.860355 1.220849 1.347425 0.151534 0.356667
0.900567 1.900567 1.099433 0.099433 1.111943 1.804573 0.961267 1.616227 0.716990 0.024425 1.613092 0.954794 0.928692 1.138554 1.111131 0.074625 0.445342 0.801280 0.952136 0.337277 0.418180 0.139448 1.941261 0.907763 1.283516 0.569346 1.507170 1.563929 1.351016 0.750940 0.261337 1.450308 0.332804 0.776827 1.833756 1.576764 0.246478 0.696658 0.844110 1.049521 0.310522 0.000000 1.556437 1.771645 1.460890 0.549833 1.531371 1.657947 0.158988 0.667189
0.655870 0.344130 1.344130 1.655870 1.331620 0.248136 1.482296 0.827336 0.839447 1.532012 0.056655 0.601643 0.627745 0.417882 0.445306 1.481811 1.111094 0.755156 0.604300 1.893714 1.974617 1.416989 0.384825 0.648674 1.160047 0.987091 0.049267 0.007493 1.092547 0.805497 1.817774 0.993255 1.889241 1.666736 0.277319 0.020327 1.309959 1.746905 0.712327 0.506916 1.866959 1.556437 0.000000 0.215208 0.982673 1.006604 0.912193 0.785616 1.715425 1.776374
0.871078 0.128922 1.128922 1.871078 1.116412 0.032928 1.267088 0.612128 1.054655 1.747220 0.158553 0.816851 0.842953 0.633091 0.660514 1.697020 1.326303 0.970364 0.819509 1.891078 1.810175 1.632197 0.169617 0.863882 0.944839 1.202299 0.264475 0.207716 0.877339 1.020705 1.967018 0.778047 1.895551 1.451528 0.062111 0.194881 1.525167 1.531697 0.927535 0.722124 1.917833 1.771645 0.215208 0.000000 0.767465 1.221812 0.696985 0.570408 1.930633 1.561166
1.638543 0.638543 0.361457 1.361457 0.348947 0.734537 0.499623 0.155337 1.822120 1.485315 0.926018 1.584316 1.610418 1.400556 1.427979 1.535515 1.906232 1.737830 1.586974 1.123613 1.042709 1.600338 0.597849 1.631347 0.177373 1.969764 1.031940 0.975181 0.109874 1.788170 1.199553 0.010582 1.128086 0.684063 0.705354 0.962346 1.707367 0.764232 1.695000 1.489589 1.150368 1.460890 0.982673 0.767465 0.000000 1.989277 0.070481 0.197057 1.301902 0.793701
0.350734 1.350734 1.649266 0.649266 1.661776 1.254740 1.511100 1.833940 0.167157 0.525408 1.063259 0.404961 0.378859 0.588721 0.561298 0.475208 0.104491 0.251447 0.402303 0.887110 0.968014 0.410385 1.391428 0.357930 1.833350 0.019513 0.957337 1.014096 1.900849 0.201107 0.811170 1.999859 0.882637 1.326660 1.283923 1.026931 0.303356 1.246491 0.294277 0.499688 0.860355 0.549833 1.006604 1.221812 1.989277 0.000000 1.918796 1.792220 0.708821 1.217022
1.568063 0.568063 0.431937 1.431937 0.419428 0.664057 0.570104 0.084856 1.751640 1.555796 0.855537 1.513836 1.539938 1.330075 1.357499 1.605996 1.976713 1.667349 1.516493 1.194093 1.113190 1.670818 0.527368 1.560867 0.247854 1.899283 0.961460 0.904700 0.180354 1.717690 1.270034 0.081063 1.198567 0.754543 0.634873 0.891865 1.777848 0.834713 1.624519 1.419109 1.220849 1.531371 0.912193 0.696985 0.070481 1.918796 0.000000 0.126577 1.372383 0.864181
1.441486 0.441486 0.558514 1.558514 0.546004 0.537480 0.696680 0.041720 1.625063 1.682372 0.728961 1.387259 1.413361 1.203499 1.230922 1.732572 1.896711 1.540773 1.389917 1.320670 1.239767 1.797395 0.400792 1.434290 0.374431 1.772707 0.834883 0.778124 0.306931 1.591113 1.396610 0.207639 1.325143 0.881120 0.508297 0.765289 1.904425 0.961289 1.497943 1.292532 1.347425 1.657947 0.785616 0.570408 0.197057 1.792220 0.126577 0.000000 1.498959 0.990758
1.059554 1.940446 0.940446 0.059554 0.952955 1.963561 0.802279 1.457239 0.875977 0.183413 1.772080 1.113781 1.087680 1.297542 1.270118 0.233613 0.604330 0.960268 1.111124 0.178290 0.259193 0.298436 1.899751 1.066751 1.124529 0.728334 1.666157 1.722917 1.192028 0.909927 0.102349 1.291320 0.173816 0.617839 1.992744 1.735752 0.405465 0.537670 1.003098 1.208508 0.151534 0.158988 1.715425 1.930633 1.301902 0.708821 1.372383 1.498959 0.000000 0.508201
1.567756 1.432244 0.432244 0.567756 0.444754 1.528238 0.294078 0.949038 1.384179 0.691614 1.719719 1.621983 1.595881 1.805744 1.778320 0.741815 1.112532 1.468470 1.619326 0.329912 0.249009 0.806637 1.391549 1.574952 0.616327 1.236535 1.825641 1.768881 0.683827 1.418129 0.405852 0.783119 0.334385 0.109638 1.499055 1.756047 0.913667 0.029469 1.511299 1.716710 0.356667 0.667189 1.776374 1.561166 0.793701 1.217022 0.864181 0.990758 0.508201 0.000000
