50
0.000000 1.000000 2.000000 1.000000 0.156295 1.160823 0.761900 0.045550 1.566963 1.582505 1.404820 0.625929 0.468143 0.153227 1.996621 0.618202 0.294305 1.355132 1.640852 1.529194 0.174608 1.718356 0.294395 1.834219 0.503847 0.386009 1.609452 0.693190 0.205096 0.737874 1.985920 0.681182 1.541281 0.967673 1.376414 1.897860 1.184470 1.485478 1.841324 1.001655 1.275114 0.503836 1.195825 0.263571 0.730774 0.995251 1.593501 0.993789 1.364575 1.918037
1.000000 0.000000 1.000000 2.000000 0.843705 0.160823 1.761900 1.045550 0.566963 1.417495 1.595180 0.374071 0.531857 1.153227 0.996621 0.381798 0.705695 0.355132 1.359148 0.529194 0.825392 0.718356 1.294395 1.165781 0.496153 0.613991 1.390548 1.693190 0.794904 0.262126 1.014080 0.318818 1.458719 1.967673 0.376414 1.102140 0.184470 0.485478 0.841324 1.998345 0.275114 0.496164 1.804175 1.263571 1.730774 1.995251 1.406499 0.006211 1.635425 0.918037
2.000000 1.000000 0.000000 1.000000 1.843705 0.839177 1.238100 1.954450 0.433037 0.417495 0.595180 1.374071 1.531857 1.846773 0.003379 1.381798 1.705695 0.644868 0.359148 0.470806 1.825392 0.281644 1.705605 0.165781 1.496153 1.613991 0.390548 1.306810 1.794904 1.262126 0.014080 1.318818 0.458719 1.032327 0.623586 0.102140 0.815530 0.514522 0.158676 0.998345 0.724886 1.496164 0.804175 1.736429 1.269226 1.004749 0.406499 1.006211 0.635425 0.081963
1.000000 2.000000 1.000000 0.000000 1.156295 1.839177 0.238100 0.954450 1.433037 0.582505 0.404820 1.625929 1.468143 0.846773 1.003379 1.618202 1.294305 1.644868 0.640852 1.470806 1.174608 1.281644 0.705605 0.834219 1.503847 1.386009 0.609452 0.306810 1.205096 1.737874 0.985920 1.681182 0.541281 0.032327 1.623586 0.897860 1.815530 1.514522 1.158676 0.001655 1.724886 1.503836 0.195825 0.736429 0.269226 0.004749 0.593501 1.993789 0.364575 1.081963
0.156295 0.843705 1.843705 1.156295 0.000000 1.004528 0.918195 0.201845 1.410667 1.738800 1.561115 0.469633 0.311848 0.309522 1.840326 0.461907 0.138010 1.198837 1.797147 1.372899 0.018312 1.562061 0.450690 1.990514 0.347552 0.229713 1.765747 0.849485 0.048801 0.581578 1.857785 0.524887 1.697576 1.123968 1.220119 1.945845 1.028175 1.329183 1.685028 1.157950 1.118819 0.347541 1.352121 0.419866 0.887069 1.151546 1.749797 0.837494 1.520871 1.761742
1.160823 0.160823 0.839177 1.839177 1.004528 0.000000 1.922723 1.206373 0.406139 1.256672 1.434357 0.534895 0.692680 1.314050 0.835798 0.542621 0.866518 0.194309 1.198325 0.368371 0.986216 0.557533 1.455218 1.004958 0.656976 0.774815 1.229725 1.854013 0.955727 0.422950 0.853257 0.479641 1.297896 1.871504 0.215591 0.941317 0.023647 0.324655 0.680500 1.837522 0.114291 0.656987 1.643351 1.424394 1.891597 1.843926 1.245676 0.167034 1.474601 0.757214
0.761900 1.761900 1.238100 0.238100 0.918195 1.922723 0.000000 0.716350 1.671138 0.820605 0.642920 1.387828 1.230043 0.608673 1.241479 1.380102 1.056205 1.882968 0.878952 1.708906 0.936507 1.519744 0.467505 1.072319 1.265747 1.147908 0.847552 0.068710 0.966996 1.499773 1.224020 1.443082 0.779381 0.205773 1.861686 1.135960 1.946370 1.752622 1.396777 0.239755 1.962986 1.265736 0.433926 0.498329 0.031126 0.233351 0.831601 1.755689 0.602676 1.320063
0.045550 1.045550 1.954450 0.954450 0.201845 1.206373 0.716350 0.000000 1.612512 1.536956 1.359270 0.671478 0.513693 0.107677 1.957829 0.663752 0.339855 1.400682 1.595302 1.574744 0.220157 1.763905 0.248846 1.788669 0.549397 0.431558 1.563902 0.647640 0.250646 0.783423 1.940370 0.726732 1.495732 0.922123 1.421964 1.852311 1.230019 1.531028 1.886873 0.956105 1.320664 0.549386 1.150276 0.218021 0.685225 0.949701 1.547952 1.039339 1.319026 1.963587
1.566963 0.566963 0.433037 1.433037 1.410667 0.406139 1.671138 1.612512 0.000000 0.850532 1.028218 0.941034 1.098820 1.720190 0.429658 0.948760 1.272657 0.211830 0.792185 0.037768 1.392355 0.151393 1.861358 0.598819 1.063115 1.180954 0.823585 1.739847 1.361866 0.829089 0.447117 0.885780 0.891756 1.465365 0.190548 0.535177 0.382493 0.081484 0.274361 1.431383 0.291848 1.063126 1.237212 1.830534 1.702263 1.437787 0.839536 0.573174 1.068462 0.351075
1.582505 1.417495 0.417495 0.582505 1.738800 1.256672 0.820605 1.536956 0.850532 0.000000 0.177685 1.791566 1.949352 1.429278 0.420874 1.799293 1.876810 1.062363 0.058347 0.888300 1.757113 0.699139 1.288110 0.251713 1.913647 1.968514 0.026947 0.889315 1.787601 1.679621 0.403415 1.736313 0.041224 0.614832 1.041081 0.315355 1.233025 0.932017 0.576171 0.580851 1.142381 1.913659 0.386680 1.318934 0.851731 0.587254 0.010996 1.423706 0.217930 0.499457
1.404820 1.595180 0.595180 0.404820 1.561115 1.434357 0.642920 1.359270 1.028218 0.177685 0.000000 1.969252 1.872963 1.251593 0.598559 1.976978 1.699125 1.240048 0.236032 1.065986 1.579427 0.876824 1.110425 0.429399 1.908667 1.790828 0.204632 0.711630 1.609916 1.857307 0.581100 1.913998 0.136461 0.437147 1.218766 0.493040 1.410710 1.109702 0.753857 0.403165 1.320066 1.908656 0.208994 1.141249 0.674046 0.409569 0.188681 1.601391 0.040244 0.677143
0.625929 0.374071 1.374071 1.625929 0.469633 0.534895 1.387828 0.671478 0.941034 1.791566 1.969252 0.000000 0.157786 0.779156 1.370692 0.007726 0.331623 0.729204 1.733219 0.903266 0.451321 1.092427 0.920324 1.539853 0.122081 0.239920 1.764619 1.319118 0.420832 0.111945 1.388151 0.055254 1.832790 1.593601 0.750486 1.476211 0.558541 0.859550 1.215395 1.627583 0.649186 0.122092 1.821754 0.889500 1.356703 1.621179 1.780570 0.367860 1.990504 1.292109
0.468143 0.531857 1.531857 1.468143 0.311848 0.692680 1.230043 0.513693 1.098820 1.949352 1.872963 0.157786 0.000000 0.621370 1.528478 0.150059 0.173838 0.886989 1.891005 1.061051 0.293536 1.250213 0.762538 1.697638 0.035704 0.082134 1.922405 1.161333 0.263047 0.269731 1.545937 0.213039 1.990576 1.435816 0.908271 1.633997 0.716327 1.017335 1.373181 1.469798 0.806971 0.035693 1.663968 0.731714 1.198917 1.463394 1.938356 0.525646 1.832718 1.449894
0.153227 1.153227 1.846773 0.846773 0.309522 1.314050 0.608673 0.107677 1.720190 1.429278 1.251593 0.779156 0.621370 0.000000 1.850152 0.771429 0.447532 1.508359 1.487625 1.682421 0.327834 1.871583 0.141168 1.680992 0.657074 0.539236 1.456225 0.539963 0.358323 0.891101 1.832693 0.834409 1.388054 0.814446 1.529641 1.744633 1.337697 1.638705 1.994551 0.848428 1.428341 0.657063 1.042598 0.110344 0.577547 0.842024 1.440274 1.147016 1.211348 1.928736
1.996621 0.996621 0.003379 1.003379 1.840326 0.835798 1.241479 1.957829 0.429658 0.420874 0.598559 1.370692 1.528478 1.850152 0.000000 1.378419 1.702316 0.641489 0.362527 0.467426 1.822013 0.278265 1.708984 0.169160 1.492773 1.610612 0.393927 1.310189 1.791525 1.258747 0.017459 1.315439 0.462098 1.035706 0.620207 0.105519 0.812151 0.511143 0.155297 1.001724 0.721507 1.492785 0.807554 1.739808 1.272605 1.008128 0.409878 1.002832 0.638804 0.078583
0.618202 0.381798 1.381798 1.618202 0.461907 0.542621 1.380102 0.663752 0.948760 1.799293 1.976978 0.007726 0.150059 0.771429 1.378419 0.000000 0.323897 0.736930 1.740946 0.910992 0.443595 1.100154 0.912598 1.547579 0.114355 0.232194 1.772346 1.311392 0.413106 0.119671 1.395878 0.062980 1.840517 1.585875 0.758212 1.483937 0.566267 0.867276 1.223121 1.619857 0.656912 0.114366 1.814028 0.881773 1.348976 1.613453 1.788296 0.375587 1.982778 1.299835
0.294305 0.705695 1.705695 1.294305 0.138010 0.866518 1.056205 0.339855 1.272657 1.876810 1.699125 0.331623 0.173838 0.447532 1.702316 0.323897 0.000000 1.060827 1.935157 1.234889 0.119698 1.424051 0.588701 1.871476 0.209542 0.091703 1.903757 0.987495 0.089209 0.443568 1.719775 0.386877 1.835586 1.261978 1.082109 1.807834 0.890165 1.191173 1.547018 1.295960 0.980809 0.209531 1.490131 0.557876 1.025079 1.289556 1.887807 0.699484 1.658881 1.623732
1.355132 0.355132 0.644868 1.644868 1.198837 0.194309 1.882968 1.400682 0.211830 1.062363 1.240048 0.729204 0.886989 1.508359 0.641489 0.736930 1.060827 0.000000 1.004016 0.174062 1.180525 0.363223 1.649528 0.810649 0.851285 0.969124 1.035416 1.951678 1.150036 0.617259 0.658948 0.673950 1.103587 1.677195 0.021282 0.747007 0.170663 0.130346 0.486191 1.643213 0.080018 0.851296 1.449042 1.618703 1.914093 1.649617 1.051366 0.361343 1.280292 0.562905
1.640852 1.359148 0.359148 0.640852 1.797147 1.198325 0.878952 1.595302 0.792185 0.058347 0.236032 1.733219 1.891005 1.487625 0.362527 1.740946 1.935157 1.004016 0.000000 0.829953 1.815460 0.640792 1.346457 0.193367 1.855300 1.973139 0.031400 0.947662 1.845948 1.621274 0.345068 1.677966 0.099571 0.673179 0.982734 0.257008 1.174678 0.873670 0.517824 0.639197 1.084034 1.855312 0.445027 1.377281 0.910078 0.645601 0.047351 1.365359 0.276277 0.441110
1.529194 0.529194 0.470806 1.470806 1.372899 0.368371 1.708906 1.574744 0.037768 0.888300 1.065986 0.903266 1.061051 1.682421 0.467426 0.910992 1.234889 0.174062 0.829953 0.000000 1.354587 0.189161 1.823590 0.636587 1.025347 1.143186 0.861353 1.777616 1.324098 0.791321 0.484885 0.848012 0.929524 1.503133 0.152780 0.572945 0.344725 0.043716 0.312129 1.469151 0.254080 1.025358 1.274980 1.792766 1.740031 1.475555 0.877304 0.535406 1.106230 0.388843
0.174608 0.825392 1.825392 1.174608 0.018312 0.986216 0.936507 0.220157 1.392355 1.757113 1.579427 0.451321 0.293536 0.327834 1.822013 0.443595 0.119698 1.180525 1.815460 1.354587 0.000000 1.543748 0.469003 1.991174 0.329240 0.211401 1.784060 0.867797 0.030489 0.563266 1.839472 0.506575 1.715889 1.142280 1.201807 1.927532 1.009862 1.310871 1.666716 1.176262 1.100507 0.329229 1.370433 0.438179 0.905382 1.169858 1.768109 0.819181 1.539183 1.743430
1.718356 0.718356 0.281644 1.281644 1.562061 0.557533 1.519744 1.763905 0.151393 0.699139 0.876824 1.092427 1.250213 1.871583 0.278265 1.100154 1.424051 0.363223 0.640792 0.189161 1.543748 0.000000 1.987249 0.447426 1.214508 1.332347 0.672192 1.588454 1.513260 0.980482 0.295724 1.037174 0.740363 1.313971 0.341942 0.383784 0.533886 0.232878 0.122968 1.279990 0.443242 1.214520 1.085819 1.981927 1.550870 1.286393 0.688143 0.724567 0.917069 0.199682
0.294395 1.294395 1.705605 0.705605 0.450690 1.455218 0.467505 0.248846 1.861358 1.288110 1.110425 0.920324 0.762538 0.141168 1.708984 0.912598 0.588701 1.649528 1.346457 1.823590 0.469003 1.987249 0.000000 1.539823 0.798243 0.680404 1.315057 0.398795 0.499492 1.032269 1.691525 0.975577 1.246886 0.673277 1.670810 1.603465 1.478865 1.779874 1.864281 0.707259 1.569509 0.798232 0.901430 0.030824 0.436379 0.700856 1.299106 1.288184 1.070180 1.787567
1.834219 1.165781 0.165781 0.834219 1.990514 1.004958 1.072319 1.788669 0.598819 0.251713 0.429399 1.539853 1.697638 1.680992 0.169160 1.547579 1.871476 0.810649 0.193367 0.636587 1.991174 0.447426 1.539823 0.000000 1.661934 1.779773 0.224767 1.141029 1.960685 1.427908 0.151701 1.484599 0.292938 0.866546 0.789367 0.063642 0.981312 0.680303 0.324458 0.832564 0.890667 1.661945 0.638393 1.570648 1.103444 0.838968 0.240717 1.171992 0.469643 0.247744
0.503847 0.496153 1.496153 1.503847 0.347552 0.656976 1.265747 0.549397 1.063115 1.913647 1.908667 0.122081 0.035704 0.657074 1.492773 0.114355 0.209542 0.851285 1.855300 1.025347 0.329240 1.214508 0.798243 1.661934 0.000000 0.117839 1.886700 1.197037 0.298751 0.234026 1.510232 0.177335 1.954871 1.471520 0.872567 1.598292 0.680622 0.981631 1.337476 1.505502 0.771267 0.000011 1.699673 0.767419 1.234622 1.499098 1.902651 0.489941 1.868423 1.414190
0.386009 0.613991 1.613991 1.386009 0.229713 0.774815 1.147908 0.431558 1.180954 1.968514 1.790828 0.239920 0.082134 0.539236 1.610612 0.232194 0.091703 0.969124 1.973139 1.143186 0.211401 1.332347 0.680404 1.779773 0.117839 0.000000 1.995461 1.079198 0.180912 0.351865 1.628071 0.295174 1.927290 1.353681 0.990406 1.716131 0.798461 1.099470 1.455315 1.387663 0.889106 0.117828 1.581834 0.649580 1.116783 1.381259 1.979510 0.607780 1.750584 1.532029
1.609452 1.390548 0.390548 0.609452 1.765747 1.229725 0.847552 1.563902 0.823585 0.026947 0.204632 1.764619 1.922405 1.456225 0.393927 1.772346 1.903757 1.035416 0.031400 0.861353 1.784060 0.672192 1.315057 0.224767 1.886700 1.995461 0.000000 0.916262 1.814548 1.652674 0.376468 1.709366 0.068171 0.641779 1.014134 0.288408 1.206078 0.905070 0.549224 0.607798 1.115434 1.886712 0.413627 1.345881 0.878678 0.614201 0.015951 1.396759 0.244877 0.472510
0.693190 1.693190 1.306810 0.306810 0.849485 1.854013 0.068710 0.647640 1.739847 0.889315 0.711630 1.319118 1.161333 0.539963 1.310189 1.311392 0.987495 1.951678 0.947662 1.777616 0.867797 1.588454 0.398795 1.141029 1.197037 1.079198 0.916262 0.000000 0.898286 1.431064 1.292730 1.374372 0.848091 0.274483 1.930396 1.204670 1.877660 1.821332 1.465486 0.308465 1.968304 1.197026 0.502635 0.429619 0.037584 0.302061 0.900311 1.686979 0.671385 1.388773
0.205096 0.794904 1.794904 1.205096 0.048801 0.955727 0.966996 0.250646 1.361866 1.787601 1.609916 0.420832 0.263047 0.358323 1.791525 0.413106 0.089209 1.150036 1.845948 1.324098 0.030489 1.513260 0.499492 1.960685 0.298751 0.180912 1.814548 0.898286 0.000000 0.532777 1.808984 0.476086 1.746377 1.172769 1.171318 1.897043 0.979373 1.280382 1.636227 1.206751 1.070018 0.298740 1.400922 0.468667 0.935870 1.200347 1.798598 0.788693 1.569672 1.712941
0.737874 0.262126 1.262126 1.737874 0.581578 0.422950 1.499773 0.783423 0.829089 1.679621 1.857307 0.111945 0.269731 0.891101 1.258747 0.119671 0.443568 0.617259 1.621274 0.791321 0.563266 0.980482 1.032269 1.427908 0.234026 0.351865 1.652674 1.431064 0.532777 0.000000 1.276206 0.056691 1.720845 1.705546 0.638541 1.364266 0.446596 0.747605 1.103450 1.739528 0.537241 0.234037 1.933699 1.001445 1.468648 1.733124 1.668625 0.255915 1.897551 1.180164
1.985920 1.014080 0.014080 0.985920 1.857785 0.853257 1.224020 1.940370 0.447117 0.403415 0.581100 1.388151 1.545937 1.832693 0.017459 1.395878 1.719775 0.658948 0.345068 0.484885 1.839472 0.295724 1.691525 0.151701 1.510232 1.628071 0.376468 1.292730 1.808984 1.276206 0.000000 1.332898 0.444639 1.018247 0.637666 0.088060 0.829610 0.528602 0.172756 0.984265 0.738966 1.510244 0.790095 1.722349 1.255146 0.990669 0.392419 1.020291 0.621345 0.096042
0.681182 0.318818 1.318818 1.681182 0.524887 0.479641 1.443082 0.726732 0.885780 1.736313 1.913998 0.055254 0.213039 0.834409 1.315439 0.062980 0.386877 0.673950 1.677966 0.848012 0.506575 1.037174 0.975577 1.484599 0.177335 0.295174 1.709366 1.374372 0.476086 0.056691 1.332898 0.000000 1.777537 1.648855 0.695232 1.420958 0.503288 0.804296 1.160141 1.682837 0.593932 0.177346 1.877007 0.944753 1.411956 1.676433 1.725317 0.312607 1.954242 1.236855
1.541281 1.458719 0.458719 0.541281 1.697576 1.297896 0.779381 1.495732 0.891756 0.041224 0.136461 1.832790 1.990576 1.388054 0.462098 1.840517 1.835586 1.103587 0.099571 0.929524 1.715889 0.740363 1.246886 0.292938 1.954871 1.927290 0.068171 0.848091 1.746377 1.720845 0.444639 1.777537 0.000000 0.573608 1.082305 0.356579 1.274249 0.973241 0.617395 0.539627 1.183605 1.954883 0.345456 1.277710 0.810507 0.546030 0.052220 1.464930 0.176706 0.540681
0.967673 1.967673 1.032327 0.032327 1.123968 1.871504 0.205773 0.922123 1.465365 0.614832 0.437147 1.593601 1.435816 0.814446 1.035706 1.585875 1.261978 1.677195 0.673179 1.503133 1.142280 1.313971 0.673277 0.866546 1.471520 1.353681 0.641779 0.274483 1.172769 1.705546 1.018247 1.648855 0.573608 0.000000 1.655913 0.930188 1.847858 1.546849 1.191004 0.033982 1.757213 1.471509 0.228153 0.704102 0.236898 0.027578 0.625829 1.961462 0.396903 1.114290
1.376414 0.376414 0.623586 1.623586 1.220119 0.215591 1.861686 1.421964 0.190548 1.041081 1.218766 0.750486 0.908271 1.529641 0.620207 0.758212 1.082109 0.021282 0.982734 0.152780 1.201807 0.341942 1.670810 0.789367 0.872567 0.990406 1.014134 1.930396 1.171318 0.638541 0.637666 0.695232 1.082305 1.655913 0.000000 0.725725 0.191945 0.109064 0.464909 1.621931 0.101300 0.872578 1.427760 1.639985 1.892811 1.628335 1.030084 0.382625 1.259010 0.541623
1.897860 1.102140 0.102140 0.897860 1.945845 0.941317 1.135960 1.852311 0.535177 0.315355 0.493040 1.476211 1.633997 1.744633 0.105519 1.483937 1.807834 0.747007 0.257008 0.572945 1.927532 0.383784 1.603465 0.063642 1.598292 1.716131 0.288408 1.204670 1.897043 1.364266 0.088060 1.420958 0.356579 0.930188 0.725725 0.000000 0.917670 0.616661 0.260816 0.896206 0.827026 1.598303 0.702035 1.634289 1.167086 0.902609 0.304359 1.108351 0.533285 0.184102
1.184470 0.184470 0.815530 1.815530 1.028175 0.023647 1.946370 1.230019 0.382493 1.233025 1.410710 0.558541 0.716327 1.337697 0.812151 0.566267 0.890165 0.170663 1.174678 0.344725 1.009862 0.533886 1.478865 0.981312 0.680622 0.798461 1.206078 1.877660 0.979373 0.446596 0.829610 0.503288 1.274249 1.847858 0.191945 0.917670 0.000000 0.301009 0.656854 1.813876 0.090644 0.680633 1.619705 1.448041 1.915244 1.820279 1.222029 0.190681 1.450955 0.733568
1.485478 0.485478 0.514522 1.514522 1.329183 0.324655 1.752622 1.531028 0.081484 0.932017 1.109702 0.859550 1.017335 1.638705 0.511143 0.867276 1.191173 0.130346 0.873670 0.043716 1.310871 0.232878 1.779874 0.680303 0.981631 1.099470 0.905070 1.821332 1.280382 0.747605 0.528602 0.804296 0.973241 1.546849 0.109064 0.616661 0.301009 0.000000 0.355845 1.512867 0.210364 0.981642 1.318696 1.749049 1.783748 1.519271 0.921020 0.491689 1.149946 0.432559
1.841324 0.841324 0.158676 1.158676 1.685028 0.680500 1.396777 1.886873 0.274361 0.576171 0.753857 1.215395 1.373181 1.994551 0.155297 1.223121 1.547018 0.486191 0.517824 0.312129 1.666716 0.122968 1.864281 0.324458 1.337476 1.455315 0.549224 1.465486 1.636227 1.103450 0.172756 1.160141 0.617395 1.191004 0.464909 0.260816 0.656854 0.355845 0.000000 1.157022 0.566209 1.337487 0.962851 1.895105 1.427902 1.163426 0.565175 0.847535 0.794101 0.076714
1.001655 1.998345 0.998345 0.001655 1.157950 1.837522 0.239755 0.956105 1.431383 0.580851 0.403165 1.627583 1.469798 0.848428 1.001724 1.619857 1.295960 1.643213 0.639197 1.469151 1.176262 1.279990 0.707259 0.832564 1.505502 1.387663 0.607798 0.308465 1.206751 1.739528 0.984265 1.682837 0.539627 0.033982 1.621931 0.896206 1.813876 1.512867 1.157022 0.000000 1.723231 1.505491 0.194171 0.738084 0.270880 0.006404 0.591847 1.995444 0.362921 1.080308
1.275114 0.275114 0.724886 1.724886 1.118819 0.114291 1.962986 1.320664 0.291848 1.142381 1.320066 0.649186 0.806971 1.428341 0.721507 0.656912 0.980809 0.080018 1.084034 0.254080 1.100507 0.443242 1.569509 0.890667 0.771267 0.889106 1.115434 1.968304 1.070018 0.537241 0.738966 0.593932 1.183605 1.757213 0.101300 0.827026 0.090644 0.210364 0.566209 1.723231 0.000000 0.771278 1.529060 1.538685 1.994112 1.729635 1.131385 0.281325 1.360310 0.642923
0.503836 0.496164 1.496164 1.503836 0.347541 0.656987 1.265736 0.549386 1.063126 1.913659 1.908656 0.122092 0.035693 0.657063 1.492785 0.114366 0.209531 0.851296 1.855312 1.025358 0.329229 1.214520 0.798232 1.661945 0.000011 0.117828 1.886712 1.197026 0.298740 0.234037 1.510244 0.177346 1.954883 1.471509 0.872578 1.598303 0.680633 0.981642 1.337487 1.505491 0.771278 0.000000 1.699662 0.767407 1.234610 1.499087 1.902662 0.489953 1.868412 1.414201
1.195825 1.804175 0.804175 0.195825 1.352121 1.643351 0.433926 1.150276 1.237212 0.386680 0.208994 1.821754 1.663968 1.042598 0.807554 1.814028 1.490131 1.449042 0.445027 1.274980 1.370433 1.085819 0.901430 0.638393 1.699673 1.581834 0.413627 0.502635 1.400922 1.933699 0.790095 1.877007 0.345456 0.228153 1.427760 0.702035 1.619705 1.318696 0.962851 0.194171 1.529060 1.699662 0.000000 0.932254 0.465051 0.200575 0.397676 1.810386 0.168750 0.886137
0.263571 1.263571 1.736429 0.736429 0.419866 1.424394 0.498329 0.218021 1.830534 1.318934 1.141249 0.889500 0.731714 0.110344 1.739808 0.881773 0.557876 1.618703 1.377281 1.792766 0.438179 1.981927 0.030824 1.570648 0.767419 0.649580 1.345881 0.429619 0.468667 1.001445 1.722349 0.944753 1.277710 0.704102 1.639985 1.634289 1.448041 1.749049 1.895105 0.738084 1.538685 0.767407 0.932254 0.000000 0.467203 0.731680 1.329930 1.257360 1.101004 1.818391
0.730774 1.730774 1.269226 0.269226 0.887069 1.891597 0.031126 0.685225 1.702263 0.851731 0.674046 1.356703 1.198917 0.577547 1.272605 1.348976 1.025079 1.914093 0.910078 1.740031 0.905382 1.550870 0.436379 1.103444 1.234622 1.116783 0.878678 0.037584 0.935870 1.468648 1.255146 1.411956 0.810507 0.236898 1.892811 1.167086 1.915244 1.783748 1.427902 0.270880 1.994112 1.234610 0.465051 0.467203 0.000000 0.264477 0.862727 1.724563 0.633801 1.351188
0.995251 1.995251 1.004749 0.004749 1.151546 1.843926 0.233351 0.949701 1.437787 0.587254 0.409569 1.621179 1.463394 0.842024 1.008128 1.613453 1.289556 1.649617 0.645601 1.475555 1.169858 1.286393 0.700856 0.838968 1.499098 1.381259 0.614201 0.302061 1.200347 1.733124 0.990669 1.676433 0.546030 0.027578 1.628335 0.902609 1.820279 1.519271 1.163426 0.006404 1.729635 1.499087 0.200575 0.731680 0.264477 0.000000 0.598250 1.989040 0.369325 1.086712
1.593501 1.406499 0.406499 0.593501 1.749797 1.245676 0.831601 1.547952 0.839536 0.010996 0.188681 1.780570 1.938356 1.440274 0.409878 1.788296 1.887807 1.051366 0.047351 0.877304 1.768109 0.688143 1.299106 0.240717 1.902651 1.979510 0.015951 0.900311 1.798598 1.668625 0.392419 1.725317 0.052220 0.625829 1.030084 0.304359 1.222029 0.921020 0.565175 0.591847 1.131385 1.902662 0.397676 1.329930 0.862727 0.598250 0.000000 1.412710 0.228926 0.488461
0.993789 0.006211 1.006211 1.993789 0.837494 0.167034 1.755689 1.039339 0.573174 1.423706 1.601391 0.367860 0.525646 1.147016 1.002832 0.375587 0.699484 0.361343 1.365359 0.535406 0.819181 0.724567 1.288184 1.171992 0.489941 0.607780 1.396759 1.686979 0.788693 0.255915 1.020291 0.312607 1.464930 1.961462 0.382625 1.108351 0.190681 0.491689 0.847535 1.995444 0.281325 0.489953 1.810386 1.257360 1.724563 1.989040 1.412710 0.000000 1.641636 0.924249
1.364575 1.635425 0.635425 0.364575 1.520871 1.474601 0.602676 1.319026 1.068462 0.217930 0.040244 1.990504 1.832718 1.211348 0.638804 1.982778 1.658881 1.280292 0.276277 1.106230 1.539183 0.917069 1.070180 0.469643 1.868423 1.750584 0.244877 0.671385 1.569672 1.897551 0.621345 1.954242 0.176706 0.396903 1.259010 0.533285 1.450955 1.149946 0.794101 0.362921 1.360310 1.868412 0.168750 1.101004 0.633801 0.369325 0.228926 1.641636 0.000000 0.717387
1.918037 0.918037 0.081963 1.081963 1.761742 0.757214 1.320063 1.963587 0.351075 0.499457 0.677143 1.292109 1.449894 1.928736 0.078583 1.299835 1.623732 0.562905 0.441110 0.388843 1.743430 0.199682 1.787567 0.247744 1.414190 1.532029 0.472510 1.388773 1.712941 1.180164 0.096042 1.236855 0.540681 1.114290 0.541623 0.184102 0.733568 0.432559 0.076714 1.080308 0.642923 1.414201 0.886137 1.818391 1.351188 1.086712 0.488461 0.924249 0.717387 0.000000
