35
0.000000 1.000000 2.000000 1.000000 0.130475 0.598895 1.879765 0.996342 1.632335 1.848439 0.944198 0.846976 0.230246 1.160213 0.172171 0.661629 0.490118 0.994241 0.636182 1.061029 0.531722 1.680804 0.812112 1.946912 0.702652 1.334391 1.660705 0.378362 0.816451 1.844577 0.176945 0.666258 1.650447 1.477546 1.255912
1.000000 0.000000 1.000000 2.000000 1.130475 1.598895 1.120235 0.003658 1.367665 0.848439 0.055802 1.846976 0.769754 0.160213 1.172171 0.338371 0.509882 1.994241 1.636182 1.938971 0.468278 1.319196 1.812112 1.053088 1.702652 1.665609 0.660705 1.378362 1.816451 0.844577 1.176945 1.666258 1.349553 0.477546 1.744088
2.000000 1.000000 0.000000 1.000000 1.869525 1.401105 0.120235 1.003658 0.367665 0.151561 1.055802 1.153024 1.769754 0.839787 1.827829 1.338371 1.509882 1.005759 1.363818 0.938971 1.468278 0.319196 1.187888 0.053088 1.297348 0.665609 0.339295 1.621638 1.183549 0.155423 1.823055 1.333742 0.349553 0.522454 0.744088
1.000000 2.000000 1.000000 0.000000 0.869525 0.401105 0.879765 1.996342 0.632335 1.151561 1.944198 0.153024 1.230246 1.839787 0.827829 1.661629 1.490118 0.005759 0.363818 0.061029 1.531722 0.680804 0.187888 0.946912 0.297348 0.334391 1.339295 0.621638 0.183549 1.155423 0.823055 0.333742 0.650447 1.522454 0.255912
0.130475 1.130475 1.869525 0.869525 0.000000 0.468419 1.749289 1.126817 1.501859 1.978914 1.074674 0.716501 0.360721 1.290689 0.041695 0.792105 0.620593 0.863766 0.505707 0.930553 0.662197 1.550329 0.681636 1.816436 0.572176 1.203915 1.791180 0.247887 0.685976 1.975052 0.046469 0.535782 1.519972 1.608021 1.125437
0.598895 1.598895 1.401105 0.401105 0.468419 0.000000 1.280870 1.595236 1.033440 1.552667 1.543093 0.248082 0.829140 1.759108 0.426724 1.260524 1.089012 0.395347 0.037288 0.462134 1.130616 1.081910 0.213217 1.348017 0.103757 0.735496 1.740401 0.220532 0.217557 1.556529 0.421950 0.067363 1.051553 1.923559 0.657017
1.879765 1.120235 0.120235 0.879765 1.749289 1.280870 0.000000 1.123893 0.247430 0.271796 1.176037 1.032788 1.889990 0.960022 1.707594 1.458606 1.630118 0.885523 1.243582 0.818736 1.588514 0.198960 1.067653 0.067147 1.177113 0.545374 0.459531 1.501403 1.063314 0.275658 1.702820 1.213507 0.229317 0.642689 0.623853
0.996342 0.003658 1.003658 1.996342 1.126817 1.595236 1.123893 0.000000 1.371323 0.852097 0.052144 1.843318 0.766096 0.163871 1.168513 0.334713 0.506224 1.990583 1.632524 1.942629 0.464620 1.322854 1.808454 1.056746 1.698994 1.669267 0.664363 1.374704 1.812793 0.848235 1.173287 1.662600 1.353211 0.481204 1.747746
1.632335 1.367665 0.367665 0.632335 1.501859 1.033440 0.247430 1.371323 0.000000 0.519226 1.423467 0.785358 1.862580 1.207452 1.460164 1.706036 1.877547 0.638094 0.996153 0.571306 1.835943 0.048469 0.820223 0.314577 0.929683 0.297944 0.706961 1.253973 0.815884 0.523088 1.455390 0.966077 0.018113 0.890119 0.376423
1.848439 0.848439 0.151561 1.151561 1.978914 1.552667 0.271796 0.852097 0.519226 0.000000 0.904241 1.304585 1.618193 0.688226 1.979390 1.186810 1.358321 1.157320 1.515379 1.090532 1.316717 0.470757 1.339449 0.204649 1.448909 0.817170 0.187734 1.773199 1.335110 0.003862 1.974616 1.485303 0.501114 0.370893 0.895649
0.944198 0.055802 1.055802 1.944198 1.074674 1.543093 1.176037 0.052144 1.423467 0.904241 0.000000 1.791175 0.713953 0.216015 1.116369 0.282569 0.454080 1.938439 1.580380 1.994773 0.412476 1.374998 1.756310 1.108890 1.646850 1.721411 0.716506 1.322560 1.760649 0.900379 1.121143 1.610456 1.405354 0.533348 1.799890
0.846976 1.846976 1.153024 0.153024 0.716501 0.248082 1.032788 1.843318 0.785358 1.304585 1.791175 0.000000 1.077222 1.992810 0.674806 1.508606 1.337094 0.147265 0.210794 0.214052 1.378698 0.833828 0.034865 1.099935 0.144325 0.487414 1.492319 0.468614 0.030525 1.308447 0.670032 0.180719 0.803471 1.675477 0.408935
0.230246 0.769754 1.769754 1.230246 0.360721 0.829140 1.889990 0.766096 1.862580 1.618193 0.713953 1.077222 0.000000 0.929968 0.402416 0.431384 0.259872 1.224487 0.866428 1.291274 0.301476 1.911050 1.042357 1.822843 0.932897 1.564636 1.430459 0.608608 1.046697 1.614331 0.407190 0.896503 1.880693 1.247301 1.486157
1.160213 0.160213 0.839787 1.839787 1.290689 1.759108 0.960022 0.163871 1.207452 0.688226 0.216015 1.992810 0.929968 0.000000 1.332384 0.498584 0.670095 1.845546 1.796395 1.778758 0.628491 1.158983 1.972325 0.892875 1.862865 1.505396 0.500491 1.538575 1.976664 0.684364 1.337158 1.826471 1.189339 0.317333 1.583875
0.172171 1.172171 1.827829 0.827829 0.041695 0.426724 1.707594 1.168513 1.460164 1.979390 1.116369 0.674806 0.402416 1.332384 0.000000 0.833800 0.662289 0.822070 0.464011 0.888858 0.703893 1.508633 0.639941 1.774741 0.530481 1.162220 1.832875 0.206191 0.644280 1.983252 0.004774 0.494087 1.478277 1.649717 1.083741
0.661629 0.338371 1.338371 1.661629 0.792105 1.260524 1.458606 0.334713 1.706036 1.186810 0.282569 1.508606 0.431384 0.498584 0.833800 0.000000 0.171511 1.655870 1.297811 1.722658 0.129907 1.657567 1.473741 1.391459 1.364281 1.996020 0.999075 1.039991 1.478080 1.182948 0.838574 1.327887 1.687923 0.815917 1.917541
0.490118 0.509882 1.509882 1.490118 0.620593 1.089012 1.630118 0.506224 1.877547 1.358321 0.454080 1.337094 0.259872 0.670095 0.662289 0.171511 0.000000 1.484359 1.126300 1.551147 0.041604 1.829078 1.302230 1.562971 1.192770 1.824509 1.170587 0.868480 1.306569 1.354459 0.667063 1.156376 1.859435 0.987428 1.746030
0.994241 1.994241 1.005759 0.005759 0.863766 0.395347 0.885523 1.990583 0.638094 1.157320 1.938439 0.147265 1.224487 1.845546 0.822070 1.655870 1.484359 0.000000 0.358059 0.066787 1.525963 0.686563 0.182129 0.952670 0.291589 0.340150 1.345054 0.615879 0.177790 1.161182 0.817296 0.327983 0.656206 1.528213 0.261671
0.636182 1.636182 1.363818 0.363818 0.505707 0.037288 1.243582 1.632524 0.996153 1.515379 1.580380 0.210794 0.866428 1.796395 0.464011 1.297811 1.126300 0.358059 0.000000 0.424846 1.167904 1.044622 0.175930 1.310729 0.066469 0.698209 1.703113 0.257820 0.180269 1.519241 0.459237 0.030076 1.014265 1.886272 0.619730
1.061029 1.938971 0.938971 0.061029 0.930553 0.462134 0.818736 1.942629 0.571306 1.090532 1.994773 0.214052 1.291274 1.778758 0.888858 1.722658 1.551147 0.066787 0.424846 0.000000 1.592750 0.619776 0.248917 0.885883 0.358377 0.273362 1.278267 0.682667 0.244578 1.094394 0.884084 0.394771 0.589419 1.461425 0.194883
0.531722 0.468278 1.468278 1.531722 0.662197 1.130616 1.588514 0.464620 1.835943 1.316717 0.412476 1.378698 0.301476 0.628491 0.703893 0.129907 0.041604 1.525963 1.167904 1.592750 0.000000 1.787474 1.343834 1.521367 1.234374 1.866113 1.128983 0.910084 1.348173 1.312855 0.708667 1.197980 1.817831 0.945824 1.787634
1.680804 1.319196 0.319196 0.680804 1.550329 1.081910 0.198960 1.322854 0.048469 0.470757 1.374998 0.833828 1.911050 1.158983 1.508633 1.657567 1.829078 0.686563 1.044622 0.619776 1.787474 0.000000 0.868692 0.266107 0.978153 0.346413 0.658491 1.302442 0.864353 0.474619 1.503859 1.014546 0.030357 0.841650 0.424892
0.812112 1.812112 1.187888 0.187888 0.681636 0.213217 1.067653 1.808454 0.820223 1.339449 1.756310 0.034865 1.042357 1.972325 0.639941 1.473741 1.302230 0.182129 0.175930 0.248917 1.343834 0.868692 0.000000 1.134800 0.109460 0.522279 1.527184 0.433750 0.004339 1.343311 0.635167 0.145854 0.838336 1.710342 0.443800
1.946912 1.053088 0.053088 0.946912 1.816436 1.348017 0.067147 1.056746 0.314577 0.204649 1.108890 1.099935 1.822843 0.892875 1.774741 1.391459 1.562971 0.952670 1.310729 0.885883 1.521367 0.266107 1.134800 0.000000 1.244260 0.612521 0.392384 1.568550 1.130461 0.208512 1.769967 1.280654 0.296464 0.575542 0.691000
0.702652 1.702652 1.297348 0.297348 0.572176 0.103757 1.177113 1.698994 0.929683 1.448909 1.646850 0.144325 0.932897 1.862865 0.530481 1.364281 1.192770 0.291589 0.066469 0.358377 1.234374 0.978153 0.109460 1.244260 0.000000 0.631739 1.636644 0.324290 0.113799 1.452771 0.525707 0.036394 0.947796 1.819802 0.553260
1.334391 1.665609 0.665609 0.334391 1.203915 0.735496 0.545374 1.669267 0.297944 0.817170 1.721411 0.487414 1.564636 1.505396 1.162220 1.996020 1.824509 0.340150 0.698209 0.273362 1.866113 0.346413 0.522279 0.612521 0.631739 0.000000 1.004905 0.956029 0.517940 0.821032 1.157446 0.668133 0.316057 1.188063 0.078479
1.660705 0.660705 0.339295 1.339295 1.791180 1.740401 0.459531 0.664363 0.706961 0.187734 0.716506 1.492319 1.430459 0.500491 1.832875 0.999075 1.170587 1.345054 1.703113 1.278267 1.128983 0.658491 1.527184 0.392384 1.636644 1.004905 0.000000 1.960933 1.522844 0.183872 1.837649 1.673038 0.688848 0.183159 1.083383
0.378362 1.378362 1.621638 0.621638 0.247887 0.220532 1.501403 1.374704 1.253973 1.773199 1.322560 0.468614 0.608608 1.538575 0.206191 1.039991 0.868480 0.615879 0.257820 0.682667 0.910084 1.302442 0.433750 1.568550 0.324290 0.956029 1.960933 0.000000 0.438089 1.777061 0.201417 0.287896 1.272085 1.855908 0.877550
0.816451 1.816451 1.183549 0.183549 0.685976 0.217557 1.063314 1.812793 0.815884 1.335110 1.760649 0.030525 1.046697 1.976664 0.644280 1.478080 1.306569 0.177790 0.180269 0.244578 1.348173 0.864353 0.004339 1.130461 0.113799 0.517940 1.522844 0.438089 0.000000 1.338972 0.639506 0.150193 0.833996 1.706003 0.439461
1.844577 0.844577 0.155423 1.155423 1.975052 1.556529 0.275658 0.848235 0.523088 0.003862 0.900379 1.308447 1.614331 0.684364 1.983252 1.182948 1.354459 1.161182 1.519241 1.094394 1.312855 0.474619 1.343311 0.208512 1.452771 0.821032 0.183872 1.777061 1.338972 0.000000 1.978478 1.489165 0.504976 0.367031 0.899511
0.176945 1.176945 1.823055 0.823055 0.046469 0.421950 1.702820 1.173287 1.455390 1.974616 1.121143 0.670032 0.407190 1.337158 0.004774 0.838574 0.667063 0.817296 0.459237 0.884084 0.708667 1.503859 0.635167 1.769967 0.525707 1.157446 1.837649 0.201417 0.639506 1.978478 0.000000 0.489313 1.473503 1.654491 1.078967
0.666258 1.666258 1.333742 0.333742 0.535782 0.067363 1.213507 1.662600 0.966077 1.485303 1.610456 0.180719 0.896503 1.826471 0.494087 1.327887 1.156376 0.327983 0.030076 0.394771 1.197980 1.014546 0.145854 1.280654 0.036394 0.668133 1.673038 0.287896 0.150193 1.489165 0.489313 0.000000 0.984190 1.856196 0.589654
1.650447 1.349553 0.349553 0.650447 1.519972 1.051553 0.229317 1.353211 0.018113 0.501114 1.405354 0.803471 1.880693 1.189339 1.478277 1.687923 1.859435 0.656206 1.014265 0.589419 1.817831 0.030357 0.838336 0.296464 0.947796 0.316057 0.688848 1.272085 0.833996 0.504976 1.473503 0.984190 0.000000 0.872006 0.394536
1.477546 0.477546 0.522454 1.522454 1.608021 1.923559 0.642689 0.481204 0.890119 0.370893 0.533348 1.675477 1.247301 0.317333 1.649717 0.815917 0.987428 1.528213 1.886272 1.461425 0.945824 0.841650 1.710342 0.575542 1.819802 1.188063 0.183159 1.855908 1.706003 0.367031 1.654491 1.856196 0.872006 0.000000 1.266542
1.255912 1.744088 0.744088 0.255912 1.125437 0.657017 0.623853 1.747746 0.376423 0.895649 1.799890 0.408935 1.486157 1.583875 1.083741 1.917541 1.746030 0.261671 0.619730 0.194883 1.787634 0.424892 0.443800 0.691000 0.553260 0.078479 1.083383 0.877550 0.439461 0.899511 1.078967 0.589654 0.394536 1.266542 0.000000
