30
0.000000 1.000000 2.000000 1.000000 1.380405 0.644305 0.101248 0.732080 0.554144 0.612462 1.109412 0.105202 1.150778 0.408815 0.518955 1.234266 0.452600 0.922015 1.586979 0.123468 1.907344 0.996583 1.155720 0.989796 1.407062 0.689818 0.242088 0.436170 0.753388 0.316153
1.000000 0.000000 1.000000 2.000000 1.619595 0.355695 1.101248 0.267920 0.445856 1.612462 1.890588 0.894798 0.150778 0.591185 1.518955 0.234266 0.547400 1.922015 0.586979 1.123468 0.907344 0.003417 1.844280 0.010204 1.592938 1.689818 0.757912 0.563830 0.246612 1.316153
2.000000 1.000000 0.000000 1.000000 0.619595 1.355695 1.898752 1.267920 1.445856 1.387538 0.890588 1.894798 0.849222 1.591185 1.481045 0.765734 1.547400 1.077985 0.413021 1.876532 0.092656 1.003417 0.844280 1.010204 0.592938 1.310182 1.757912 1.563830 1.246612 1.683847
1.000000 2.000000 1.000000 0.000000 0.380405 1.644305 0.898752 1.732080 1.554144 0.387538 0.109412 1.105202 1.849222 1.408815 0.481045 1.765734 1.452600 0.077985 1.413021 0.876532 1.092656 1.996583 0.155720 1.989796 0.407062 0.310182 1.242088 1.436170 1.753388 0.683847
1.380405 1.619595 0.619595 0.380405 0.000000 1.975290 1.279157 1.887515 1.934549 0.767943 0.270993 1.485607 1.468817 1.789219 0.861450 1.385329 1.833005 0.458390 1.032616 1.256937 0.712251 1.623012 0.224685 1.629799 0.026658 0.690587 1.622493 1.816575 1.866207 1.064252
0.644305 0.355695 1.355695 1.644305 1.975290 0.000000 0.745553 0.087775 0.090161 1.256767 1.753718 0.539103 0.506473 0.235491 1.163261 0.589961 0.191705 1.566321 0.942674 0.767773 1.263039 0.352277 1.800026 0.345490 1.948632 1.334124 0.402217 0.208135 0.109083 0.960459
0.101248 1.101248 1.898752 0.898752 1.279157 0.745553 0.000000 0.833328 0.655392 0.511214 1.008164 0.206450 1.252026 0.510062 0.417708 1.335514 0.553848 0.820767 1.688227 0.022220 1.991408 1.097831 1.054472 1.091044 1.305815 0.588571 0.343336 0.537418 0.854636 0.214905
0.732080 0.267920 1.267920 1.732080 1.887515 0.087775 0.833328 0.000000 0.177936 1.344542 1.841492 0.626878 0.418698 0.323266 1.251036 0.502186 0.279480 1.654096 0.854899 0.855548 1.175264 0.264502 1.887801 0.257716 1.860857 1.421899 0.489992 0.295910 0.021308 1.048233
0.554144 0.445856 1.445856 1.554144 1.934549 0.090161 0.655392 0.177936 0.000000 1.166606 1.663556 0.448942 0.596634 0.145330 1.073100 0.680122 0.101544 1.476160 1.032835 0.677612 1.353200 0.442438 1.709865 0.435652 1.961207 1.243963 0.312056 0.117974 0.199244 0.870297
0.612462 1.612462 1.387538 0.387538 0.767943 1.256767 0.511214 1.344542 1.166606 0.000000 0.496950 0.717664 1.763240 1.021276 0.093506 1.846728 1.065062 0.309554 1.800559 0.488994 1.480194 1.609045 0.543259 1.602258 0.794601 0.077357 0.854550 1.048632 1.365850 0.296309
1.109412 1.890588 0.890588 0.109412 0.270993 1.753718 1.008164 1.841492 1.663556 0.496950 0.000000 1.214615 1.739810 1.518227 0.590457 1.656322 1.562012 0.187397 1.303609 0.985944 0.983244 1.894005 0.046308 1.900792 0.297650 0.419594 1.351500 1.545582 1.862800 0.793259
0.105202 0.894798 1.894798 1.105202 1.485607 0.539103 0.206450 0.626878 0.448942 0.717664 1.214615 0.000000 1.045576 0.303612 0.624158 1.129064 0.347398 1.027218 1.481777 0.228670 1.802142 0.891380 1.260923 0.884593 1.512265 0.795021 0.136886 0.330968 0.648186 0.421356
1.150778 0.150778 0.849222 1.849222 1.468817 0.506473 1.252026 0.418698 0.596634 1.763240 1.739810 1.045576 0.000000 0.741963 1.669733 0.083488 0.698178 1.927207 0.436201 1.274246 0.756566 0.154195 1.693502 0.160982 1.442160 1.840596 0.908690 0.714608 0.397390 1.466931
0.408815 0.591185 1.591185 1.408815 1.789219 0.235491 0.510062 0.323266 0.145330 1.021276 1.518227 0.303612 0.741963 0.000000 0.927770 0.825452 0.043786 1.330830 1.178165 0.532282 1.498529 0.587768 1.564535 0.580981 1.815877 1.098633 0.166726 0.027356 0.344573 0.724968
0.518955 1.518955 1.481045 0.481045 0.861450 1.163261 0.417708 1.251036 1.073100 0.093506 0.590457 0.624158 1.669733 0.927770 0.000000 1.753222 0.971556 0.403060 1.894065 0.395488 1.573701 1.515538 0.636765 1.508751 0.888107 0.170863 0.761044 0.955126 1.272343 0.202802
1.234266 0.234266 0.765734 1.765734 1.385329 0.589961 1.335514 0.502186 0.680122 1.846728 1.656322 1.129064 0.083488 0.825452 1.753222 0.000000 0.781666 1.843718 0.352713 1.357734 0.673078 0.237684 1.610013 0.244470 1.358671 1.924085 0.992178 0.798096 0.480878 1.550419
0.452600 0.547400 1.547400 1.452600 1.833005 0.191705 0.553848 0.279480 0.101544 1.065062 1.562012 0.347398 0.698178 0.043786 0.971556 0.781666 0.000000 1.374616 1.134379 0.576068 1.454744 0.543983 1.608321 0.537196 1.859663 1.142419 0.210512 0.016430 0.300788 0.768753
0.922015 1.922015 1.077985 0.077985 0.458390 1.566321 0.820767 1.654096 1.476160 0.309554 0.187397 1.027218 1.927207 1.330830 0.403060 1.843718 1.374616 0.000000 1.491005 0.798548 1.170641 1.918598 0.233705 1.911811 0.485047 0.232197 1.164103 1.358186 1.675403 0.605862
1.586979 0.586979 0.413021 1.413021 1.032616 0.942674 1.688227 0.854899 1.032835 1.800559 1.303609 1.481777 0.436201 1.178165 1.894065 0.352713 1.134379 1.491005 0.000000 1.710447 0.320365 0.590397 1.257300 0.597183 1.005958 1.723202 1.344891 1.150809 0.833591 1.903132
0.123468 1.123468 1.876532 0.876532 1.256937 0.767773 0.022220 0.855548 0.677612 0.488994 0.985944 0.228670 1.274246 0.532282 0.395488 1.357734 0.576068 0.798548 1.710447 0.000000 1.969188 1.120050 1.032253 1.113264 1.283595 0.566351 0.365556 0.559638 0.876856 0.192685
1.907344 0.907344 0.092656 1.092656 0.712251 1.263039 1.991408 1.175264 1.353200 1.480194 0.983244 1.802142 0.756566 1.498529 1.573701 0.673078 1.454744 1.170641 0.320365 1.969188 0.000000 0.910761 0.936936 0.917548 0.685594 1.402838 1.665256 1.471174 1.153956 1.776503
0.996583 0.003417 1.003417 1.996583 1.623012 0.352277 1.097831 0.264502 0.442438 1.609045 1.894005 0.891380 0.154195 0.587768 1.515538 0.237684 0.543983 1.918598 0.590397 1.120050 0.910761 0.000000 1.847697 0.006787 1.596355 1.686401 0.754495 0.560413 0.243195 1.312736
1.155720 1.844280 0.844280 0.155720 0.224685 1.800026 1.054472 1.887801 1.709865 0.543259 0.046308 1.260923 1.693502 1.564535 0.636765 1.610013 1.608321 0.233705 1.257300 1.032253 0.936936 1.847697 0.000000 1.854484 0.251342 0.465902 1.397808 1.591890 1.909108 0.839567
0.989796 0.010204 1.010204 1.989796 1.629799 0.345490 1.091044 0.257716 0.435652 1.602258 1.900792 0.884593 0.160982 0.580981 1.508751 0.244470 0.537196 1.911811 0.597183 1.113264 0.917548 0.006787 1.854484 0.000000 1.603142 1.679614 0.747708 0.553626 0.236408 1.305949
1.407062 1.592938 0.592938 0.407062 0.026658 1.948632 1.305815 1.860857 1.961207 0.794601 0.297650 1.512265 1.442160 1.815877 0.888107 1.358671 1.859663 0.485047 1.005958 1.283595 0.685594 1.596355 0.251342 1.603142 0.000000 0.717244 1.649151 1.843233 1.839549 1.090909
0.689818 1.689818 1.310182 0.310182 0.690587 1.334124 0.588571 1.421899 1.243963 0.077357 0.419594 0.795021 1.840596 1.098633 0.170863 1.924085 1.142419 0.232197 1.723202 0.566351 1.402838 1.686401 0.465902 1.679614 0.717244 0.000000 0.931907 1.125989 1.443206 0.373665
0.242088 0.757912 1.757912 1.242088 1.622493 0.402217 0.343336 0.489992 0.312056 0.854550 1.351500 0.136886 0.908690 0.166726 0.761044 0.992178 0.210512 1.164103 1.344891 0.365556 1.665256 0.754495 1.397808 0.747708 1.649151 0.931907 0.000000 0.194082 0.511300 0.558241
0.436170 0.563830 1.563830 1.436170 1.816575 0.208135 0.537418 0.295910 0.117974 1.048632 1.545582 0.330968 0.714608 0.027356 0.955126 0.798096 0.016430 1.358186 1.150809 0.559638 1.471174 0.560413 1.591890 0.553626 1.843233 1.125989 0.194082 0.000000 0.317218 0.752323
0.753388 0.246612 1.246612 1.753388 1.866207 0.109083 0.854636 0.021308 0.199244 1.365850 1.862800 0.648186 0.397390 0.344573 1.272343 0.480878 0.300788 1.675403 0.833591 0.876856 1.153956 0.243195 1.909108 0.236408 1.839549 1.443206 0.511300 0.317218 0.000000 1.069541
0.316153 1.316153 1.683847 0.683847 1.064252 0.960459 0.214905 1.048233 0.870297 0.296309 0.793259 0.421356 1.466931 0.724968 0.202802 1.550419 0.768753 0.605862 1.903132 0.192685 1.776503 1.312736 0.839567 1.305949 1.090909 0.373665 0.558241 0.752323 1.069541 0.000000
