25
0.000000 1.000000 2.000000 1.000000 0.915011 0.816161 1.408222 1.865511 0.634449 0.131878 0.528301 0.397075 1.268723 0.642004 0.517876 0.292744 0.696733 0.523520 0.514226 1.921495 1.231265 1.792674 0.563479 1.251120 1.507750
1.000000 0.000000 1.000000 2.000000 1.915011 1.816161 1.591778 0.865511 1.634449 1.131878 0.471699 1.397075 0.268723 1.642004 1.517876 0.707256 0.303267 0.476480 0.485774 1.078505 0.231265 1.207326 1.563479 1.748880 0.507750
2.000000 1.000000 0.000000 1.000000 1.084989 1.183839 0.591778 0.134489 1.365551 1.868122 1.471699 1.602925 0.731277 1.357996 1.482124 1.707256 1.303267 1.476480 1.485774 0.078505 0.768735 0.207326 1.436521 0.748880 0.492250
1.000000 2.000000 1.000000 0.000000 0.084989 0.183839 0.408222 1.134489 0.365551 0.868122 1.528301 0.602925 1.731277 0.357996 0.482124 1.292744 1.696733 1.523520 1.514226 0.921495 1.768735 0.792674 0.436521 0.251120 1.492250
0.915011 1.915011 1.084989 0.084989 0.000000 0.098850 0.493211 1.219478 0.280562 0.783133 1.443312 0.517936 1.816266 0.273007 0.397135 1.207756 1.611744 1.438531 1.429237 1.006484 1.853724 0.877663 0.351533 0.336109 1.577238
0.816161 1.816161 1.183839 0.183839 0.098850 0.000000 0.592061 1.318328 0.181712 0.684283 1.344462 0.419086 1.915116 0.174157 0.298285 1.108905 1.512894 1.339681 1.330387 1.105334 1.952574 0.976513 0.252682 0.434959 1.676089
1.408222 1.591778 0.591778 0.408222 0.493211 0.592061 0.000000 0.726267 0.773773 1.276344 1.936523 1.011147 1.323055 0.766217 0.890346 1.700966 1.895046 1.931742 1.922447 0.513273 1.360513 0.384452 0.844743 0.157102 1.084028
1.865511 0.865511 0.134489 1.134489 1.219478 1.318328 0.726267 0.000000 1.500040 1.997389 1.337210 1.737414 0.596788 1.492485 1.616613 1.572767 1.168778 1.341991 1.351285 0.212994 0.634246 0.341815 1.571010 0.883369 0.357761
0.634449 1.634449 1.365551 0.365551 0.280562 0.181712 0.773773 1.500040 0.000000 0.502571 1.162750 0.237374 1.903172 0.007555 0.116573 0.927193 1.331182 1.157969 1.148675 1.287046 1.865714 1.158225 0.070970 0.616671 1.857801
0.131878 1.131878 1.868122 0.868122 0.783133 0.684283 1.276344 1.997389 0.502571 0.000000 0.660179 0.265197 1.400601 0.510127 0.385998 0.424622 0.828611 0.655398 0.646104 1.789617 1.363143 1.660796 0.431601 1.119242 1.639628
0.528301 0.471699 1.471699 1.528301 1.443312 1.344462 1.936523 1.337210 1.162750 0.660179 0.000000 0.925376 0.740422 1.170305 1.046177 0.235557 0.168432 0.004781 0.014075 1.550204 0.702964 1.679025 1.091780 1.779421 0.979449
0.397075 1.397075 1.602925 0.602925 0.517936 0.419086 1.011147 1.737414 0.237374 0.265197 0.925376 0.000000 1.665798 0.244929 0.120801 0.689820 1.093808 0.920595 0.911301 1.524419 1.628340 1.395599 0.166403 0.854045 1.904826
1.268723 0.268723 0.731277 1.731277 1.816266 1.915116 1.323055 0.596788 1.903172 1.400601 0.740422 1.665798 0.000000 1.910727 1.786599 0.975979 0.571990 0.745203 0.754497 0.809782 0.037458 0.938603 1.832202 1.480157 0.239027
0.642004 1.642004 1.357996 0.357996 0.273007 0.174157 0.766217 1.492485 0.007555 0.510127 1.170305 0.244929 1.910727 0.000000 0.124128 0.934749 1.338737 1.165524 1.156230 1.279490 1.873269 1.150670 0.078526 0.609116 1.850245
0.517876 1.517876 1.482124 0.482124 0.397135 0.298285 0.890346 1.616613 0.116573 0.385998 1.046177 0.120801 1.786599 0.124128 0.000000 0.810621 1.214609 1.041396 1.032102 1.403619 1.749141 1.274798 0.045602 0.733244 1.974373
0.292744 0.707256 1.707256 1.292744 1.207756 1.108905 1.700966 1.572767 0.927193 0.424622 0.235557 0.689820 0.975979 0.934749 0.810621 0.000000 0.403988 0.230776 0.221481 1.785761 0.938521 1.914582 0.856223 1.543865 1.215006
0.696733 0.303267 1.303267 1.696733 1.611744 1.512894 1.895046 1.168778 1.331182 0.828611 0.168432 1.093808 0.571990 1.338737 1.214609 0.403988 0.000000 0.173213 0.182507 1.381773 0.534532 1.510593 1.260211 1.947853 0.811018
0.523520 0.476480 1.476480 1.523520 1.438531 1.339681 1.931742 1.341991 1.157969 0.655398 0.004781 0.920595 0.745203 1.165524 1.041396 0.230776 0.173213 0.000000 0.009294 1.554985 0.707745 1.683806 1.086999 1.774640 0.984230
0.514226 0.485774 1.485774 1.514226 1.429237 1.330387 1.922447 1.351285 1.148675 0.646104 0.014075 0.911301 0.754497 1.156230 1.032102 0.221481 0.182507 0.009294 0.000000 1.564280 0.717039 1.693100 1.077704 1.765346 0.993525
1.921495 1.078505 0.078505 0.921495 1.006484 1.105334 0.513273 0.212994 1.287046 1.789617 1.550204 1.524419 0.809782 1.279490 1.403619 1.785761 1.381773 1.554985 1.564280 0.000000 0.847240 0.128821 1.358016 0.670375 0.570755
1.231265 0.231265 0.768735 1.768735 1.853724 1.952574 1.360513 0.634246 1.865714 1.363143 0.702964 1.628340 0.037458 1.873269 1.749141 0.938521 0.534532 0.707745 0.717039 0.847240 0.000000 0.976061 1.794744 1.517615 0.276485
1.792674 1.207326 0.207326 0.792674 0.877663 0.976513 0.384452 0.341815 1.158225 1.660796 1.679025 1.395599 0.938603 1.150670 1.274798 1.914582 1.510593 1.683806 1.693100 0.128821 0.976061 0.000000 1.229195 0.541554 0.699576
0.563479 1.563479 1.436521 0.436521 0.351533 0.252682 0.844743 1.571010 0.070970 0.431601 1.091780 0.166403 1.832202 0.078526 0.045602 0.856223 1.260211 1.086999 1.077704 1.358016 1.794744 1.229195 0.000000 0.687642 1.928771
1.251120 1.748880 0.748880 0.251120 0.336109 0.434959 0.157102 0.883369 0.616671 1.119242 1.779421 0.854045 1.480157 0.609116 0.733244 1.543865 1.947853 1.774640 1.765346 0.670375 1.517615 0.541554 0.687642 0.000000 1.241129
1.507750 0.507750 0.492250 1.492250 1.577238 1.676089 1.084028 0.357761 1.857801 1.639628 0.979449 1.904826 0.239027 1.850245 1.974373 1.215006 0.811018 0.984230 0.993525 0.570755 0.276485 0.699576 1.928771 1.241129 0.000000
