35
0.000000 1.000000 2.000000 1.000000 1.435566 1.722838 0.243950 0.436888 0.159609 1.513469 0.345839 1.334711 0.573657 1.520773 1.081321 0.165677 1.641529 1.847184 0.274360 1.061070 0.242819 1.726236 1.439948 1.836211 1.166472 1.567602 0.349193 1.551645 1.205720 0.645856 1.850012 0.290545 0.649524 0.718385 1.751187
1.000000 0.000000 1.000000 2.000000 1.564434 0.722838 0.756050 1.436888 0.840391 1.486531 1.345839 0.334711 0.426343 1.479227 1.918679 0.834323 0.641529 1.152816 1.274360 1.938930 1.242819 0.726236 0.439948 1.163789 0.166472 1.432398 1.349193 0.551645 0.205720 1.645856 0.850012 0.709455 0.350476 0.281615 1.248813
2.000000 1.000000 0.000000 1.000000 0.564434 0.277162 1.756050 1.563112 1.840391 0.486531 1.654161 0.665289 1.426343 0.479227 0.918679 1.834323 0.358471 0.152816 1.725640 0.938930 1.757181 0.273764 0.560052 0.163789 0.833528 0.432398 1.650807 0.448355 0.794280 1.354144 0.149988 1.709455 1.350476 1.281615 0.248813
1.000000 2.000000 1.000000 0.000000 0.435566 1.277162 1.243950 0.563112 1.159609 0.513469 0.654161 1.665289 1.573657 0.520773 0.081321 1.165677 1.358471 0.847184 0.725640 0.061070 0.757181 1.273764 1.560052 0.836211 1.833528 0.567602 0.650807 1.448355 1.794280 0.354144 1.149988 1.290545 1.649524 1.718385 0.751187
1.435566 1.564434 0.564434 0.435566 0.000000 0.841596 1.679516 0.998677 1.595175 0.077903 1.089726 1.229723 1.990777 0.085207 0.354244 1.601243 0.922906 0.411619 1.161206 0.374496 1.192747 0.838198 1.124486 0.400645 1.397962 0.132036 1.086373 1.012790 1.358715 0.789710 0.714422 1.726111 1.914911 1.846049 0.315622
1.722838 0.722838 0.277162 1.277162 0.841596 0.000000 1.478888 1.840274 1.563229 0.763693 1.931323 0.388127 1.149181 0.756389 1.195841 1.557161 0.081309 0.429978 1.997198 1.216092 1.965657 0.003398 0.282890 0.440951 0.556366 0.709560 1.927969 0.171193 0.517118 1.631306 0.127174 1.432293 1.073314 1.004453 0.525975
0.243950 0.756050 1.756050 1.243950 1.679516 1.478888 0.000000 0.680838 0.084341 1.757419 0.589789 1.090761 0.329707 1.764723 1.325271 0.078272 1.397579 1.908866 0.518310 1.305020 0.486769 1.482286 1.195998 1.919839 0.922522 1.811552 0.593143 1.307695 0.961770 0.889805 1.606062 0.046595 0.405574 0.474435 1.995137
0.436888 1.436888 1.563112 0.563112 0.998677 1.840274 0.680838 0.000000 0.596498 1.076581 0.091049 1.771600 1.010546 1.083884 0.644433 0.602566 1.921583 1.410296 0.162528 0.624181 0.194069 1.836875 1.876836 1.399323 1.603360 1.130713 0.087695 1.988533 1.642608 0.208967 1.713099 0.727434 1.086412 1.155274 1.314299
0.159609 0.840391 1.840391 1.159609 1.595175 1.563229 0.084341 0.596498 0.000000 1.673078 0.505449 1.175102 0.414048 1.680382 1.240930 0.006068 1.481920 1.993207 0.433969 1.220679 0.402428 1.566627 1.280339 1.995820 1.006863 1.727211 0.508802 1.392035 1.046110 0.805465 1.690403 0.130936 0.489914 0.558776 1.910797
1.513469 1.486531 0.486531 0.513469 0.077903 0.763693 1.757419 1.076581 1.673078 0.000000 1.167630 1.151820 1.912874 0.007304 0.432148 1.679146 0.845002 0.333715 1.239109 0.452399 1.270650 0.760295 1.046583 0.322742 1.320059 0.054133 1.164276 0.934886 1.280811 0.867613 0.636519 1.804014 1.837007 1.768146 0.237718
0.345839 1.345839 1.654161 0.654161 1.089726 1.931323 0.589789 0.091049 0.505449 1.167630 0.000000 1.680551 0.919497 1.174934 0.735482 0.511517 1.987368 1.501345 0.071479 0.715230 0.103020 1.927924 1.785787 1.490372 1.512311 1.221762 0.003354 1.897484 1.551559 0.300016 1.804148 0.636384 0.995363 1.064224 1.405348
1.334711 0.334711 0.665289 1.665289 1.229723 0.388127 1.090761 1.771600 1.175102 1.151820 1.680551 0.000000 0.761054 1.144516 1.583967 1.169034 0.306817 0.818104 1.609071 1.604219 1.577531 0.391525 0.105237 0.829078 0.168239 1.097687 1.683904 0.216933 0.128992 1.980567 0.515301 1.044166 0.685188 0.616326 0.914101
0.573657 0.426343 1.426343 1.573657 1.990777 1.149181 0.329707 1.010546 0.414048 1.912874 0.919497 0.761054 0.000000 1.905570 1.654979 0.407980 1.067871 1.579158 0.848017 1.634727 0.816476 1.152579 0.866291 1.590132 0.592815 1.858741 0.922850 0.977987 0.632062 1.219513 1.276355 0.283112 0.075866 0.144728 1.675155
1.520773 1.479227 0.479227 0.520773 0.085207 0.756389 1.764723 1.083884 1.680382 0.007304 1.174934 1.144516 1.905570 0.000000 0.439452 1.686450 0.837698 0.326411 1.246413 0.459703 1.277954 0.752991 1.039279 0.315438 1.312755 0.046829 1.171580 0.927583 1.273508 0.874917 0.629215 1.811318 1.829703 1.760842 0.230415
1.081321 1.918679 0.918679 0.081321 0.354244 1.195841 1.325271 0.644433 1.240930 0.432148 0.735482 1.583967 1.654979 0.439452 0.000000 1.246999 1.277150 0.765863 0.806961 0.020251 0.838502 1.192443 1.478731 0.754890 1.752207 0.486280 0.732128 1.367034 1.712959 0.435466 1.068666 1.371866 1.730845 1.799706 0.669866
0.165677 0.834323 1.834323 1.165677 1.601243 1.557161 0.078272 0.602566 0.006068 1.679146 0.511517 1.169034 0.407980 1.686450 1.246999 0.000000 1.475851 1.987138 0.440037 1.226747 0.408497 1.560559 1.274271 1.998111 1.000795 1.733279 0.514871 1.385967 1.040042 0.811533 1.684335 0.124868 0.483846 0.552708 1.916865
1.641529 0.641529 0.358471 1.358471 0.922906 0.081309 1.397579 1.921583 1.481920 0.845002 1.987368 0.306817 1.067871 0.837698 1.277150 1.475851 0.000000 0.511287 1.915889 1.297401 1.884348 0.084707 0.201581 0.522260 0.475057 0.790870 1.990722 0.089884 0.435809 1.712616 0.208484 1.350984 0.992005 0.923144 0.607284
1.847184 1.152816 0.152816 0.847184 0.411619 0.429978 1.908866 1.410296 1.993207 0.333715 1.501345 0.818104 1.579158 0.326411 0.765863 1.987138 0.511287 0.000000 1.572824 0.786114 1.604365 0.426580 0.712868 0.010973 0.986344 0.279583 1.497991 0.601171 0.947096 1.201329 0.302803 1.862271 1.503292 1.434431 0.095997
0.274360 1.274360 1.725640 0.725640 1.161206 1.997198 0.518310 0.162528 0.433969 1.239109 0.071479 1.609071 0.848017 1.246413 0.806961 0.440037 1.915889 1.572824 0.000000 0.786710 0.031541 1.999404 1.714308 1.561851 1.440832 1.293242 0.074833 1.826004 1.480079 0.371496 1.875628 0.564905 0.923884 0.992745 1.476827
1.061070 1.938930 0.938930 0.061070 0.374496 1.216092 1.305020 0.624181 1.220679 0.452399 0.715230 1.604219 1.634727 0.459703 0.020251 1.226747 1.297401 0.786114 0.786710 0.000000 0.818251 1.212694 1.498982 0.775141 1.772458 0.506532 0.711877 1.387286 1.733211 0.415214 1.088918 1.351615 1.710593 1.779455 0.690118
0.242819 1.242819 1.757181 0.757181 1.192747 1.965657 0.486769 0.194069 0.402428 1.270650 0.103020 1.577531 0.816476 1.277954 0.838502 0.408497 1.884348 1.604365 0.031541 0.818251 0.000000 1.969055 1.682767 1.593392 1.409291 1.324783 0.106374 1.794464 1.448539 0.403036 1.907169 0.533364 0.892343 0.961204 1.508368
1.726236 0.726236 0.273764 1.273764 0.838198 0.003398 1.482286 1.836875 1.566627 0.760295 1.927924 0.391525 1.152579 0.752991 1.192443 1.560559 0.084707 0.426580 1.999404 1.212694 1.969055 0.000000 0.286288 0.437553 0.559764 0.706162 1.924571 0.174592 0.520517 1.627908 0.123776 1.435691 1.076712 1.007851 0.522576
1.439948 0.439948 0.560052 1.560052 1.124486 0.282890 1.195998 1.876836 1.280339 1.046583 1.785787 0.105237 0.866291 1.039279 1.478731 1.274271 0.201581 0.712868 1.714308 1.498982 1.682767 0.286288 0.000000 0.723841 0.273476 0.992450 1.789141 0.111696 0.234229 1.914196 0.410064 1.149403 0.790424 0.721563 0.808865
1.836211 1.163789 0.163789 0.836211 0.400645 0.440951 1.919839 1.399323 1.995820 0.322742 1.490372 0.829078 1.590132 0.315438 0.754890 1.998111 0.522260 0.010973 1.561851 0.775141 1.593392 0.437553 0.723841 0.000000 0.997317 0.268609 1.487018 0.612144 0.958069 1.190356 0.313777 1.873244 1.514265 1.445404 0.085024
1.166472 0.166472 0.833528 1.833528 1.397962 0.556366 0.922522 1.603360 1.006863 1.320059 1.512311 0.168239 0.592815 1.312755 1.752207 1.000795 0.475057 0.986344 1.440832 1.772458 1.409291 0.559764 0.273476 0.997317 0.000000 1.265926 1.515665 0.385173 0.039248 1.812328 0.683540 0.875927 0.516948 0.448087 1.082341
1.567602 1.432398 0.432398 0.567602 0.132036 0.709560 1.811552 1.130713 1.727211 0.054133 1.221762 1.097687 1.858741 0.046829 0.486280 1.733279 0.790870 0.279583 1.293242 0.506532 1.324783 0.706162 0.992450 0.268609 1.265926 0.000000 1.218409 0.880754 1.226679 0.921746 0.582386 1.858147 1.782875 1.714013 0.183586
0.349193 1.349193 1.650807 0.650807 1.086373 1.927969 0.593143 0.087695 0.508802 1.164276 0.003354 1.683904 0.922850 1.171580 0.732128 0.514871 1.990722 1.497991 0.074833 0.711877 0.106374 1.924571 1.789141 1.487018 1.515665 1.218409 0.000000 1.900838 1.554913 0.296662 1.800795 0.639738 0.998717 1.067578 1.401994
1.551645 0.551645 0.448355 1.448355 1.012790 0.171193 1.307695 1.988533 1.392035 0.934886 1.897484 0.216933 0.977987 0.927583 1.367034 1.385967 0.089884 0.601171 1.826004 1.387286 1.794464 0.174592 0.111696 0.612144 0.385173 0.880754 1.900838 0.000000 0.345925 1.802500 0.298368 1.261099 0.902121 0.833259 0.697168
1.205720 0.205720 0.794280 1.794280 1.358715 0.517118 0.961770 1.642608 1.046110 1.280811 1.551559 0.128992 0.632062 1.273508 1.712959 1.040042 0.435809 0.947096 1.480079 1.733211 1.448539 0.520517 0.234229 0.958069 0.039248 1.226679 1.554913 0.345925 0.000000 1.851575 0.644293 0.915174 0.556196 0.487334 1.043093
0.645856 1.645856 1.354144 0.354144 0.789710 1.631306 0.889805 0.208967 0.805465 0.867613 0.300016 1.980567 1.219513 0.874917 0.435466 0.811533 1.712616 1.201329 0.371496 0.415214 0.403036 1.627908 1.914196 1.190356 1.812328 0.921746 0.296662 1.802500 1.851575 0.000000 1.504132 0.936401 1.295379 1.364241 1.105332
1.850012 0.850012 0.149988 1.149988 0.714422 0.127174 1.606062 1.713099 1.690403 0.636519 1.804148 0.515301 1.276355 0.629215 1.068666 1.684335 0.208484 0.302803 1.875628 1.088918 1.907169 0.123776 0.410064 0.313777 0.683540 0.582386 1.800795 0.298368 0.644293 1.504132 0.000000 1.559467 1.200489 1.131627 0.398800
0.290545 0.709455 1.709455 1.290545 1.726111 1.432293 0.046595 0.727434 0.130936 1.804014 0.636384 1.044166 0.283112 1.811318 1.371866 0.124868 1.350984 1.862271 0.564905 1.351615 0.533364 1.435691 1.149403 1.873244 0.875927 1.858147 0.639738 1.261099 0.915174 0.936401 1.559467 0.000000 0.358979 0.427840 1.958267
0.649524 0.350476 1.350476 1.649524 1.914911 1.073314 0.405574 1.086412 0.489914 1.837007 0.995363 0.685188 0.075866 1.829703 1.730845 0.483846 0.992005 1.503292 0.923884 1.710593 0.892343 1.076712 0.790424 1.514265 0.516948 1.782875 0.998717 0.902121 0.556196 1.295379 1.200489 0.358979 0.000000 0.068861 1.599289
0.718385 0.281615 1.281615 1.718385 1.846049 1.004453 0.474435 1.155274 0.558776 1.768146 1.064224 0.616326 0.144728 1.760842 1.799706 0.552708 0.923144 1.434431 0.992745 1.779455 0.961204 1.007851 0.721563 1.445404 0.448087 1.714013 1.067578 0.833259 0.487334 1.364241 1.131627 0.427840 0.068861 0.000000 1.530427
1.751187 1.248813 0.248813 0.751187 0.315622 0.525975 1.995137 1.314299 1.910797 0.237718 1.405348 0.914101 1.675155 0.230415 0.669866 1.916865 0.607284 0.095997 1.476827 0.690118 1.508368 0.522576 0.808865 0.085024 1.082341 0.183586 1.401994 0.697168 1.043093 1.105332 0.398800 1.958267 1.599289 1.530427 0.000000
