35
0.000000 1.000000 2.000000 1.000000 0.833240 0.967695 1.793088 1.564758 0.628698 0.744095 1.562034 1.405723 0.648650 1.362263 1.109325 0.175071 0.156268 1.100595 1.660565 0.338098 1.897211 1.518014 1.646318 0.759351 0.464796 0.325853 0.871538 1.356700 0.442502 0.046333 1.321575 1.750537 1.104863 1.034905 0.124986
1.000000 0.000000 1.000000 2.000000 0.166760 1.967695 1.206912 1.435242 1.628698 1.744095 0.562034 1.594277 1.648650 0.362263 0.109325 1.175071 1.156268 0.100595 1.339435 0.661902 1.102789 0.518014 1.353682 0.240649 0.535204 1.325853 1.871538 1.643300 1.442502 1.046333 1.678425 0.750537 0.104863 1.965095 1.124986
2.000000 1.000000 0.000000 1.000000 1.166760 1.032305 0.206912 0.435242 1.371302 1.255905 0.437966 0.594277 1.351350 0.637737 0.890675 1.824929 1.843732 0.899405 0.339435 1.661902 0.102789 0.481986 0.353682 1.240649 1.535204 1.674147 1.128462 0.643300 1.557498 1.953667 0.678425 0.249463 0.895137 0.965095 1.875014
1.000000 2.000000 1.000000 0.000000 1.833240 0.032305 0.793088 0.564758 0.371302 0.255905 1.437966 0.405723 0.351350 1.637737 1.890675 0.824929 0.843732 1.899405 0.660565 1.338098 0.897211 1.481986 0.646318 1.759351 1.464796 0.674147 0.128462 0.356700 0.557498 0.953667 0.321575 1.249463 1.895137 0.034905 0.875014
0.833240 0.166760 1.166760 1.833240 0.000000 1.800935 1.373672 1.602002 1.461938 1.577335 0.728794 1.761038 1.481889 0.529024 0.276085 1.008311 0.989508 0.267355 1.506195 0.495142 1.269549 0.684775 1.520443 0.073889 0.368444 1.159093 1.704778 1.810060 1.275742 0.879573 1.845185 0.917297 0.271623 1.868145 0.958226
0.967695 1.967695 1.032305 0.032305 1.800935 0.000000 0.825393 0.597063 0.338997 0.223600 1.470271 0.438027 0.319046 1.670041 1.922980 0.792625 0.811427 1.931709 0.692870 1.305794 0.929516 1.514290 0.678622 1.727046 1.432491 0.641843 0.096157 0.389005 0.525193 0.921362 0.353880 1.281767 1.927442 0.067210 0.842709
1.793088 1.206912 0.206912 0.793088 1.373672 0.825393 0.000000 0.228330 1.164390 1.048993 0.644878 0.387365 1.144438 0.844649 1.097587 1.618017 1.636820 1.106317 0.132523 1.868814 0.104123 0.688898 0.146770 1.447561 1.742116 1.467235 0.921550 0.436388 1.350586 1.746755 0.471513 0.456375 1.102049 0.758183 1.668102
1.564758 1.435242 0.435242 0.564758 1.602002 0.597063 0.228330 0.000000 0.936060 0.820663 0.873208 0.159036 0.916109 1.072978 1.325917 1.389688 1.408490 1.334647 0.095807 1.902856 0.332453 0.917227 0.081559 1.675891 1.970446 1.238906 0.693220 0.208058 1.122256 1.518425 0.243183 0.684705 1.330379 0.529853 1.439772
0.628698 1.628698 1.371302 0.371302 1.461938 0.338997 1.164390 0.936060 0.000000 0.115397 1.809268 0.777024 0.019951 1.990962 1.738023 0.453628 0.472430 1.729293 1.031867 0.966796 1.268513 1.853287 1.017619 1.388049 1.093494 0.302845 0.242840 0.728002 0.186196 0.582365 0.692877 1.620765 1.733561 0.406207 0.503712
0.744095 1.744095 1.255905 0.255905 1.577335 0.223600 1.048993 0.820663 0.115397 0.000000 1.693871 0.661628 0.095445 1.893642 1.853420 0.569024 0.587827 1.844690 0.916470 1.082193 1.153116 1.737891 0.902223 1.503446 1.208891 0.418242 0.127443 0.612605 0.301593 0.697762 0.577480 1.505368 1.848958 0.290811 0.619109
1.562034 0.562034 0.437966 1.437966 0.728794 1.470271 0.644878 0.873208 1.809268 1.693871 0.000000 1.032243 1.789316 0.199771 0.452709 1.737105 1.718302 0.461439 0.777401 1.223936 0.540755 0.044020 0.791648 0.802683 1.097238 1.887887 1.566428 1.081266 1.995464 1.608367 1.116391 0.188503 0.457171 1.403060 1.687020
1.405723 1.594277 0.594277 0.405723 1.761038 0.438027 0.387365 0.159036 0.777024 0.661628 1.032243 0.000000 0.757073 1.232014 1.484953 1.230652 1.249455 1.493682 0.254843 1.743821 0.491488 1.076263 0.240595 1.834927 1.870519 1.079870 0.534184 0.049023 0.963221 1.359389 0.084147 0.843740 1.489415 0.370817 1.280736
0.648650 1.648650 1.351350 0.351350 1.481889 0.319046 1.144438 0.916109 0.019951 0.095445 1.789316 0.757073 0.000000 1.989087 1.757974 0.473579 0.492382 1.749245 1.011916 0.986748 1.248561 1.833336 0.997668 1.408000 1.113446 0.322797 0.222889 0.708050 0.206148 0.602316 0.672926 1.600813 1.753512 0.386256 0.523663
1.362263 0.362263 0.637737 1.637737 0.529024 1.670041 0.844649 1.072978 1.990962 1.893642 0.199771 1.232014 1.989087 0.000000 0.252939 1.537334 1.518531 0.261668 0.977171 1.024165 0.740526 0.155751 0.991419 0.602913 0.897468 1.688116 1.766198 1.281037 1.804765 1.408597 1.316161 0.388274 0.257401 1.602831 1.487250
1.109325 0.109325 0.890675 1.890675 0.276085 1.922980 1.097587 1.325917 1.738023 1.853420 0.452709 1.484953 1.757974 0.252939 0.000000 1.284395 1.265593 0.008730 1.230110 0.771227 0.993464 0.408690 1.244358 0.349974 0.644529 1.435177 1.980863 1.533975 1.551827 1.155658 1.569100 0.641212 0.004462 1.855770 1.234311
0.175071 1.175071 1.824929 0.824929 1.008311 0.792625 1.618017 1.389688 0.453628 0.569024 1.737105 1.230652 0.473579 1.537334 1.284395 0.000000 0.018803 1.275666 1.485494 0.513169 1.722140 1.693085 1.471247 0.934421 0.639867 0.150782 0.696467 1.181629 0.267431 0.128737 1.146505 1.925608 1.279934 0.859835 0.050084
0.156268 1.156268 1.843732 0.843732 0.989508 0.811427 1.636820 1.408490 0.472430 0.587827 1.718302 1.249455 0.492382 1.518531 1.265593 0.018803 0.000000 1.256863 1.504297 0.494366 1.740943 1.674282 1.490050 0.915619 0.621064 0.169585 0.715270 1.200432 0.286234 0.109935 1.165307 1.906805 1.261131 0.878637 0.031282
1.100595 0.100595 0.899405 1.899405 0.267355 1.931709 1.106317 1.334647 1.729293 1.844690 0.461439 1.493682 1.749245 0.261668 0.008730 1.275666 1.256863 0.000000 1.238840 0.762497 1.002194 0.417419 1.253087 0.341245 0.635799 1.426448 1.972133 1.542705 1.543097 1.146929 1.577830 0.649942 0.004268 1.864499 1.225581
1.660565 1.339435 0.339435 0.660565 1.506195 0.692870 0.132523 0.095807 1.031867 0.916470 0.777401 0.254843 1.011916 0.977171 1.230110 1.485494 1.504297 1.238840 0.000000 1.998663 0.236646 0.821420 0.014248 1.580084 1.874639 1.334712 0.789027 0.303865 1.218063 1.614232 0.338990 0.588898 1.234572 0.625660 1.535579
0.338098 0.661902 1.661902 1.338098 0.495142 1.305794 1.868814 1.902856 0.966796 1.082193 1.223936 1.743821 0.986748 1.024165 0.771227 0.513169 0.494366 0.762497 1.998663 0.000000 1.764691 1.179916 1.984416 0.421252 0.126698 0.663951 1.209636 1.694798 0.780600 0.384432 1.659673 1.412439 0.766765 1.373004 0.463084
1.897211 1.102789 0.102789 0.897211 1.269549 0.929516 0.104123 0.332453 1.268513 1.153116 0.540755 0.491488 1.248561 0.740526 0.993464 1.722140 1.740943 1.002194 0.236646 1.764691 0.000000 0.584775 0.250893 1.343438 1.637993 1.571358 1.025673 0.540511 1.454709 1.850878 0.575636 0.352252 0.997926 0.862306 1.772225
1.518014 0.518014 0.481986 1.481986 0.684775 1.514290 0.688898 0.917227 1.853287 1.737891 0.044020 1.076263 1.833336 0.155751 0.408690 1.693085 1.674282 0.417419 0.821420 1.179916 0.584775 0.000000 0.835668 0.758664 1.053218 1.843867 1.610448 1.125286 1.960516 1.564348 1.160410 0.232523 0.413152 1.447080 1.643001
1.646318 1.353682 0.353682 0.646318 1.520443 0.678622 0.146770 0.081559 1.017619 0.902223 0.791648 0.240595 0.997668 0.991419 1.244358 1.471247 1.490050 1.253087 0.014248 1.984416 0.250893 0.835668 0.000000 1.594332 1.888887 1.320465 0.774779 0.289617 1.203815 1.599984 0.324742 0.603145 1.248820 0.611412 1.521331
0.759351 0.240649 1.240649 1.759351 0.073889 1.727046 1.447561 1.675891 1.388049 1.503446 0.802683 1.834927 1.408000 0.602913 0.349974 0.934421 0.915619 0.341245 1.580084 0.421252 1.343438 0.758664 1.594332 0.000000 0.294555 1.085203 1.630889 1.883949 1.201853 0.805684 1.919074 0.991187 0.345512 1.794256 0.884337
0.464796 0.535204 1.535204 1.464796 0.368444 1.432491 1.742116 1.970446 1.093494 1.208891 1.097238 1.870519 1.113446 0.897468 0.644529 0.639867 0.621064 0.635799 1.874639 0.126698 1.637993 1.053218 1.888887 0.294555 0.000000 0.790649 1.336334 1.821496 0.907298 0.511129 1.786371 1.285741 0.640067 1.499701 0.589782
0.325853 1.325853 1.674147 0.674147 1.159093 0.641843 1.467235 1.238906 0.302845 0.418242 1.887887 1.079870 0.322797 1.688116 1.435177 0.150782 0.169585 1.426448 1.334712 0.663951 1.571358 1.843867 1.320465 1.085203 0.790649 0.000000 0.545685 1.030847 0.116649 0.279519 0.995722 1.923610 1.430716 0.709053 0.200866
0.871538 1.871538 1.128462 0.128462 1.704778 0.096157 0.921550 0.693220 0.242840 0.127443 1.566428 0.534184 0.222889 1.766198 1.980863 0.696467 0.715270 1.972133 0.789027 1.209636 1.025673 1.610448 0.774779 1.630889 1.336334 0.545685 0.000000 0.485162 0.429036 0.825205 0.450037 1.377925 1.976401 0.163367 0.746552
1.356700 1.643300 0.643300 0.356700 1.810060 0.389005 0.436388 0.208058 0.728002 0.612605 1.081266 0.049023 0.708050 1.281037 1.533975 1.181629 1.200432 1.542705 0.303865 1.694798 0.540511 1.125286 0.289617 1.883949 1.821496 1.030847 0.485162 0.000000 0.914198 1.310367 0.035125 0.892763 1.538437 0.321795 1.231714
0.442502 1.442502 1.557498 0.557498 1.275742 0.525193 1.350586 1.122256 0.186196 0.301593 1.995464 0.963221 0.206148 1.804765 1.551827 0.267431 0.286234 1.543097 1.218063 0.780600 1.454709 1.960516 1.203815 1.201853 0.907298 0.116649 0.429036 0.914198 0.000000 0.396169 0.879073 1.806961 1.547365 0.592403 0.317516
0.046333 1.046333 1.953667 0.953667 0.879573 0.921362 1.746755 1.518425 0.582365 0.697762 1.608367 1.359389 0.602316 1.408597 1.155658 0.128737 0.109935 1.146929 1.614232 0.384432 1.850878 1.564348 1.599984 0.805684 0.511129 0.279519 0.825205 1.310367 0.396169 0.000000 1.275242 1.796871 1.151196 0.988572 0.078653
1.321575 1.678425 0.678425 0.321575 1.845185 0.353880 0.471513 0.243183 0.692877 0.577480 1.116391 0.084147 0.672926 1.316161 1.569100 1.146505 1.165307 1.577830 0.338990 1.659673 0.575636 1.160410 0.324742 1.919074 1.786371 0.995722 0.450037 0.035125 0.879073 1.275242 0.000000 0.927888 1.573562 0.286670 1.196589
1.750537 0.750537 0.249463 1.249463 0.917297 1.281767 0.456375 0.684705 1.620765 1.505368 0.188503 0.843740 1.600813 0.388274 0.641212 1.925608 1.906805 0.649942 0.588898 1.412439 0.352252 0.232523 0.603145 0.991187 1.285741 1.923610 1.377925 0.892763 1.806961 1.796871 0.927888 0.000000 0.645674 1.214557 1.875523
1.104863 0.104863 0.895137 1.895137 0.271623 1.927442 1.102049 1.330379 1.733561 1.848958 0.457171 1.489415 1.753512 0.257401 0.004462 1.279934 1.261131 0.004268 1.234572 0.766765 0.997926 0.413152 1.248820 0.345512 0.640067 1.430716 1.976401 1.538437 1.547365 1.151196 1.573562 0.645674 0.000000 1.860232 1.229849
1.034905 1.965095 0.965095 0.034905 1.868145 0.067210 0.758183 0.529853 0.406207 0.290811 1.403060 0.370817 0.386256 1.602831 1.855770 0.859835 0.878637 1.864499 0.625660 1.373004 0.862306 1.447080 0.611412 1.794256 1.499701 0.709053 0.163367 0.321795 0.592403 0.988572 0.286670 1.214557 1.860232 0.000000 0.909919
0.124986 1.124986 1.875014 0.875014 0.958226 0.842709 1.668102 1.439772 0.503712 0.619109 1.687020 1.280736 0.523663 1.487250 1.234311 0.050084 0.031282 1.225581 1.535579 0.463084 1.772225 1.643001 1.521331 0.884337 0.589782 0.200866 0.746552 1.231714 0.317516 0.078653 1.196589 1.875523 1.229849 0.909919 0.000000
