20
0.000000 1.000000 2.000000 1.000000 1.193251 1.625045 0.977507 1.637513 1.474623 1.742953 1.672462 1.489652 1.810815 1.449215 0.925390 0.379705 0.867430 1.618259 0.752082 0.491833
1.000000 0.000000 1.000000 2.000000 0.193251 1.374955 0.022493 0.637513 1.525377 1.257047 0.672462 0.489652 0.810815 1.550785 0.074610 1.379705 1.867430 1.381741 0.247918 0.508167
2.000000 1.000000 0.000000 1.000000 0.806749 0.374955 1.022493 0.362487 0.525377 0.257047 0.327538 0.510348 0.189185 0.550785 1.074610 1.620295 1.132570 0.381741 1.247918 1.508167
1.000000 2.000000 1.000000 0.000000 1.806749 0.625045 1.977507 1.362487 0.474623 0.742953 1.327538 1.510348 1.189185 0.449215 1.925390 0.620295 0.132570 0.618259 1.752082 1.491833
1.193251 0.193251 0.806749 1.806749 0.000000 1.181704 0.215743 0.444263 1.332126 1.063797 0.479211 0.296401 0.617565 1.357534 0.267860 1.572955 1.939319 1.188491 0.441168 0.701417
1.625045 1.374955 0.374955 0.625045 1.181704 0.000000 1.397447 0.737442 0.150422 0.117907 0.702493 0.885303 0.564139 0.175830 1.449564 1.245340 0.757615 0.006787 1.622872 1.883121
0.977507 0.022493 1.022493 1.977507 0.215743 1.397447 0.000000 0.660006 1.547870 1.279540 0.694954 0.512144 0.833308 1.573277 0.052117 1.357212 1.844938 1.404234 0.225425 0.485674
1.637513 0.637513 0.362487 1.362487 0.444263 0.737442 0.660006 0.000000 0.887864 0.619534 0.034948 0.147861 0.173302 0.913271 0.712123 1.982782 1.495057 0.744228 0.885431 1.145680
1.474623 1.525377 0.525377 0.474623 1.332126 0.150422 1.547870 0.887864 0.000000 0.268330 0.852915 1.035725 0.714562 0.025408 1.599987 1.094918 0.607193 0.143636 1.773295 1.966456
1.742953 1.257047 0.257047 0.742953 1.063797 0.117907 1.279540 0.619534 0.268330 0.000000 0.584586 0.767396 0.446232 0.293737 1.331657 1.363248 0.875523 0.124694 1.504965 1.765214
1.672462 0.672462 0.327538 1.327538 0.479211 0.702493 0.694954 0.034948 0.852915 0.584586 0.000000 0.182810 0.138354 0.878323 0.747071 1.947833 1.460108 0.709280 0.920379 1.180628
1.489652 0.489652 0.510348 1.510348 0.296401 0.885303 0.512144 0.147861 1.035725 0.767396 0.182810 0.000000 0.321164 1.061133 0.564261 1.869357 1.642918 0.892090 0.737569 0.997818
1.810815 0.810815 0.189185 1.189185 0.617565 0.564139 0.833308 0.173302 0.714562 0.446232 0.138354 0.321164 0.000000 0.739969 0.885425 1.809480 1.321755 0.570926 1.058733 1.318982
1.449215 1.550785 0.550785 0.449215 1.357534 0.175830 1.573277 0.913271 0.025408 0.293737 0.878323 1.061133 0.739969 0.000000 1.625394 1.069510 0.581785 0.169043 1.798702 1.941049
0.925390 0.074610 1.074610 1.925390 0.267860 1.449564 0.052117 0.712123 1.599987 1.331657 0.747071 0.564261 0.885425 1.625394 0.000000 1.305095 1.792820 1.456351 0.173308 0.433557
0.379705 1.379705 1.620295 0.620295 1.572955 1.245340 1.357212 1.982782 1.094918 1.363248 1.947833 1.869357 1.809480 1.069510 1.305095 0.000000 0.487725 1.238554 1.131787 0.871538
0.867430 1.867430 1.132570 0.132570 1.939319 0.757615 1.844938 1.495057 0.607193 0.875523 1.460108 1.642918 1.321755 0.581785 1.792820 0.487725 0.000000 0.750828 1.619513 1.359264
1.618259 1.381741 0.381741 0.618259 1.188491 0.006787 1.404234 0.744228 0.143636 0.124694 0.709280 0.892090 0.570926 0.169043 1.456351 1.238554 0.750828 0.000000 1.629659 1.889908
0.752082 0.247918 1.247918 1.752082 0.441168 1.622872 0.225425 0.885431 1.773295 1.504965 0.920379 0.737569 1.058733 1.798702 0.173308 1.131787 1.619513 1.629659 0.000000 0.260249
0.491833 0.508167 1.508167 1.491833 0.701417 1.883121 0.485674 1.145680 1.966456 1.765214 1.180628 0.997818 1.318982 1.941049 0.433557 0.871538 1.359264 1.889908 0.260249 0.000000
