20
0.000000 1.000000 2.000000 1.000000 1.588901 0.572358 0.164248 1.696308 0.311294 0.381942 1.222342 1.760684 0.163274 1.157010 1.675461 0.206573 0.464259 1.875007 1.872932 0.138458
1.000000 0.000000 1.000000 2.000000 1.411099 0.427642 0.835752 0.696308 0.688706 1.381942 1.777658 1.239316 1.163274 0.157010 1.324539 1.206573 1.464259 1.124993 0.872932 0.861542
2.000000 1.000000 0.000000 1.000000 0.411099 1.427642 1.835752 0.303692 1.688706 1.618058 0.777658 0.239316 1.836726 0.842990 0.324539 1.793427 1.535741 0.124993 0.127068 1.861542
1.000000 2.000000 1.000000 0.000000 0.588901 1.572358 1.164248 1.303692 1.311294 0.618058 0.222342 0.760684 0.836726 1.842990 0.675461 0.793427 0.535741 0.875007 1.127068 1.138458
1.588901 1.411099 0.411099 0.588901 0.000000 1.838741 1.753149 0.714791 1.900195 1.206959 0.366559 0.171782 1.425627 1.254089 0.086560 1.382328 1.124642 0.286106 0.538167 1.727360
0.572358 0.427642 1.427642 1.572358 1.838741 0.000000 0.408110 1.123950 0.261064 0.954300 1.794700 1.666959 0.735632 0.584652 1.752181 0.778931 1.036617 1.552635 1.300574 0.433900
0.164248 0.835752 1.835752 1.164248 1.753149 0.408110 0.000000 1.532060 0.147046 0.546190 1.386590 1.924932 0.327522 0.992762 1.839709 0.370821 0.628507 1.960745 1.708684 0.025790
1.696308 0.696308 0.303692 1.303692 0.714791 1.123950 1.532060 0.000000 1.385014 1.921749 1.081349 0.543008 1.859582 0.539299 0.628231 1.902881 1.839432 0.428685 0.176624 1.557850
0.311294 0.688706 1.688706 1.311294 1.900195 0.261064 0.147046 1.385014 0.000000 0.693236 1.533636 1.928022 0.474568 0.845716 1.986755 0.517867 0.775553 1.813699 1.561638 0.172836
0.381942 1.381942 1.618058 0.618058 1.206959 0.954300 0.546190 1.921749 0.693236 0.000000 0.840400 1.378741 0.218668 1.538952 1.293518 0.175369 0.082317 1.493065 1.745126 0.520401
1.222342 1.777658 0.777658 0.222342 0.366559 1.794700 1.386590 1.081349 1.533636 0.840400 0.000000 0.538341 1.059068 1.620648 0.453118 1.015769 0.758083 0.652664 0.904726 1.360801
1.760684 1.239316 0.239316 0.760684 0.171782 1.666959 1.924932 0.543008 1.928022 1.378741 0.538341 0.000000 1.597409 1.082307 0.085223 1.554110 1.296424 0.114323 0.366385 1.899142
0.163274 1.163274 1.836726 0.836726 1.425627 0.735632 0.327522 1.859582 0.474568 0.218668 1.059068 1.597409 0.000000 1.320284 1.512187 0.043299 0.300985 1.711733 1.963794 0.301733
1.157010 0.157010 0.842990 1.842990 1.254089 0.584652 0.992762 0.539299 0.845716 1.538952 1.620648 1.082307 1.320284 0.000000 1.167530 1.363583 1.621269 0.967983 0.715922 1.018551
1.675461 1.324539 0.324539 0.675461 0.086560 1.752181 1.839709 0.628231 1.986755 1.293518 0.453118 0.085223 1.512187 1.167530 0.000000 1.468888 1.211201 0.199546 0.451607 1.813919
0.206573 1.206573 1.793427 0.793427 1.382328 0.778931 0.370821 1.902881 0.517867 0.175369 1.015769 1.554110 0.043299 1.363583 1.468888 0.000000 0.257686 1.668434 1.920495 0.345031
0.464259 1.464259 1.535741 0.535741 1.124642 1.036617 0.628507 1.839432 0.775553 0.082317 0.758083 1.296424 0.300985 1.621269 1.211201 0.257686 0.000000 1.410747 1.662809 0.602718
1.875007 1.124993 0.124993 0.875007 0.286106 1.552635 1.960745 0.428685 1.813699 1.493065 0.652664 0.114323 1.711733 0.967983 0.199546 1.668434 1.410747 0.000000 0.252061 1.986535
1.872932 0.872932 0.127068 1.127068 0.538167 1.300574 1.708684 0.176624 1.561638 1.745126 0.904726 0.366385 1.963794 0.715922 0.451607 1.920495 1.662809 0.252061 0.000000 1.734473
0.138458 0.861542 1.861542 1.138458 1.727360 0.433900 0.025790 1.557850 0.172836 0.520401 1.360801 1.899142 0.301733 1.018551 1.813919 0.345031 0.602718 1.986535 1.734473 0.000000
