10
0.000000 1.000000 2.000000 1.000000 0.645644 1.334918 0.064675 1.457389 1.585010 0.527409
1.000000 0.000000 1.000000 2.000000 0.354356 0.334918 0.935325 0.457389 1.414990 0.472591
2.000000 1.000000 0.000000 1.000000 1.354356 0.665082 1.935325 0.542611 0.414990 1.472591
1.000000 2.000000 1.000000 0.000000 1.645644 1.665082 1.064675 1.542611 0.585010 1.527409
0.645644 0.354356 1.354356 1.645644 0.000000 0.689275 0.580969 0.811745 1.769347 0.118235
1.334918 0.334918 0.665082 1.665082 0.689275 0.000000 1.270244 0.122470 1.080072 0.807509
0.064675 0.935325 1.935325 1.064675 0.580969 1.270244 0.000000 1.392714 1.649684 0.462734
1.457389 0.457389 0.542611 1.542611 0.811745 0.122470 1.392714 0.000000 0.957602 0.929980
1.585010 1.414990 0.414990 0.585010 1.769347 1.080072 1.649684 0.957602 0.000000 1.887581
0.527409 0.472591 1.472591 1.527409 0.118235 0.807509 0.462734 0.929980 1.887581 0.000000
