45
0.000000 1.000000 2.000000 1.000000 0.159145 1.326004 0.930221 0.290444 1.742511 0.490675 1.443616 0.461907 0.780390 1.997438 1.416596 0.141719 0.797649 1.410486 0.580797 1.855225 1.876906 1.841951 1.769324 1.300901 0.230366 0.966891 1.683969 0.723628 0.442038 0.165474 0.951107 0.035027 0.828376 1.876184 1.448227 1.884602 1.723649 1.377013 1.495190 0.698388 1.467614 0.448826 1.613839 1.276362 0.436881
1.000000 0.000000 1.000000 2.000000 0.840855 0.326004 1.930221 1.290444 1.257489 0.509325 1.556384 1.461907 1.780390 1.002562 0.416596 0.858281 1.797649 1.589514 1.580797 0.855225 1.123094 0.841951 1.230676 0.300901 0.769634 1.966891 0.683969 1.723628 0.557962 1.165474 0.048893 0.964973 0.171624 1.123816 1.551773 0.884602 1.276351 0.377013 0.495190 0.301612 1.532386 1.448826 0.613839 1.723638 0.563119
2.000000 1.000000 0.000000 1.000000 1.840855 0.673996 1.069779 1.709556 0.257489 1.509325 0.556384 1.538093 1.219610 0.002562 0.583404 1.858281 1.202351 0.589514 1.419203 0.144775 0.123094 0.158049 0.230676 0.699099 1.769634 1.033109 0.316031 1.276372 1.557962 1.834526 1.048893 1.964973 1.171624 0.123816 0.551773 0.115398 0.276351 0.622987 0.504810 1.301612 0.532386 1.551174 0.386161 0.723638 1.563119
1.000000 2.000000 1.000000 0.000000 1.159145 1.673996 0.069779 0.709556 0.742511 1.490675 0.443616 0.538093 0.219610 0.997438 1.583404 1.141719 0.202351 0.410486 0.419203 1.144775 0.876906 1.158049 0.769324 1.699099 1.230366 0.033109 1.316031 0.276372 1.442038 0.834526 1.951107 1.035027 1.828376 0.876184 0.448227 1.115398 0.723649 1.622987 1.504810 1.698388 0.467614 0.551174 1.386161 0.276362 1.436881
0.159145 0.840855 1.840855 1.159145 0.000000 1.166859 1.089365 0.449589 1.901656 0.331531 1.602761 0.621052 0.939535 1.843418 1.257451 0.017425 0.956794 1.569630 0.739942 1.696081 1.963949 1.682806 1.928468 1.141756 0.071221 1.126036 1.524824 0.882772 0.282893 0.324619 0.791963 0.124118 0.669232 1.964672 1.607372 1.725457 1.882794 1.217868 1.336046 0.539243 1.626759 0.607970 1.454694 1.435507 0.277736
1.326004 0.326004 0.673996 1.673996 1.166859 0.000000 1.743775 1.616449 0.931485 0.835329 1.230380 1.787912 1.893606 0.676558 0.090592 1.184285 1.876347 1.263510 1.906801 0.529221 0.797089 0.515946 0.904672 0.025103 1.095638 1.707105 0.357965 1.950368 0.883966 1.491478 0.374897 1.290977 0.497628 0.797812 1.225769 0.558598 0.950347 0.051009 0.169186 0.627616 1.206382 1.774830 0.287835 1.397634 0.889124
0.930221 1.930221 1.069779 0.069779 1.089365 1.743775 0.000000 0.639776 0.812290 1.420896 0.513395 0.468313 0.149831 1.067217 1.653183 1.071940 0.132571 0.480265 0.349424 1.214554 0.946686 1.227829 0.839103 1.768879 1.160586 0.036670 1.385811 0.206593 1.372258 0.764746 1.881328 0.965247 1.758597 0.945963 0.518006 1.185177 0.793428 1.692767 1.574589 1.628609 0.537394 0.481395 1.455941 0.346141 1.367101
0.290444 1.290444 1.709556 0.709556 0.449589 1.616449 0.639776 0.000000 1.452066 0.781120 1.153171 0.171463 0.489945 1.706993 1.707041 0.432164 0.507205 1.120041 0.290352 1.854330 1.586462 1.867605 1.478879 1.591345 0.520810 0.676447 1.974413 0.433183 0.732482 0.124970 1.241552 0.325471 1.118821 1.585739 1.157782 1.824953 1.433205 1.667457 1.785635 0.988833 1.177170 0.158381 1.904283 0.985918 0.727325
1.742511 1.257489 0.257489 0.742511 1.901656 0.931485 0.812290 1.452066 0.000000 1.766814 0.298895 1.280603 0.962121 0.254927 0.840893 1.884230 0.944861 0.332025 1.161714 0.402264 0.134396 0.415539 0.026813 0.956588 1.972876 0.775620 0.573520 1.018883 1.815451 1.577037 1.306382 1.777538 1.429113 0.133673 0.294284 0.372887 0.018862 0.880477 0.762299 1.559101 0.274896 1.293685 0.643651 0.466149 1.820609
0.490675 0.509325 1.509325 1.490675 0.331531 0.835329 1.420896 0.781120 1.766814 0.000000 1.934291 0.952583 1.271065 1.511887 0.925921 0.348956 1.288325 1.901161 1.071472 1.364550 1.632418 1.351275 1.740001 0.810225 0.260310 1.457566 1.193293 1.214303 0.048638 0.656150 0.460432 0.455649 0.337701 1.633141 1.938902 1.393927 1.785676 0.886337 1.004515 0.207713 1.958290 0.939501 1.123163 1.767037 0.053795
1.443616 1.556384 0.556384 0.443616 1.602761 1.230380 0.513395 1.153171 0.298895 1.934291 0.000000 0.981708 0.663226 0.553822 1.139788 1.585335 0.645967 0.033130 0.862819 0.701159 0.433291 0.714434 0.325708 1.255483 1.673982 0.476725 0.872415 0.719988 1.885654 1.278142 1.605277 1.478643 1.728008 0.432568 0.004611 0.671782 0.280033 1.179371 1.061194 1.857996 0.023998 0.994790 0.942546 0.167254 1.880496
0.461907 1.461907 1.538093 0.538093 0.621052 1.787912 0.468313 0.171463 1.280603 0.952583 0.981708 0.000000 0.318482 1.535530 1.878504 0.603627 0.335742 0.948578 0.118889 1.682867 1.414999 1.696142 1.307416 1.762808 0.692273 0.504984 1.854124 0.261720 0.903945 0.296433 1.413015 0.496934 1.290284 1.414276 0.986319 1.653490 1.261741 1.838920 1.957098 1.160296 1.005707 0.013082 1.924254 0.814455 0.898788
0.780390 1.780390 1.219610 0.219610 0.939535 1.893606 0.149831 0.489945 0.962121 1.271065 0.663226 0.318482 0.000000 1.217048 1.803014 0.922109 0.017260 0.630096 0.199593 1.364385 1.096517 1.377660 0.988934 1.918709 1.010755 0.186501 1.535641 0.056762 1.222428 0.614916 1.731497 0.815417 1.608766 1.095794 0.667837 1.335008 0.943259 1.842598 1.724420 1.478778 0.687224 0.331564 1.605772 0.495972 1.217270
1.997438 1.002562 0.002562 0.997438 1.843418 0.676558 1.067217 1.706993 0.254927 1.511887 0.553822 1.535530 1.217048 0.000000 0.585966 1.860843 1.199788 0.586952 1.416641 0.147337 0.120531 0.160612 0.228114 0.701662 1.772197 1.030546 0.318594 1.273810 1.560525 1.831963 1.051455 1.967536 1.174186 0.121254 0.549211 0.117960 0.273789 0.625550 0.507372 1.304174 0.529823 1.548612 0.388724 0.721075 1.565682
1.416596 0.416596 0.583404 1.583404 1.257451 0.090592 1.653183 1.707041 0.840893 0.925921 1.139788 1.878504 1.803014 0.585966 0.000000 1.274877 1.785754 1.172918 1.997393 0.438629 0.706497 0.425354 0.814080 0.115695 1.186230 1.616513 0.267373 1.859776 0.974558 1.582070 0.465489 1.381569 0.588220 0.707220 1.135177 0.468006 0.859755 0.039584 0.078594 0.718208 1.115790 1.865422 0.197242 1.307042 0.979716
0.141719 0.858281 1.858281 1.141719 0.017425 1.184285 1.071940 0.432164 1.884230 0.348956 1.585335 0.603627 0.922109 1.860843 1.274877 0.000000 0.939369 1.552205 0.722516 1.713506 1.981374 1.700231 1.911043 1.159181 0.088646 1.108610 1.542250 0.865347 0.300319 0.307193 0.809388 0.106692 0.686657 1.982097 1.589946 1.742883 1.865368 1.235293 1.353471 0.556669 1.609334 0.590545 1.472119 1.418081 0.295161
0.797649 1.797649 1.202351 0.202351 0.956794 1.876347 0.132571 0.507205 0.944861 1.288325 0.645967 0.335742 0.017260 1.199788 1.785754 0.939369 0.000000 0.612836 0.216853 1.347125 1.079257 1.360400 0.971674 1.901450 1.028015 0.169242 1.518382 0.074022 1.239687 0.632175 1.748757 0.832676 1.626026 1.078534 0.650578 1.317748 0.926000 1.825338 1.707160 1.496037 0.669965 0.348824 1.588512 0.478713 1.234530
1.410486 1.589514 0.589514 0.410486 1.569630 1.263510 0.480265 1.120041 0.332025 1.901161 0.033130 0.948578 0.630096 0.586952 1.172918 1.552205 0.612836 0.000000 0.829689 0.734289 0.466421 0.747564 0.358838 1.288614 1.640851 0.443595 0.905545 0.686858 1.852524 1.245012 1.638407 1.445513 1.761138 0.465698 0.037741 0.704912 0.313163 1.212502 1.094324 1.891126 0.057129 0.961660 0.975676 0.134124 1.847366
0.580797 1.580797 1.419203 0.419203 0.739942 1.906801 0.349424 0.290352 1.161714 1.071472 0.862819 0.118889 0.199593 1.416641 1.997393 0.722516 0.216853 0.829689 0.000000 1.563978 1.296110 1.577253 1.188527 1.881698 0.811163 0.386094 1.735234 0.142831 1.022835 0.415323 1.531904 0.615824 1.409173 1.295387 0.867430 1.534601 1.142852 1.957809 1.924013 1.279185 0.886817 0.131971 1.805365 0.695565 1.017677
1.855225 0.855225 0.144775 1.144775 1.696081 0.529221 1.214554 1.854330 0.402264 1.364550 0.701159 1.682867 1.364385 0.147337 0.438629 1.713506 1.347125 0.734289 1.563978 0.000000 0.267868 0.013275 0.375451 0.554325 1.624860 1.177884 0.171257 1.421147 1.413188 1.979300 0.904118 1.820199 1.026849 0.268591 0.696548 0.029377 0.421126 0.478213 0.360035 1.156837 0.677160 1.695949 0.241387 0.868413 1.418345
1.876906 1.123094 0.123094 0.876906 1.963949 0.797089 0.946686 1.586462 0.134396 1.632418 0.433291 1.414999 1.096517 0.120531 0.706497 1.981374 1.079257 0.466421 1.296110 0.267868 0.000000 0.281143 0.107583 0.822193 1.892728 0.910015 0.439125 1.153279 1.681056 1.711432 1.171986 1.911933 1.294717 0.000723 0.428680 0.238491 0.153257 0.746081 0.627903 1.424705 0.409292 1.428081 0.509255 0.600544 1.686213
1.841951 0.841951 0.158049 1.158049 1.682806 0.515946 1.227829 1.867605 0.415539 1.351275 0.714434 1.696142 1.377660 0.160612 0.425354 1.700231 1.360400 0.747564 1.577253 0.013275 0.281143 0.000000 0.388726 0.541050 1.611585 1.191158 0.157982 1.434422 1.399913 1.992575 0.890843 1.806924 1.013574 0.281866 0.709823 0.042652 0.434400 0.464938 0.346760 1.143562 0.690435 1.709224 0.228112 0.881687 1.405070
1.769324 1.230676 0.230676 0.769324 1.928468 0.904672 0.839103 1.478879 0.026813 1.740001 0.325708 1.307416 0.988934 0.228114 0.814080 1.911043 0.971674 0.358838 1.188527 0.375451 0.107583 0.388726 0.000000 0.929776 1.999689 0.802433 0.546707 1.045696 1.788638 1.603850 1.279569 1.804351 1.402300 0.106860 0.321097 0.346074 0.045675 0.853664 0.735486 1.532288 0.301709 1.320498 0.616838 0.492962 1.793796
1.300901 0.300901 0.699099 1.699099 1.141756 0.025103 1.768879 1.591345 0.956588 0.810225 1.255483 1.762808 1.918709 0.701662 0.115695 1.159181 1.901450 1.288614 1.881698 0.554325 0.822193 0.541050 0.929776 0.000000 1.070535 1.732208 0.383068 1.975472 0.858863 1.466375 0.349793 1.265874 0.472524 0.822916 1.250872 0.583701 0.975450 0.076112 0.194290 0.602513 1.231485 1.749726 0.312938 1.422737 0.864020
0.230366 0.769634 1.769634 1.230366 0.071221 1.095638 1.160586 0.520810 1.972876 0.260310 1.673982 0.692273 1.010755 1.772197 1.186230 0.088646 1.028015 1.640851 0.811163 1.624860 1.892728 1.611585 1.999689 1.070535 0.000000 1.197257 1.453603 0.953993 0.211672 0.395840 0.720742 0.195339 0.598011 1.893451 1.678593 1.654236 1.954015 1.146647 1.264825 0.468022 1.697980 0.679191 1.383473 1.506728 0.206515
0.966891 1.966891 1.033109 0.033109 1.126036 1.707105 0.036670 0.676447 0.775620 1.457566 0.476725 0.504984 0.186501 1.030546 1.616513 1.108610 0.169242 0.443595 0.386094 1.177884 0.910015 1.191158 0.802433 1.732208 1.197257 0.000000 1.349140 0.243263 1.408929 0.801417 1.917998 1.001918 1.795267 0.909293 0.481336 1.148507 0.756758 1.656096 1.537919 1.665279 0.500723 0.518066 1.419270 0.309471 1.403772
1.683969 0.683969 0.316031 1.316031 1.524824 0.357965 1.385811 1.974413 0.573520 1.193293 0.872415 1.854124 1.535641 0.318594 0.267373 1.542250 1.518382 0.905545 1.735234 0.171257 0.439125 0.157982 0.546707 0.383068 1.453603 1.349140 0.000000 1.592404 1.241931 1.849443 0.732861 1.648942 0.855592 0.439847 0.867804 0.200633 0.592382 0.306956 0.188779 0.985581 0.848417 1.867206 0.070130 1.039669 1.247088
0.723628 1.723628 1.276372 0.276372 0.882772 1.950368 0.206593 0.433183 1.018883 1.214303 0.719988 0.261720 0.056762 1.273810 1.859776 0.865347 0.074022 0.686858 0.142831 1.421147 1.153279 1.434422 1.045696 1.975472 0.953993 0.243263 1.592404 0.000000 1.165665 0.558154 1.674735 0.758654 1.552004 1.152556 0.724599 1.391770 1.000021 1.899360 1.781182 1.422016 0.743987 0.274802 1.662534 0.552734 1.160508
0.442038 0.557962 1.557962 1.442038 0.282893 0.883966 1.372258 0.732482 1.815451 0.048638 1.885654 0.903945 1.222428 1.560525 0.974558 0.300319 1.239687 1.852524 1.022835 1.413188 1.681056 1.399913 1.788638 0.858863 0.211672 1.408929 1.241931 1.165665 0.000000 0.607512 0.509070 0.407011 0.386339 1.681778 1.890265 1.442564 1.834313 0.934975 1.053152 0.256350 1.909652 0.890863 1.171801 1.718400 0.005157
0.165474 1.165474 1.834526 0.834526 0.324619 1.491478 0.764746 0.124970 1.577037 0.656150 1.278142 0.296433 0.614916 1.831963 1.582070 0.307193 0.632175 1.245012 0.415323 1.979300 1.711432 1.992575 1.603850 1.466375 0.395840 0.801417 1.849443 0.558154 0.607512 0.000000 1.116582 0.200501 0.993850 1.710710 1.282753 1.949924 1.558175 1.542487 1.660664 0.863862 1.302140 0.283351 1.779313 1.110888 0.602355
0.951107 0.048893 1.048893 1.951107 0.791963 0.374897 1.881328 1.241552 1.306382 0.460432 1.605277 1.413015 1.731497 1.051455 0.465489 0.809388 1.748757 1.638407 1.531904 0.904118 1.171986 0.890843 1.279569 0.349793 0.720742 1.917998 0.732861 1.674735 0.509070 1.116582 0.000000 0.916081 0.122731 1.172709 1.600666 0.933495 1.325244 0.425905 0.544083 0.252719 1.581278 1.399933 0.662731 1.772531 0.514227
0.035027 0.964973 1.964973 1.035027 0.124118 1.290977 0.965247 0.325471 1.777538 0.455649 1.478643 0.496934 0.815417 1.967536 1.381569 0.106692 0.832676 1.445513 0.615824 1.820199 1.911933 1.806924 1.804351 1.265874 0.195339 1.001918 1.648942 0.758654 0.407011 0.200501 0.916081 0.000000 0.793350 1.911211 1.483254 1.849575 1.758676 1.341986 1.460163 0.663361 1.502641 0.483852 1.578812 1.311389 0.401854
0.828376 0.171624 1.171624 1.828376 0.669232 0.497628 1.758597 1.118821 1.429113 0.337701 1.728008 1.290284 1.608766 1.174186 0.588220 0.686657 1.626026 1.761138 1.409173 1.026849 1.294717 1.013574 1.402300 0.472524 0.598011 1.795267 0.855592 1.552004 0.386339 0.993850 0.122731 0.793350 0.000000 1.295440 1.723397 1.056226 1.447975 0.548636 0.666814 0.129988 1.704009 1.277202 0.785462 1.895262 0.391496
1.876184 1.123816 0.123816 0.876184 1.964672 0.797812 0.945963 1.585739 0.133673 1.633141 0.432568 1.414276 1.095794 0.121254 0.707220 1.982097 1.078534 0.465698 1.295387 0.268591 0.000723 0.281866 0.106860 0.822916 1.893451 0.909293 0.439847 1.152556 1.681778 1.710710 1.172709 1.911211 1.295440 0.000000 0.427957 0.239214 0.152535 0.746804 0.628626 1.425428 0.408569 1.427358 0.509978 0.599822 1.686936
1.448227 1.551773 0.551773 0.448227 1.607372 1.225769 0.518006 1.157782 0.294284 1.938902 0.004611 0.986319 0.667837 0.549211 1.135177 1.589946 0.650578 0.037741 0.867430 0.696548 0.428680 0.709823 0.321097 1.250872 1.678593 0.481336 0.867804 0.724599 1.890265 1.282753 1.600666 1.483254 1.723397 0.427957 0.000000 0.667171 0.275422 1.174760 1.056583 1.853385 0.019387 0.999401 0.937934 0.171865 1.885107
1.884602 0.884602 0.115398 1.115398 1.725457 0.558598 1.185177 1.824953 0.372887 1.393927 0.671782 1.653490 1.335008 0.117960 0.468006 1.742883 1.317748 0.704912 1.534601 0.029377 0.238491 0.042652 0.346074 0.583701 1.654236 1.148507 0.200633 1.391770 1.442564 1.949924 0.933495 1.849575 1.056226 0.239214 0.667171 0.000000 0.391749 0.507590 0.389412 1.186214 0.647784 1.666572 0.270764 0.839036 1.447722
1.723649 1.276351 0.276351 0.723649 1.882794 0.950347 0.793428 1.433205 0.018862 1.785676 0.280033 1.261741 0.943259 0.273789 0.859755 1.865368 0.926000 0.313163 1.142852 0.421126 0.153257 0.434400 0.045675 0.975450 1.954015 0.756758 0.592382 1.000021 1.834313 1.558175 1.325244 1.758676 1.447975 0.152535 0.275422 0.391749 0.000000 0.899338 0.781161 1.577963 0.256035 1.274823 0.662512 0.447287 1.839470
1.377013 0.377013 0.622987 1.622987 1.217868 0.051009 1.692767 1.667457 0.880477 0.886337 1.179371 1.838920 1.842598 0.625550 0.039584 1.235293 1.825338 1.212502 1.957809 0.478213 0.746081 0.464938 0.853664 0.076112 1.146647 1.656096 0.306956 1.899360 0.934975 1.542487 0.425905 1.341986 0.548636 0.746804 1.174760 0.507590 0.899338 0.000000 0.118178 0.678625 1.155373 1.825838 0.236826 1.346625 0.940132
1.495190 0.495190 0.504810 1.504810 1.336046 0.169186 1.574589 1.785635 0.762299 1.004515 1.061194 1.957098 1.724420 0.507372 0.078594 1.353471 1.707160 1.094324 1.924013 0.360035 0.627903 0.346760 0.735486 0.194290 1.264825 1.537919 0.188779 1.781182 1.053152 1.660664 0.544083 1.460163 0.666814 0.628626 1.056583 0.389412 0.781161 0.118178 0.000000 0.796802 1.037195 1.944016 0.118648 1.228448 1.058310
0.698388 0.301612 1.301612 1.698388 0.539243 0.627616 1.628609 0.988833 1.559101 0.207713 1.857996 1.160296 1.478778 1.304174 0.718208 0.556669 1.496037 1.891126 1.279185 1.156837 1.424705 1.143562 1.532288 0.602513 0.468022 1.665279 0.985581 1.422016 0.256350 0.863862 0.252719 0.663361 0.129988 1.425428 1.853385 1.186214 1.577963 0.678625 0.796802 0.000000 1.833998 1.147214 0.915451 1.974750 0.261508
1.467614 1.532386 0.532386 0.467614 1.626759 1.206382 0.537394 1.177170 0.274896 1.958290 0.023998 1.005707 0.687224 0.529823 1.115790 1.609334 0.669965 0.057129 0.886817 0.677160 0.409292 0.690435 0.301709 1.231485 1.697980 0.500723 0.848417 0.743987 1.909652 1.302140 1.581278 1.502641 1.704009 0.408569 0.019387 0.647784 0.256035 1.155373 1.037195 1.833998 0.000000 1.018789 0.918547 0.191252 1.904495
0.448826 1.448826 1.551174 0.551174 0.607970 1.774830 0.481395 0.158381 1.293685 0.939501 0.994790 0.013082 0.331564 1.548612 1.865422 0.590545 0.348824 0.961660 0.131971 1.695949 1.428081 1.709224 1.320498 1.749726 0.679191 0.518066 1.867206 0.274802 0.890863 0.283351 1.399933 0.483852 1.277202 1.427358 0.999401 1.666572 1.274823 1.825838 1.944016 1.147214 1.018789 0.000000 1.937336 0.827537 0.885706
1.613839 0.613839 0.386161 1.386161 1.454694 0.287835 1.455941 1.904283 0.643651 1.123163 0.942546 1.924254 1.605772 0.388724 0.197242 1.472119 1.588512 0.975676 1.805365 0.241387 0.509255 0.228112 0.616838 0.312938 1.383473 1.419270 0.070130 1.662534 1.171801 1.779313 0.662731 1.578812 0.785462 0.509978 0.937934 0.270764 0.662512 0.236826 0.118648 0.915451 0.918547 1.937336 0.000000 1.109799 1.176958
1.276362 1.723638 0.723638 0.276362 1.435507 1.397634 0.346141 0.985918 0.466149 1.767037 0.167254 0.814455 0.495972 0.721075 1.307042 1.418081 0.478713 0.134124 0.695565 0.868413 0.600544 0.881687 0.492962 1.422737 1.506728 0.309471 1.039669 0.552734 1.718400 1.110888 1.772531 1.311389 1.895262 0.599822 0.171865 0.839036 0.447287 1.346625 1.228448 1.974750 0.191252 0.827537 1.109799 0.000000 1.713243
0.436881 0.563119 1.563119 1.436881 0.277736 0.889124 1.367101 0.727325 1.820609 0.053795 1.880496 0.898788 1.217270 1.565682 0.979716 0.295161 1.234530 1.847366 1.017677 1.418345 1.686213 1.405070 1.793796 0.864020 0.206515 1.403772 1.247088 1.160508 0.005157 0.602355 0.514227 0.401854 0.391496 1.686936 1.885107 1.447722 1.839470 0.940132 1.058310 0.261508 1.904495 0.885706 1.176958 1.713243 0.000000
