50
0.000000 1.000000 2.000000 1.000000 1.028623 1.037453 1.525549 1.385344 0.712764 1.604156 0.253731 0.301002 0.960241 0.188002 1.732633 0.204784 0.276315 1.377068 0.881907 0.400457 0.941806 1.538607 0.613901 0.130566 0.521398 1.525606 0.028317 1.261992 0.944802 0.539154 1.086279 0.283071 1.324162 1.303791 1.493731 1.482288 0.827810 1.031361 0.211750 0.096898 1.985172 0.128411 1.305045 1.342366 0.453574 0.645304 1.684930 1.181299 1.514522 1.077622
1.000000 0.000000 1.000000 2.000000 1.971377 1.962547 1.474451 0.385344 1.712764 1.395844 1.253731 1.301002 1.960241 1.188002 0.732633 0.795216 0.723685 1.622932 0.118093 0.599543 1.941806 1.461393 0.386099 1.130566 0.478602 1.474394 0.971683 0.261992 0.055198 1.539154 1.913721 1.283071 0.324162 0.303791 1.506269 0.482288 0.172190 1.968639 1.211750 1.096898 1.014828 0.871589 0.305045 1.657634 1.453574 0.354696 0.684930 1.818701 1.485478 1.922378
2.000000 1.000000 0.000000 1.000000 0.971377 0.962547 0.474451 0.614656 1.287236 0.395844 1.746269 1.698998 1.039759 1.811998 0.267367 1.795216 1.723685 0.622932 1.118093 1.599543 1.058194 0.461393 1.386099 1.869434 1.478602 0.474394 1.971683 0.738008 1.055198 1.460846 0.913721 1.716929 0.675838 0.696209 0.506269 0.517712 1.172190 0.968639 1.788250 1.903102 0.014828 1.871589 0.694955 0.657634 1.546426 1.354696 0.315070 0.818701 0.485478 0.922378
1.000000 2.000000 1.000000 0.000000 0.028623 0.037453 0.525549 1.614656 0.287236 0.604156 0.746269 0.698998 0.039759 0.811998 1.267367 1.204784 1.276315 0.377068 1.881907 1.400457 0.058194 0.538607 1.613901 0.869434 1.521398 0.525606 1.028317 1.738008 1.944802 0.460846 0.086279 0.716929 1.675838 1.696209 0.493731 1.517712 1.827810 0.031361 0.788250 0.903102 0.985172 1.128411 1.694955 0.342366 0.546426 1.645304 1.315070 0.181299 0.514522 0.077622
1.028623 1.971377 0.971377 0.028623 0.000000 0.008830 0.496926 1.586033 0.315859 0.575533 0.774893 0.727621 0.068383 0.840621 1.238744 1.233407 1.304938 0.348445 1.910531 1.429080 0.086818 0.509984 1.642524 0.898057 1.550021 0.496983 1.056940 1.709385 1.973425 0.489470 0.057656 0.745552 1.647215 1.667586 0.465107 1.489089 1.856433 0.002738 0.816873 0.931726 0.956548 1.157034 1.666331 0.313743 0.575049 1.673927 1.286447 0.152676 0.485898 0.048999
1.037453 1.962547 0.962547 0.037453 0.008830 0.000000 0.488096 1.577203 0.324689 0.566703 0.783722 0.736451 0.077212 0.849451 1.229914 1.242237 1.313768 0.339615 1.919360 1.437910 0.095647 0.501154 1.651354 0.906886 1.558851 0.488153 1.065770 1.700555 1.982255 0.498299 0.048826 0.754382 1.638385 1.658756 0.456278 1.480259 1.865263 0.006092 0.825703 0.940555 0.947719 1.165864 1.657502 0.304913 0.583879 1.682757 1.277617 0.143846 0.477069 0.040169
1.525549 1.474451 0.474451 0.525549 0.496926 0.488096 0.000000 1.089107 0.812785 0.078607 1.271818 1.224547 0.565309 1.337547 0.741818 1.730333 1.801864 0.148481 1.592543 1.926006 0.583744 0.013058 1.860550 1.394983 1.953053 0.000057 1.553866 1.212459 1.529649 0.986396 0.439270 1.242478 1.150289 1.170660 0.031819 0.992163 1.646641 0.494188 1.313799 1.428652 0.459623 1.653960 1.169406 0.183183 1.071975 1.829147 0.789521 0.344250 0.011027 0.447927
1.385344 0.385344 0.614656 1.614656 1.586033 1.577203 1.089107 0.000000 1.901892 1.010500 1.639074 1.686346 1.654416 1.573346 0.347289 1.180560 1.109029 1.237588 0.503436 0.984887 1.672851 1.076049 0.771443 1.515910 0.863946 1.089050 1.357027 0.123352 0.440542 1.924497 1.528377 1.668415 0.061182 0.081553 1.120926 0.096944 0.557534 1.583295 1.597094 1.482241 0.629485 1.256933 0.080298 1.272290 1.838918 0.740040 0.299586 1.433357 1.100135 1.537034
0.712764 1.712764 1.287236 0.287236 0.315859 0.324689 0.812785 1.901892 0.000000 0.891392 0.459033 0.411762 0.247477 0.524761 1.554603 0.917548 0.989078 0.664304 1.594671 1.113221 0.229042 0.825844 1.326664 0.582197 1.234162 0.812842 0.741081 1.974756 1.657566 0.173610 0.373515 0.429692 1.963074 1.983445 0.780967 1.804949 1.540574 0.318597 0.501013 0.615866 1.272408 0.841174 1.982191 0.629603 0.259189 1.358067 1.602307 0.468535 0.801758 0.364859
1.604156 1.395844 0.395844 0.604156 0.575533 0.566703 0.078607 1.010500 0.891392 0.000000 1.350426 1.303154 0.643916 1.416154 0.663211 1.808940 1.880471 0.227088 1.513936 1.995387 0.662351 0.065549 1.781943 1.473590 1.874446 0.078550 1.632473 1.133852 1.451042 1.065003 0.517877 1.321085 1.071682 1.092053 0.110426 0.913556 1.568034 0.572795 1.392406 1.507259 0.381015 1.732567 1.090798 0.261790 1.150582 1.750540 0.710914 0.422857 0.089635 0.526534
0.253731 1.253731 1.746269 0.746269 0.774893 0.783722 1.271818 1.639074 0.459033 1.350426 0.000000 0.047271 0.706510 0.065728 1.986363 0.458515 0.530045 1.123338 1.135638 0.654188 0.688075 1.284877 0.867631 0.123164 0.775129 1.271876 0.282048 1.515722 1.198533 0.285423 0.832548 0.029341 1.577893 1.557522 1.240000 1.736018 1.081540 0.777631 0.041980 0.156833 1.731441 0.382141 1.558776 1.088636 0.199844 0.899034 1.938660 0.927568 1.260791 0.823892
0.301002 1.301002 1.698998 0.698998 0.727621 0.736451 1.224547 1.686346 0.411762 1.303154 0.047271 0.000000 0.659239 0.112999 1.966366 0.505786 0.577316 1.076066 1.182909 0.701459 0.640804 1.237606 0.914902 0.170435 0.822400 1.224604 0.329319 1.562994 1.245804 0.238152 0.785277 0.017930 1.625164 1.604793 1.192729 1.783289 1.128812 0.730359 0.089251 0.204104 1.684170 0.429412 1.606047 1.041365 0.152573 0.946305 1.985931 0.880297 1.213520 0.776621
0.960241 1.960241 1.039759 0.039759 0.068383 0.077212 0.565309 1.654416 0.247477 0.643916 0.706510 0.659239 0.000000 0.772238 1.307127 1.165025 1.236555 0.416828 1.842148 1.360698 0.018435 0.578367 1.574141 0.829674 1.481639 0.565366 0.988557 1.777768 1.905043 0.421087 0.126038 0.677169 1.715598 1.735968 0.533490 1.557472 1.788050 0.071121 0.748490 0.863343 1.024931 1.088651 1.734714 0.382126 0.506666 1.605544 1.354830 0.221058 0.554281 0.117382
0.188002 1.188002 1.811998 0.811998 0.840621 0.849451 1.337547 1.573346 0.524761 1.416154 0.065728 0.112999 0.772238 0.000000 1.920635 0.392787 0.464317 1.189066 1.069910 0.588459 0.753803 1.350605 0.801903 0.057436 0.709400 1.337604 0.216319 1.449994 1.132805 0.351151 0.898277 0.095069 1.512164 1.491794 1.305728 1.670290 1.015812 0.843359 0.023748 0.091105 1.797169 0.316413 1.493048 1.154364 0.265572 0.833306 1.872932 0.993296 1.326519 0.889620
1.732633 0.732633 0.267367 1.267367 1.238744 1.229914 0.741818 0.347289 1.554603 0.663211 1.986363 1.966366 1.307127 1.920635 0.000000 1.527849 1.456318 0.890299 0.850725 1.332176 1.325562 0.728760 1.118732 1.863199 1.211235 0.741761 1.704316 0.470641 0.787831 1.728214 1.181088 1.984296 0.408471 0.428842 0.773637 0.250345 0.904823 1.236006 1.944383 1.829530 0.282196 1.604222 0.427587 0.925001 1.813793 1.087329 0.047703 1.086068 0.752846 1.189745
0.204784 0.795216 1.795216 1.204784 1.233407 1.242237 1.730333 1.180560 0.917548 1.808940 0.458515 0.505786 1.165025 0.392787 1.527849 0.000000 0.071530 1.581852 0.677123 0.195673 1.146590 1.743392 0.409117 0.335351 0.316614 1.730390 0.176467 1.057208 0.740018 0.743938 1.291063 0.487856 1.119378 1.099007 1.698515 1.277504 0.623026 1.236145 0.416534 0.301682 1.810044 0.076374 1.100261 1.547151 0.658359 0.440519 1.480145 1.386083 1.719306 1.282406
0.276315 0.723685 1.723685 1.276315 1.304938 1.313768 1.801864 1.109029 0.989078 1.880471 0.530045 0.577316 1.236555 0.464317 1.456318 0.071530 0.000000 1.653383 0.605593 0.124142 1.218120 1.814922 0.337586 0.406881 0.245083 1.801921 0.247998 0.985677 0.668488 0.815468 1.362593 0.559386 1.047847 1.027477 1.770045 1.205973 0.551495 1.307676 0.488065 0.373212 1.738514 0.147904 1.028731 1.618681 0.729889 0.368989 1.408615 1.457613 1.790836 1.353937
1.377068 1.622932 0.622932 0.377068 0.348445 0.339615 0.148481 1.237588 0.664304 0.227088 1.123338 1.076066 0.416828 1.189066 0.890299 1.581852 1.653383 0.000000 1.741024 1.777525 0.435263 0.161539 1.990969 1.246502 1.898466 0.148538 1.405385 1.360940 1.678130 0.837915 0.290789 1.093997 1.298770 1.319141 0.116662 1.140644 1.795122 0.345707 1.165318 1.280171 0.608103 1.505479 1.317886 0.034702 0.923494 1.977628 0.938002 0.195769 0.137453 0.299446
0.881907 0.118093 1.118093 1.881907 1.910531 1.919360 1.592543 0.503436 1.594671 1.513936 1.135638 1.182909 1.842148 1.069910 0.850725 0.677123 0.605593 1.741024 0.000000 0.481450 1.823713 1.579485 0.268007 1.012474 0.360509 1.592486 0.853591 0.380084 0.062895 1.421061 1.968186 1.164979 0.442254 0.421884 1.624362 0.600380 0.054098 1.913269 1.093658 0.978805 1.132921 0.753497 0.423138 1.775726 1.335482 0.236604 0.803022 1.936794 1.603571 1.959530
0.400457 0.599543 1.599543 1.400457 1.429080 1.437910 1.926006 0.984887 1.113221 1.995387 0.654188 0.701459 1.360698 0.588459 1.332176 0.195673 0.124142 1.777525 0.481450 0.000000 1.342263 1.939064 0.213444 0.531024 0.120941 1.926063 0.372140 0.861535 0.544345 0.939611 1.486736 0.683529 0.923705 0.903334 1.894188 1.081831 0.427353 1.431818 0.612207 0.497355 1.614371 0.272047 0.904588 1.742823 0.854032 0.244846 1.284473 1.581756 1.914979 1.478079
0.941806 1.941806 1.058194 0.058194 0.086818 0.095647 0.583744 1.672851 0.229042 0.662351 0.688075 0.640804 0.018435 0.753803 1.325562 1.146590 1.218120 0.435263 1.823713 1.342263 0.000000 0.596802 1.555706 0.811239 1.463204 0.583801 0.970122 1.796203 1.886608 0.402652 0.144473 0.658734 1.734033 1.754403 0.551925 1.575907 1.769615 0.089556 0.730055 0.844908 1.043366 1.070216 1.753149 0.400561 0.488231 1.587109 1.373265 0.239493 0.572716 0.135817
1.538607 1.461393 0.461393 0.538607 0.509984 0.501154 0.013058 1.076049 0.825844 0.065549 1.284877 1.237606 0.578367 1.350605 0.728760 1.743392 1.814922 0.161539 1.579485 1.939064 0.596802 0.000000 1.847492 1.408041 1.939995 0.013001 1.566924 1.199401 1.516590 0.999454 0.452329 1.255536 1.137231 1.157601 0.044877 0.979105 1.633583 0.507246 1.326857 1.441710 0.446564 1.667018 1.156347 0.196241 1.085033 1.816089 0.776463 0.357309 0.024086 0.460985
0.613901 0.386099 1.386099 1.613901 1.642524 1.651354 1.860550 0.771443 1.326664 1.781943 0.867631 0.914902 1.574141 0.801903 1.118732 0.409117 0.337586 1.990969 0.268007 0.213444 1.555706 1.847492 0.000000 0.744467 0.092503 1.860493 0.585584 0.648091 0.330901 1.153054 1.700180 0.896972 0.710261 0.689891 1.892369 0.868387 0.213909 1.645262 0.825651 0.710798 1.400928 0.485490 0.691145 1.956267 1.067475 0.031403 1.071029 1.795199 1.871578 1.691523
0.130566 1.130566 1.869434 0.869434 0.898057 0.906886 1.394983 1.515910 0.582197 1.473590 0.123164 0.170435 0.829674 0.057436 1.863199 0.335351 0.406881 1.246502 1.012474 0.531024 0.811239 1.408041 0.744467 0.000000 0.651965 1.395040 0.158883 1.392558 1.075369 0.408587 0.955712 0.152505 1.454728 1.434358 1.363164 1.612854 0.958376 0.900795 0.081184 0.033669 1.854605 0.258977 1.435612 1.211800 0.323008 0.775870 1.815496 1.050732 1.383955 0.947056
0.521398 0.478602 1.478602 1.521398 1.550021 1.558851 1.953053 0.863946 1.234162 1.874446 0.775129 0.822400 1.481639 0.709400 1.211235 0.316614 0.245083 1.898466 0.360509 0.120941 1.463204 1.939995 0.092503 0.651965 0.000000 1.952996 0.493081 0.740594 0.423404 1.060552 1.607677 0.804469 0.802764 0.782393 1.984871 0.960890 0.306412 1.552759 0.733148 0.618296 1.493430 0.392987 0.783647 1.863764 0.974972 0.123906 1.163532 1.702697 1.964080 1.599020
1.525606 1.474394 0.474394 0.525606 0.496983 0.488153 0.000057 1.089050 0.812842 0.078550 1.271876 1.224604 0.565366 1.337604 0.741761 1.730390 1.801921 0.148538 1.592486 1.926063 0.583801 0.013001 1.860493 1.395040 1.952996 0.000000 1.553923 1.212402 1.529592 0.986453 0.439327 1.242535 1.150232 1.170603 0.031876 0.992106 1.646584 0.494245 1.313856 1.428709 0.459565 1.654017 1.169348 0.183240 1.072032 1.829090 0.789464 0.344307 0.011085 0.447984
0.028317 0.971683 1.971683 1.028317 1.056940 1.065770 1.553866 1.357027 0.741081 1.632473 0.282048 0.329319 0.988557 0.216319 1.704316 0.176467 0.247998 1.405385 0.853591 0.372140 0.970122 1.566924 0.585584 0.158883 0.493081 1.553923 0.000000 1.233675 0.916485 0.567470 1.114596 0.311388 1.295845 1.275474 1.522047 1.453971 0.799493 1.059678 0.240067 0.125214 1.986511 0.100094 1.276729 1.370683 0.481891 0.616987 1.656613 1.209616 1.542839 1.105939
1.261992 0.261992 0.738008 1.738008 1.709385 1.700555 1.212459 0.123352 1.974756 1.133852 1.515722 1.562994 1.777768 1.449994 0.470641 1.057208 0.985677 1.360940 0.380084 0.861535 1.796203 1.199401 0.648091 1.392558 0.740594 1.212402 1.233675 0.000000 0.317190 1.801145 1.651729 1.545063 0.062170 0.041799 1.244278 0.220296 0.434182 1.706647 1.473742 1.358889 0.752837 1.133581 0.043054 1.395642 1.715566 0.616688 0.422938 1.556709 1.223487 1.660386
0.944802 0.055198 1.055198 1.944802 1.973425 1.982255 1.529649 0.440542 1.657566 1.451042 1.198533 1.245804 1.905043 1.132805 0.787831 0.740018 0.668488 1.678130 0.062895 0.544345 1.886608 1.516590 0.330901 1.075369 0.423404 1.529592 0.916485 0.317190 0.000000 1.483956 1.968919 1.227874 0.379360 0.358989 1.561467 0.537486 0.116992 1.976163 1.156552 1.041700 1.070026 0.816392 0.360243 1.712831 1.398377 0.299499 0.740127 1.873899 1.540676 1.977576
0.539154 1.539154 1.460846 0.460846 0.489470 0.498299 0.986396 1.924497 0.173610 1.065003 0.285423 0.238152 0.421087 0.351151 1.728214 0.743938 0.815468 0.837915 1.421061 0.939611 0.402652 0.999454 1.153054 0.408587 1.060552 0.986453 0.567470 1.801145 1.483956 0.000000 0.547125 0.256082 1.863315 1.842945 0.954577 1.978559 1.366963 0.492208 0.327403 0.442256 1.446018 0.667564 1.844199 0.803213 0.085579 1.184457 1.775917 0.642145 0.975368 0.538469
1.086279 1.913721 0.913721 0.086279 0.057656 0.048826 0.439270 1.528377 0.373515 0.517877 0.832548 0.785277 0.126038 0.898277 1.181088 1.291063 1.362593 0.290789 1.968186 1.486736 0.144473 0.452329 1.700180 0.955712 1.607677 0.439327 1.114596 1.651729 1.968919 0.547125 0.000000 0.803207 1.589559 1.609930 0.407452 1.431433 1.914089 0.054918 0.874529 0.989381 0.898893 1.214689 1.608676 0.256087 0.632704 1.731582 1.228792 0.095020 0.428243 0.008657
0.283071 1.283071 1.716929 0.716929 0.745552 0.754382 1.242478 1.668415 0.429692 1.321085 0.029341 0.017930 0.677169 0.095069 1.984296 0.487856 0.559386 1.093997 1.164979 0.683529 0.658734 1.255536 0.896972 0.152505 0.804469 1.242535 0.311388 1.545063 1.227874 0.256082 0.803207 0.000000 1.607233 1.586863 1.210659 1.765359 1.110881 0.748290 0.071321 0.186174 1.702100 0.411482 1.588117 1.059295 0.170503 0.928375 1.968001 0.898227 1.231450 0.794551
1.324162 0.324162 0.675838 1.675838 1.647215 1.638385 1.150289 0.061182 1.963074 1.071682 1.577893 1.625164 1.715598 1.512164 0.408471 1.119378 1.047847 1.298770 0.442254 0.923705 1.734033 1.137231 0.710261 1.454728 0.802764 1.150232 1.295845 0.062170 0.379360 1.863315 1.589559 1.607233 0.000000 0.020371 1.182108 0.158126 0.496352 1.644477 1.535912 1.421059 0.690667 1.195751 0.019116 1.333472 1.777736 0.678858 0.360768 1.494539 1.161316 1.598216
1.303791 0.303791 0.696209 1.696209 1.667586 1.658756 1.170660 0.081553 1.983445 1.092053 1.557522 1.604793 1.735968 1.491794 0.428842 1.099007 1.027477 1.319141 0.421884 0.903334 1.754403 1.157601 0.689891 1.434358 0.782393 1.170603 1.275474 0.041799 0.358989 1.842945 1.609930 1.586863 0.020371 0.000000 1.202478 0.178496 0.475981 1.664848 1.515542 1.400689 0.711037 1.175381 0.001254 1.353842 1.757366 0.658488 0.381138 1.514910 1.181687 1.618586
1.493731 1.506269 0.506269 0.493731 0.465107 0.456278 0.031819 1.120926 0.780967 0.110426 1.240000 1.192729 0.533490 1.305728 0.773637 1.698515 1.770045 0.116662 1.624362 1.894188 0.551925 0.044877 1.892369 1.363164 1.984871 0.031876 1.522047 1.244278 1.561467 0.954577 0.407452 1.210659 1.182108 1.202478 0.000000 1.023982 1.678460 0.462369 1.281980 1.396833 0.491441 1.622141 1.201224 0.151364 1.040156 1.860966 0.821340 0.312432 0.020791 0.416108
1.482288 0.482288 0.517712 1.517712 1.489089 1.480259 0.992163 0.096944 1.804949 0.913556 1.736018 1.783289 1.557472 1.670290 0.250345 1.277504 1.205973 1.140644 0.600380 1.081831 1.575907 0.979105 0.868387 1.612854 0.960890 0.992106 1.453971 0.220296 0.537486 1.978559 1.431433 1.765359 0.158126 0.178496 1.023982 0.000000 0.654478 1.486351 1.694038 1.579185 0.532541 1.353877 0.177242 1.175346 1.935862 0.836984 0.202642 1.336413 1.003191 1.440090
0.827810 0.172190 1.172190 1.827810 1.856433 1.865263 1.646641 0.557534 1.540574 1.568034 1.081540 1.128812 1.788050 1.015812 0.904823 0.623026 0.551495 1.795122 0.054098 0.427353 1.769615 1.633583 0.213909 0.958376 0.306412 1.646584 0.799493 0.434182 0.116992 1.366963 1.914089 1.110881 0.496352 0.475981 1.678460 0.654478 0.000000 1.859171 1.039560 0.924707 1.187019 0.699399 0.477236 1.829824 1.281384 0.182506 0.857120 1.990891 1.657668 1.905432
1.031361 1.968639 0.968639 0.031361 0.002738 0.006092 0.494188 1.583295 0.318597 0.572795 0.777631 0.730359 0.071121 0.843359 1.236006 1.236145 1.307676 0.345707 1.913269 1.431818 0.089556 0.507246 1.645262 0.900795 1.552759 0.494245 1.059678 1.706647 1.976163 0.492208 0.054918 0.748290 1.644477 1.664848 0.462369 1.486351 1.859171 0.000000 0.819611 0.934464 0.953810 1.159772 1.663593 0.311005 0.577787 1.676665 1.283709 0.149938 0.483160 0.046261
0.211750 1.211750 1.788250 0.788250 0.816873 0.825703 1.313799 1.597094 0.501013 1.392406 0.041980 0.089251 0.748490 0.023748 1.944383 0.416534 0.488065 1.165318 1.093658 0.612207 0.730055 1.326857 0.825651 0.081184 0.733148 1.313856 0.240067 1.473742 1.156552 0.327403 0.874529 0.071321 1.535912 1.515542 1.281980 1.694038 1.039560 0.819611 0.000000 0.114853 1.773421 0.340161 1.516796 1.130616 0.241824 0.857054 1.896680 0.969549 1.302771 0.865872
0.096898 1.096898 1.903102 0.903102 0.931726 0.940555 1.428652 1.482241 0.615866 1.507259 0.156833 0.204104 0.863343 0.091105 1.829530 0.301682 0.373212 1.280171 0.978805 0.497355 0.844908 1.441710 0.710798 0.033669 0.618296 1.428709 0.125214 1.358889 1.041700 0.442256 0.989381 0.186174 1.421059 1.400689 1.396833 1.579185 0.924707 0.934464 0.114853 0.000000 1.888274 0.225308 1.401943 1.245469 0.356677 0.742201 1.781827 1.084401 1.417624 0.980725
1.985172 1.014828 0.014828 0.985172 0.956548 0.947719 0.459623 0.629485 1.272408 0.381015 1.731441 1.684170 1.024931 1.797169 0.282196 1.810044 1.738514 0.608103 1.132921 1.614371 1.043366 0.446564 1.400928 1.854605 1.493430 0.459565 1.986511 0.752837 1.070026 1.446018 0.898893 1.702100 0.690667 0.711037 0.491441 0.532541 1.187019 0.953810 1.773421 1.888274 0.000000 1.886418 0.709783 0.642805 1.531597 1.369525 0.329899 0.803873 0.470650 0.907549
0.128411 0.871589 1.871589 1.128411 1.157034 1.165864 1.653960 1.256933 0.841174 1.732567 0.382141 0.429412 1.088651 0.316413 1.604222 0.076374 0.147904 1.505479 0.753497 0.272047 1.070216 1.667018 0.485490 0.258977 0.392987 1.654017 0.100094 1.133581 0.816392 0.667564 1.214689 0.411482 1.195751 1.175381 1.622141 1.353877 0.699399 1.159772 0.340161 0.225308 1.886418 0.000000 1.176635 1.470777 0.581985 0.516893 1.556519 1.309709 1.642932 1.206033
1.305045 0.305045 0.694955 1.694955 1.666331 1.657502 1.169406 0.080298 1.982191 1.090798 1.558776 1.606047 1.734714 1.493048 0.427587 1.100261 1.028731 1.317886 0.423138 0.904588 1.753149 1.156347 0.691145 1.435612 0.783647 1.169348 1.276729 0.043054 0.360243 1.844199 1.608676 1.588117 0.019116 0.001254 1.201224 0.177242 0.477236 1.663593 1.516796 1.401943 0.709783 1.176635 0.000000 1.352588 1.758620 0.659742 0.379884 1.513656 1.180433 1.617332
1.342366 1.657634 0.657634 0.342366 0.313743 0.304913 0.183183 1.272290 0.629603 0.261790 1.088636 1.041365 0.382126 1.154364 0.925001 1.547151 1.618681 0.034702 1.775726 1.742823 0.400561 0.196241 1.956267 1.211800 1.863764 0.183240 1.370683 1.395642 1.712831 0.803213 0.256087 1.059295 1.333472 1.353842 0.151364 1.175346 1.829824 0.311005 1.130616 1.245469 0.642805 1.470777 1.352588 0.000000 0.888792 1.987670 0.972704 0.161068 0.172155 0.264744
0.453574 1.453574 1.546426 0.546426 0.575049 0.583879 1.071975 1.838918 0.259189 1.150582 0.199844 0.152573 0.506666 0.265572 1.813793 0.658359 0.729889 0.923494 1.335482 0.854032 0.488231 1.085033 1.067475 0.323008 0.974972 1.072032 0.481891 1.715566 1.398377 0.085579 0.632704 0.170503 1.777736 1.757366 1.040156 1.935862 1.281384 0.577787 0.241824 0.356677 1.531597 0.581985 1.758620 0.888792 0.000000 1.098878 1.861496 0.727724 1.060947 0.624048
0.645304 0.354696 1.354696 1.645304 1.673927 1.682757 1.829147 0.740040 1.358067 1.750540 0.899034 0.946305 1.605544 0.833306 1.087329 0.440519 0.368989 1.977628 0.236604 0.244846 1.587109 1.816089 0.031403 0.775870 0.123906 1.829090 0.616987 0.616688 0.299499 1.184457 1.731582 0.928375 0.678858 0.658488 1.860966 0.836984 0.182506 1.676665 0.857054 0.742201 1.369525 0.516893 0.659742 1.987670 1.098878 0.000000 1.039626 1.826602 1.840175 1.722926
1.684930 0.684930 0.315070 1.315070 1.286447 1.277617 0.789521 0.299586 1.602307 0.710914 1.938660 1.985931 1.354830 1.872932 0.047703 1.480145 1.408615 0.938002 0.803022 1.284473 1.373265 0.776463 1.071029 1.815496 1.163532 0.789464 1.656613 0.422938 0.740127 1.775917 1.228792 1.968001 0.360768 0.381138 0.821340 0.202642 0.857120 1.283709 1.896680 1.781827 0.329899 1.556519 0.379884 0.972704 1.861496 1.039626 0.000000 1.133772 0.800549 1.237448
1.181299 1.818701 0.818701 0.181299 0.152676 0.143846 0.344250 1.433357 0.468535 0.422857 0.927568 0.880297 0.221058 0.993296 1.086068 1.386083 1.457613 0.195769 1.936794 1.581756 0.239493 0.357309 1.795199 1.050732 1.702697 0.344307 1.209616 1.556709 1.873899 0.642145 0.095020 0.898227 1.494539 1.514910 0.312432 1.336413 1.990891 0.149938 0.969549 1.084401 0.803873 1.309709 1.513656 0.161068 0.727724 1.826602 1.133772 0.000000 0.333223 0.103676
1.514522 1.485478 0.485478 0.514522 0.485898 0.477069 0.011027 1.100135 0.801758 0.089635 1.260791 1.213520 0.554281 1.326519 0.752846 1.719306 1.790836 0.137453 1.603571 1.914979 0.572716 0.024086 1.871578 1.383955 1.964080 0.011085 1.542839 1.223487 1.540676 0.975368 0.428243 1.231450 1.161316 1.181687 0.020791 1.003191 1.657668 0.483160 1.302771 1.417624 0.470650 1.642932 1.180433 0.172155 1.060947 1.840175 0.800549 0.333223 0.000000 0.436899
1.077622 1.922378 0.922378 0.077622 0.048999 0.040169 0.447927 1.537034 0.364859 0.526534 0.823892 0.776621 0.117382 0.889620 1.189745 1.282406 1.353937 0.299446 1.959530 1.478079 0.135817 0.460985 1.691523 0.947056 1.599020 0.447984 1.105939 1.660386 1.977576 0.538469 0.008657 0.794551 1.598216 1.618586 0.416108 1.440090 1.905432 0.046261 0.865872 0.980725 0.907549 1.206033 1.617332 0.264744 0.624048 1.722926 1.237448 0.103676 0.436899 0.000000
