20
0.000000 1.000000 2.000000 1.000000 0.620353 1.305687 1.341662 0.615322 1.448078 0.281213 1.701900 0.424169 1.289215 1.429966 0.899650 1.090217 1.474889 1.080833 0.448944 0.698138
1.000000 0.000000 1.000000 2.000000 0.379647 1.694313 0.341662 0.384678 1.551922 0.718787 1.298100 0.575831 1.710785 0.429966 0.100350 0.090217 1.525111 0.080833 0.551056 0.301862
2.000000 1.000000 0.000000 1.000000 1.379647 0.694313 0.658338 1.384678 0.551922 1.718787 0.298100 1.575831 0.710785 0.570034 1.100350 0.909783 0.525111 0.919167 1.551056 1.301862
1.000000 2.000000 1.000000 0.000000 1.620353 0.305687 1.658338 1.615322 0.448078 1.281213 0.701900 1.424169 0.289215 1.570034 1.899650 1.909783 0.474889 1.919167 1.448944 1.698138
0.620353 0.379647 1.379647 1.620353 0.000000 1.926040 0.721309 0.005031 1.931569 0.339139 1.677747 0.196184 1.909568 0.809613 0.279297 0.469864 1.904758 0.460480 0.171409 0.077785
1.305687 1.694313 0.694313 0.305687 1.926040 0.000000 1.352651 1.921009 0.142391 1.586900 0.396213 1.729856 0.016472 1.264347 1.794663 1.604096 0.169202 1.613480 1.754631 1.996175
1.341662 0.341662 0.658338 1.658338 0.721309 1.352651 0.000000 0.726340 1.210260 1.060448 0.956439 0.917493 1.369123 0.088304 0.442011 0.251444 1.183450 0.260828 0.892718 0.643524
0.615322 0.384678 1.384678 1.615322 0.005031 1.921009 0.726340 0.000000 1.936600 0.334108 1.682778 0.191153 1.904537 0.814644 0.284328 0.474895 1.909790 0.465511 0.166378 0.082816
1.448078 1.551922 0.551922 0.448078 1.931569 0.142391 1.210260 1.936600 0.000000 1.729291 0.253822 1.872247 0.158863 1.121956 1.652272 1.461705 0.026811 1.471089 1.897022 1.853784
0.281213 0.718787 1.718787 1.281213 0.339139 1.586900 1.060448 0.334108 1.729291 0.000000 1.983113 0.142955 1.570429 1.148753 0.618437 0.809004 1.756102 0.799620 0.167730 0.416924
1.701900 1.298100 0.298100 0.701900 1.677747 0.396213 0.956439 1.682778 0.253822 1.983113 0.000000 1.873932 0.412685 0.868134 1.398450 1.207883 0.227011 1.217267 1.849157 1.599963
0.424169 0.575831 1.575831 1.424169 0.196184 1.729856 0.917493 0.191153 1.872247 0.142955 1.873932 0.000000 1.713384 1.005797 0.475482 0.666049 1.899057 0.656664 0.024775 0.273969
1.289215 1.710785 0.710785 0.289215 1.909568 0.016472 1.369123 1.904537 0.158863 1.570429 0.412685 1.713384 0.000000 1.280819 1.811135 1.620568 0.185673 1.629952 1.738159 1.987353
1.429966 0.429966 0.570034 1.570034 0.809613 1.264347 0.088304 0.814644 1.121956 1.148753 0.868134 1.005797 1.280819 0.000000 0.530316 0.339749 1.095145 0.349133 0.981022 0.731828
0.899650 0.100350 1.100350 1.899650 0.279297 1.794663 0.442011 0.284328 1.652272 0.618437 1.398450 0.475482 1.811135 0.530316 0.000000 0.190567 1.625461 0.181183 0.450707 0.201513
1.090217 0.090217 0.909783 1.909783 0.469864 1.604096 0.251444 0.474895 1.461705 0.809004 1.207883 0.666049 1.620568 0.339749 0.190567 0.000000 1.434894 0.009384 0.641274 0.392080
1.474889 1.525111 0.525111 0.474889 1.904758 0.169202 1.183450 1.909790 0.026811 1.756102 0.227011 1.899057 0.185673 1.095145 1.625461 1.434894 0.000000 1.444278 1.923832 1.826974
1.080833 0.080833 0.919167 1.919167 0.460480 1.613480 0.260828 0.465511 1.471089 0.799620 1.217267 0.656664 1.629952 0.349133 0.181183 0.009384 1.444278 0.000000 0.631889 0.382695
0.448944 0.551056 1.551056 1.448944 0.171409 1.754631 0.892718 0.166378 1.897022 0.167730 1.849157 0.024775 1.738159 0.981022 0.450707 0.641274 1.923832 0.631889 0.000000 0.249194
0.698138 0.301862 1.301862 1.698138 0.077785 1.996175 0.643524 0.082816 1.853784 0.416924 1.599963 0.273969 1.987353 0.731828 0.201513 0.392080 1.826974 0.382695 0.249194 0.000000
