50
0.000000 1.000000 2.000000 1.000000 1.676080 1.859682 0.185180 0.669955 0.917396 1.032787 0.264432 0.454425 0.136541 0.947145 0.824893 0.559254 1.469657 0.991940 0.459988 1.445605 1.220155 0.788313 0.984357 0.514916 1.907672 0.422450 1.219734 0.218717 0.109840 0.133642 1.999741 0.056389 1.552741 1.986199 0.462676 0.060282 0.971674 0.304258 0.199101 1.859050 0.652714 0.834575 0.742750 1.941775 1.221501 1.235167 1.255818 0.846750 0.695476 1.670558
1.000000 0.000000 1.000000 2.000000 0.676080 1.140318 1.185180 1.669955 0.082604 1.967213 1.264432 1.454425 1.136541 0.052855 0.175107 1.559254 1.530343 0.008060 1.459988 0.445605 1.779845 0.211687 1.984357 0.485084 1.092328 0.577550 0.219734 1.218717 1.109840 0.866358 1.000259 1.056389 0.552741 0.986199 1.462676 0.939718 1.971674 0.695742 1.199101 1.140950 0.347286 1.834575 1.742750 0.941775 1.778499 0.235167 1.744182 0.153250 1.695476 0.670558
2.000000 1.000000 0.000000 1.000000 0.323920 0.140318 1.814820 1.330045 1.082604 0.967213 1.735568 1.545575 1.863459 1.052855 1.175107 1.440746 0.530343 1.008060 1.540012 0.554395 0.779845 1.211687 1.015643 1.485084 0.092328 1.577550 0.780266 1.781283 1.890160 1.866358 0.000259 1.943611 0.447259 0.013801 1.537324 1.939718 1.028326 1.695742 1.800899 0.140950 1.347286 1.165425 1.257250 0.058225 0.778499 0.764833 0.744182 1.153250 1.304524 0.329442
1.000000 2.000000 1.000000 0.000000 1.323920 0.859682 0.814820 0.330045 1.917396 0.032787 0.735568 0.545575 0.863459 1.947145 1.824893 0.440746 0.469657 1.991940 0.540012 1.554395 0.220155 1.788313 0.015643 1.514916 0.907672 1.422450 1.780266 0.781283 0.890160 1.133642 0.999741 0.943611 1.447259 1.013801 0.537324 1.060282 0.028326 1.304258 0.800899 0.859050 1.652714 0.165425 0.257250 1.058225 0.221501 1.764833 0.255818 1.846750 0.304524 1.329442
1.676080 0.676080 0.323920 1.323920 0.000000 0.464238 1.861260 1.653966 0.758684 1.291133 1.940512 1.869496 1.812621 0.728935 0.851186 1.764666 0.854263 0.684140 1.863932 0.230474 1.103765 0.887767 1.339563 1.161164 0.416248 1.253630 0.456346 1.894797 1.785920 1.542438 0.324180 1.732469 0.123339 0.310119 1.861244 1.615798 1.352246 1.371822 1.875181 0.464870 1.023366 1.489345 1.581170 0.265695 1.102419 0.440913 1.068102 0.829330 1.628444 0.005522
1.859682 1.140318 0.140318 0.859682 0.464238 0.000000 1.674502 1.189728 1.222922 0.826896 1.595250 1.405258 1.723142 1.193173 1.315424 1.300428 0.390025 1.148377 1.399694 0.694712 0.639527 1.352005 0.875325 1.625402 0.047990 1.717868 0.920584 1.640965 1.749842 1.993324 0.140058 1.803293 0.587576 0.154119 1.397006 1.919964 0.888008 1.836060 1.660581 0.000632 1.487604 1.025107 1.116932 0.198543 0.638181 0.905151 0.603864 1.293568 1.164207 0.469760
0.185180 1.185180 1.814820 0.814820 1.861260 1.674502 0.000000 0.484774 1.102576 0.847606 0.079252 0.269244 0.048640 1.132325 1.010074 0.374073 1.284477 1.177121 0.274808 1.630786 1.034975 0.973494 0.799177 0.700097 1.722491 0.607630 1.404914 0.033537 0.075340 0.318822 1.814560 0.128792 1.737922 1.828620 0.277496 0.245462 0.786494 0.489438 0.013921 1.673870 0.837894 0.649394 0.557569 1.873045 1.036321 1.420347 1.070638 1.031931 0.510295 1.855738
0.669955 1.669955 1.330045 0.330045 1.653966 1.189728 0.484774 0.000000 1.587350 0.362832 0.405522 0.215530 0.533414 1.617099 1.494848 0.110701 0.799703 1.661895 0.209966 1.884440 0.550201 1.458268 0.314403 1.184871 1.237717 1.092404 1.889688 0.451237 0.560114 0.803596 1.329786 0.613566 1.777304 1.343846 0.207278 0.730236 0.301720 0.974212 0.470853 1.189095 1.322668 0.164620 0.072795 1.388271 0.551547 1.905122 0.585864 1.516705 0.025521 1.659488
0.917396 0.082604 1.082604 1.917396 0.758684 1.222922 1.102576 1.587350 0.000000 1.950182 1.181828 1.371820 1.053936 0.029749 0.092502 1.476650 1.612947 0.074545 1.377384 0.528210 1.862449 0.129083 1.901753 0.402480 1.174932 0.494946 0.302338 1.136113 1.027236 0.783754 1.082864 0.973784 0.635346 1.068803 1.380072 0.857114 1.889070 0.613138 1.116497 1.223554 0.264682 1.751971 1.660145 1.024379 1.861103 0.317771 1.826786 0.070646 1.612871 0.753162
1.032787 1.967213 0.967213 0.032787 1.291133 0.826896 0.847606 0.362832 1.950182 0.000000 0.768354 0.578362 0.896246 1.979932 1.857680 0.473533 0.436871 1.975273 0.572798 1.521608 0.187369 1.821100 0.048429 1.547703 0.874885 1.455237 1.747479 0.814069 0.922946 1.166429 0.966954 0.976398 1.414472 0.981014 0.570110 1.093069 0.061112 1.337044 0.833685 0.826263 1.685500 0.198212 0.290037 1.025439 0.188715 1.732046 0.223032 1.879537 0.337311 1.296656
0.264432 1.264432 1.735568 0.735568 1.940512 1.595250 0.079252 0.405522 1.181828 0.768354 0.000000 0.189992 0.127892 1.211577 1.089326 0.294821 1.205225 1.256373 0.195556 1.710038 0.955723 1.052746 0.719925 0.779349 1.643239 0.686882 1.484166 0.045715 0.154592 0.398074 1.735308 0.208044 1.817174 1.749368 0.198244 0.324714 0.707242 0.568690 0.065331 1.594618 0.917146 0.570142 0.478317 1.793793 0.957069 1.499599 0.991386 1.111183 0.431043 1.934990
0.454425 1.454425 1.545575 0.545575 1.869496 1.405258 0.269244 0.215530 1.371820 0.578362 0.189992 0.000000 0.317884 1.401570 1.279318 0.104829 1.015233 1.446365 0.005564 1.900030 0.765731 1.242738 0.529933 0.969341 1.453247 0.876874 1.674159 0.235707 0.344584 0.588066 1.545316 0.398036 1.992834 1.559376 0.008252 0.514706 0.517250 0.758682 0.255323 1.404625 1.107138 0.380150 0.288325 1.603801 0.767077 1.689592 0.801394 1.301175 0.241051 1.875018
0.136541 1.136541 1.863459 0.863459 1.812621 1.723142 0.048640 0.533414 1.053936 0.896246 0.127892 0.317884 0.000000 1.083686 0.961434 0.422713 1.333117 1.128481 0.323448 1.582146 1.083615 0.924854 0.847817 0.651457 1.771131 0.558991 1.356275 0.082177 0.026700 0.270183 1.863200 0.080152 1.689282 1.877260 0.326136 0.196822 0.835134 0.440798 0.062561 1.722509 0.789254 0.698034 0.606209 1.921685 1.084961 1.371708 1.119278 0.983291 0.558935 1.807098
0.947145 0.052855 1.052855 1.947145 0.728935 1.193173 1.132325 1.617099 0.029749 1.979932 1.211577 1.401570 1.083686 0.000000 0.122251 1.506399 1.583198 0.044795 1.407133 0.498461 1.832700 0.158832 1.931502 0.432229 1.145183 0.524695 0.272589 1.165862 1.056985 0.813503 1.053115 1.003534 0.605596 1.039054 1.409821 0.886863 1.918819 0.642887 1.146246 1.193805 0.294431 1.781720 1.689895 0.994630 1.831354 0.288022 1.797037 0.100395 1.642621 0.723413
0.824893 0.175107 1.175107 1.824893 0.851186 1.315424 1.010074 1.494848 0.092502 1.857680 1.089326 1.279318 0.961434 0.122251 0.000000 1.384147 1.705449 0.167047 1.284882 0.620712 1.954951 0.036580 1.809251 0.309977 1.267435 0.402444 0.394840 1.043611 0.934734 0.691252 1.175366 0.881282 0.727848 1.161306 1.287570 0.764612 1.796568 0.520636 1.023995 1.316057 0.172180 1.659468 1.567643 1.116881 1.953605 0.410274 1.919288 0.021857 1.520369 0.845664
0.559254 1.559254 1.440746 0.440746 1.764666 1.300428 0.374073 0.110701 1.476650 0.473533 0.294821 0.104829 0.422713 1.506399 1.384147 0.000000 0.910403 1.551194 0.099266 1.995141 0.660901 1.347567 0.425103 1.074170 1.348418 0.981704 1.778988 0.340537 0.449414 0.692896 1.440487 0.502865 1.888005 1.454547 0.096578 0.619536 0.412420 0.863511 0.360152 1.299796 1.211968 0.275321 0.183496 1.498971 0.662247 1.794421 0.696564 1.406004 0.136222 1.770189
1.469657 1.530343 0.530343 0.469657 0.854263 0.390025 1.284477 0.799703 1.612947 0.436871 1.205225 1.015233 1.333117 1.583198 1.705449 0.910403 0.000000 1.538402 1.009669 1.084737 0.249502 1.742030 0.485300 1.984573 0.438015 1.892107 1.310609 1.250940 1.359817 1.603299 0.530083 1.413269 0.977601 0.544144 1.006981 1.529939 0.497983 1.773915 1.270556 0.389393 1.877629 0.635082 0.726908 0.588568 0.248156 1.295176 0.213839 1.683593 0.774182 0.859785
0.991940 0.008060 1.008060 1.991940 0.684140 1.148377 1.177121 1.661895 0.074545 1.975273 1.256373 1.446365 1.128481 0.044795 0.167047 1.551194 1.538402 0.000000 1.451929 0.453665 1.787904 0.203627 1.976298 0.477024 1.100388 0.569490 0.227794 1.210658 1.101781 0.858298 1.008319 1.048329 0.560801 0.994259 1.454617 0.931658 1.963615 0.687683 1.191042 1.149010 0.339227 1.826515 1.734690 0.949834 1.786559 0.243227 1.752241 0.145190 1.687416 0.678617
0.459988 1.459988 1.540012 0.540012 1.863932 1.399694 0.274808 0.209966 1.377384 0.572798 0.195556 0.005564 0.323448 1.407133 1.284882 0.099266 1.009669 1.451929 0.000000 1.905594 0.760167 1.248301 0.524369 0.974904 1.447684 0.882438 1.679722 0.241271 0.350148 0.593630 1.539752 0.403599 1.987270 1.553813 0.002688 0.520270 0.511686 0.764246 0.260887 1.399062 1.112702 0.374587 0.282762 1.598237 0.761513 1.695155 0.795830 1.306738 0.235487 1.869454
1.445605 0.445605 0.554395 1.554395 0.230474 0.694712 1.630786 1.884440 0.528210 1.521608 1.710038 1.900030 1.582146 0.498461 0.620712 1.995141 1.084737 0.453665 1.905594 0.000000 1.334239 0.657292 1.570037 0.930689 0.646723 1.023156 0.225872 1.664323 1.555446 1.311964 0.554654 1.501994 0.107136 0.540594 1.908282 1.385324 1.582720 1.141348 1.644707 0.695345 0.792892 1.719820 1.811645 0.496169 1.332893 0.210438 1.298576 0.598855 1.858919 0.224952
1.220155 1.779845 0.779845 0.220155 1.103765 0.639527 1.034975 0.550201 1.862449 0.187369 0.955723 0.765731 1.083615 1.832700 1.954951 0.660901 0.249502 1.787904 0.760167 1.334239 0.000000 1.991532 0.235798 1.735071 0.687517 1.642605 1.560111 1.001438 1.110315 1.353797 0.779585 1.163766 1.227103 0.793646 0.757479 1.280437 0.248481 1.524413 1.021054 0.638895 1.872869 0.385580 0.477405 0.838070 0.001346 1.544678 0.035663 1.933095 0.524680 1.109287
0.788313 0.211687 1.211687 1.788313 0.887767 1.352005 0.973494 1.458268 0.129083 1.821100 1.052746 1.242738 0.924854 0.158832 0.036580 1.347567 1.742030 0.203627 1.248301 0.657292 1.991532 0.000000 1.772670 0.273397 1.304015 0.365863 0.431421 1.007030 0.898153 0.654671 1.211946 0.844702 0.764428 1.197886 1.250989 0.728031 1.759987 0.484056 0.987415 1.352637 0.135599 1.622888 1.531063 1.153462 1.990186 0.446854 1.955869 0.058437 1.483789 0.882244
0.984357 1.984357 1.015643 0.015643 1.339563 0.875325 0.799177 0.314403 1.901753 0.048429 0.719925 0.529933 0.847817 1.931502 1.809251 0.425103 0.485300 1.976298 0.524369 1.570037 0.235798 1.772670 0.000000 1.499273 0.923315 1.406807 1.795909 0.765640 0.874517 1.117999 1.015383 0.927968 1.462901 1.029444 0.521681 1.044639 0.012683 1.288615 0.785256 0.874693 1.637071 0.149782 0.241608 1.073868 0.237144 1.780476 0.271461 1.831107 0.288882 1.345085
0.514916 0.485084 1.485084 1.514916 1.161164 1.625402 0.700097 1.184871 0.402480 1.547703 0.779349 0.969341 0.651457 0.432229 0.309977 1.074170 1.984573 0.477024 0.974904 0.930689 1.735071 0.273397 1.499273 0.000000 1.577412 0.092466 0.704818 0.733633 0.624756 0.381274 1.485343 0.571305 1.037825 1.471283 0.977592 0.454634 1.486590 0.210658 0.714017 1.626034 0.137798 1.349491 1.257666 1.426859 1.736417 0.720251 1.770734 0.331834 1.210392 1.155641
1.907672 1.092328 0.092328 0.907672 0.416248 0.047990 1.722491 1.237717 1.174932 0.874885 1.643239 1.453247 1.771131 1.145183 1.267435 1.348418 0.438015 1.100388 1.447684 0.646723 0.687517 1.304015 0.923315 1.577412 0.000000 1.669878 0.872594 1.688955 1.797832 1.958686 0.092069 1.851283 0.539587 0.106129 1.444996 1.967954 0.935998 1.788071 1.708570 0.048622 1.439614 1.073097 1.164922 0.150553 0.686171 0.857161 0.651854 1.245578 1.212196 0.421771
0.422450 0.577550 1.577550 1.422450 1.253630 1.717868 0.607630 1.092404 0.494946 1.455237 0.686882 0.876874 0.558991 0.524695 0.402444 0.981704 1.892107 0.569490 0.882438 1.023156 1.642605 0.365863 1.406807 0.092466 1.669878 0.000000 0.797284 0.641167 0.532290 0.288808 1.577810 0.478839 1.130291 1.563749 0.885126 0.362168 1.394124 0.118192 0.621551 1.718500 0.230264 1.257025 1.165200 1.519325 1.643951 0.812717 1.678268 0.424300 1.117926 1.248108
1.219734 0.219734 0.780266 1.780266 0.456346 0.920584 1.404914 1.889688 0.302338 1.747479 1.484166 1.674159 1.356275 0.272589 0.394840 1.778988 1.310609 0.227794 1.679722 0.225872 1.560111 0.431421 1.795909 0.704818 0.872594 0.797284 0.000000 1.438451 1.329574 1.086092 0.780526 1.276123 0.333007 0.766465 1.682410 1.159452 1.808592 0.915476 1.418835 0.921216 0.567020 1.945691 1.962484 0.722041 1.558765 0.015433 1.524448 0.372984 1.915210 0.450824
0.218717 1.218717 1.781283 0.781283 1.894797 1.640965 0.033537 0.451237 1.136113 0.814069 0.045715 0.235707 0.082177 1.165862 1.043611 0.340537 1.250940 1.210658 0.241271 1.664323 1.001438 1.007030 0.765640 0.733633 1.688955 0.641167 1.438451 0.000000 0.108877 0.352359 1.781023 0.162329 1.771459 1.795084 0.243959 0.278999 0.752957 0.522975 0.019616 1.640333 0.871431 0.615858 0.524032 1.839508 1.002784 1.453884 1.037101 1.065467 0.476758 1.889275
0.109840 1.109840 1.890160 0.890160 1.785920 1.749842 0.075340 0.560114 1.027236 0.922946 0.154592 0.344584 0.026700 1.056985 0.934734 0.449414 1.359817 1.101781 0.350148 1.555446 1.110315 0.898153 0.874517 0.624756 1.797832 0.532290 1.329574 0.108877 0.000000 0.243482 1.889900 0.053452 1.662582 1.903961 0.352836 0.170122 0.861834 0.414098 0.089261 1.749210 0.762554 0.724735 0.632909 1.948385 1.111661 1.345007 1.145978 0.956590 0.585635 1.780398
0.133642 0.866358 1.866358 1.133642 1.542438 1.993324 0.318822 0.803596 0.783754 1.166429 0.398074 0.588066 0.270183 0.813503 0.691252 0.692896 1.603299 0.858298 0.593630 1.311964 1.353797 0.654671 1.117999 0.381274 1.958686 0.288808 1.086092 0.352359 0.243482 0.000000 1.866618 0.190031 1.419099 1.852557 0.596318 0.073360 1.105316 0.170616 0.332743 1.992692 0.519072 0.968217 0.876392 1.808133 1.355143 1.101525 1.389460 0.713108 0.829118 1.536916
1.999741 1.000259 0.000259 0.999741 0.324180 0.140058 1.814560 1.329786 1.082864 0.966954 1.735308 1.545316 1.863200 1.053115 1.175366 1.440487 0.530083 1.008319 1.539752 0.554654 0.779585 1.211946 1.015383 1.485343 0.092069 1.577810 0.780526 1.781023 1.889900 1.866618 0.000000 1.943352 0.447518 0.014060 1.537064 1.939978 1.028066 1.696002 1.800639 0.140691 1.347546 1.165166 1.256991 0.058485 0.778239 0.765093 0.743922 1.153509 1.304265 0.329702
0.056389 1.056389 1.943611 0.943611 1.732469 1.803293 0.128792 0.613566 0.973784 0.976398 0.208044 0.398036 0.080152 1.003534 0.881282 0.502865 1.413269 1.048329 0.403599 1.501994 1.163766 0.844702 0.927968 0.571305 1.851283 0.478839 1.276123 0.162329 0.053452 0.190031 1.943352 0.000000 1.609130 1.957412 0.406287 0.116671 0.915286 0.360646 0.142713 1.802661 0.709103 0.778186 0.686361 1.998164 1.165112 1.291556 1.199429 0.903139 0.639087 1.726946
1.552741 0.552741 0.447259 1.447259 0.123339 0.587576 1.737922 1.777304 0.635346 1.414472 1.817174 1.992834 1.689282 0.605596 0.727848 1.888005 0.977601 0.560801 1.987270 0.107136 1.227103 0.764428 1.462901 1.037825 0.539587 1.130291 0.333007 1.771459 1.662582 1.419099 0.447518 1.609130 0.000000 0.433458 1.984582 1.492460 1.475584 1.248484 1.751843 0.588209 0.900028 1.612684 1.704509 0.389033 1.225757 0.317574 1.191440 0.705991 1.751783 0.117816
1.986199 0.986199 0.013801 1.013801 0.310119 0.154119 1.828620 1.343846 1.068803 0.981014 1.749368 1.559376 1.877260 1.039054 1.161306 1.454547 0.544144 0.994259 1.553813 0.540594 0.793646 1.197886 1.029444 1.471283 0.106129 1.563749 0.766465 1.795084 1.903961 1.852557 0.014060 1.957412 0.433458 0.000000 1.551125 1.925917 1.042127 1.681942 1.814699 0.154751 1.333485 1.179226 1.271051 0.044424 0.792300 0.751032 0.757983 1.139449 1.318325 0.315642
0.462676 1.462676 1.537324 0.537324 1.861244 1.397006 0.277496 0.207278 1.380072 0.570110 0.198244 0.008252 0.326136 1.409821 1.287570 0.096578 1.006981 1.454617 0.002688 1.908282 0.757479 1.250989 0.521681 0.977592 1.444996 0.885126 1.682410 0.243959 0.352836 0.596318 1.537064 0.406287 1.984582 1.551125 0.000000 0.522958 0.508998 0.766934 0.263575 1.396374 1.115390 0.371899 0.280073 1.595549 0.758825 1.697843 0.793142 1.309426 0.232799 1.866766
0.060282 0.939718 1.939718 1.060282 1.615798 1.919964 0.245462 0.730236 0.857114 1.093069 0.324714 0.514706 0.196822 0.886863 0.764612 0.619536 1.529939 0.931658 0.520270 1.385324 1.280437 0.728031 1.044639 0.454634 1.967954 0.362168 1.159452 0.278999 0.170122 0.073360 1.939978 0.116671 1.492460 1.925917 0.522958 0.000000 1.031956 0.243976 0.259383 1.919332 0.592432 0.894857 0.803032 1.881493 1.281783 1.174885 1.316100 0.786468 0.755758 1.610276
0.971674 1.971674 1.028326 0.028326 1.352246 0.888008 0.786494 0.301720 1.889070 0.061112 0.707242 0.517250 0.835134 1.918819 1.796568 0.412420 0.497983 1.963615 0.511686 1.582720 0.248481 1.759987 0.012683 1.486590 0.935998 1.394124 1.808592 0.752957 0.861834 1.105316 1.028066 0.915286 1.475584 1.042127 0.508998 1.031956 0.000000 1.275932 0.772573 0.887376 1.624388 0.137099 0.228925 1.086551 0.249827 1.793159 0.284144 1.818424 0.276199 1.357768
0.304258 0.695742 1.695742 1.304258 1.371822 1.836060 0.489438 0.974212 0.613138 1.337044 0.568690 0.758682 0.440798 0.642887 0.520636 0.863511 1.773915 0.687683 0.764246 1.141348 1.524413 0.484056 1.288615 0.210658 1.788071 0.118192 0.915476 0.522975 0.414098 0.170616 1.696002 0.360646 1.248484 1.681942 0.766934 0.243976 1.275932 0.000000 0.503359 1.836692 0.348456 1.138833 1.047007 1.637517 1.525759 0.930909 1.560076 0.542493 0.999733 1.366300
0.199101 1.199101 1.800899 0.800899 1.875181 1.660581 0.013921 0.470853 1.116497 0.833685 0.065331 0.255323 0.062561 1.146246 1.023995 0.360152 1.270556 1.191042 0.260887 1.644707 1.021054 0.987415 0.785256 0.714017 1.708570 0.621551 1.418835 0.019616 0.089261 0.332743 1.800639 0.142713 1.751843 1.814699 0.263575 0.259383 0.772573 0.503359 0.000000 1.659949 0.851815 0.635474 0.543648 1.859124 1.022400 1.434268 1.056717 1.045852 0.496374 1.869659
1.859050 1.140950 0.140950 0.859050 0.464870 0.000632 1.673870 1.189095 1.223554 0.826263 1.594618 1.404625 1.722509 1.193805 1.316057 1.299796 0.389393 1.149010 1.399062 0.695345 0.638895 1.352637 0.874693 1.626034 0.048622 1.718500 0.921216 1.640333 1.749210 1.992692 0.140691 1.802661 0.588209 0.154751 1.396374 1.919332 0.887376 1.836692 1.659949 0.000000 1.488236 1.024475 1.116300 0.199175 0.637549 0.905783 0.603232 1.294200 1.163574 0.470393
0.652714 0.347286 1.347286 1.652714 1.023366 1.487604 0.837894 1.322668 0.264682 1.685500 0.917146 1.107138 0.789254 0.294431 0.172180 1.211968 1.877629 0.339227 1.112702 0.792892 1.872869 0.135599 1.637071 0.137798 1.439614 0.230264 0.567020 0.871431 0.762554 0.519072 1.347546 0.709103 0.900028 1.333485 1.115390 0.592432 1.624388 0.348456 0.851815 1.488236 0.000000 1.487289 1.395464 1.289061 1.874215 0.582453 1.908532 0.194036 1.348189 1.017844
0.834575 1.834575 1.165425 0.165425 1.489345 1.025107 0.649394 0.164620 1.751971 0.198212 0.570142 0.380150 0.698034 1.781720 1.659468 0.275321 0.635082 1.826515 0.374587 1.719820 0.385580 1.622888 0.149782 1.349491 1.073097 1.257025 1.945691 0.615858 0.724735 0.968217 1.165166 0.778186 1.612684 1.179226 0.371899 0.894857 0.137099 1.138833 0.635474 1.024475 1.487289 0.000000 0.091825 1.223650 0.386926 1.930258 0.421243 1.681325 0.139099 1.494868
0.742750 1.742750 1.257250 0.257250 1.581170 1.116932 0.557569 0.072795 1.660145 0.290037 0.478317 0.288325 0.606209 1.689895 1.567643 0.183496 0.726908 1.734690 0.282762 1.811645 0.477405 1.531063 0.241608 1.257666 1.164922 1.165200 1.962484 0.524032 0.632909 0.876392 1.256991 0.686361 1.704509 1.271051 0.280073 0.803032 0.228925 1.047007 0.543648 1.116300 1.395464 0.091825 0.000000 1.315475 0.478751 1.977917 0.513069 1.589500 0.047274 1.586693
1.941775 0.941775 0.058225 1.058225 0.265695 0.198543 1.873045 1.388271 1.024379 1.025439 1.793793 1.603801 1.921685 0.994630 1.116881 1.498971 0.588568 0.949834 1.598237 0.496169 0.838070 1.153462 1.073868 1.426859 0.150553 1.519325 0.722041 1.839508 1.948385 1.808133 0.058485 1.998164 0.389033 0.044424 1.595549 1.881493 1.086551 1.637517 1.859124 0.199175 1.289061 1.223650 1.315475 0.000000 0.836724 0.706608 0.802407 1.095025 1.362750 0.271217
1.221501 1.778499 0.778499 0.221501 1.102419 0.638181 1.036321 0.551547 1.861103 0.188715 0.957069 0.767077 1.084961 1.831354 1.953605 0.662247 0.248156 1.786559 0.761513 1.332893 0.001346 1.990186 0.237144 1.736417 0.686171 1.643951 1.558765 1.002784 1.111661 1.355143 0.778239 1.165112 1.225757 0.792300 0.758825 1.281783 0.249827 1.525759 1.022400 0.637549 1.874215 0.386926 0.478751 0.836724 0.000000 1.543332 0.034317 1.931749 0.526025 1.107941
1.235167 0.235167 0.764833 1.764833 0.440913 0.905151 1.420347 1.905122 0.317771 1.732046 1.499599 1.689592 1.371708 0.288022 0.410274 1.794421 1.295176 0.243227 1.695155 0.210438 1.544678 0.446854 1.780476 0.720251 0.857161 0.812717 0.015433 1.453884 1.345007 1.101525 0.765093 1.291556 0.317574 0.751032 1.697843 1.174885 1.793159 0.930909 1.434268 0.905783 0.582453 1.930258 1.977917 0.706608 1.543332 0.000000 1.509015 0.388417 1.930643 0.435391
1.255818 1.744182 0.744182 0.255818 1.068102 0.603864 1.070638 0.585864 1.826786 0.223032 0.991386 0.801394 1.119278 1.797037 1.919288 0.696564 0.213839 1.752241 0.795830 1.298576 0.035663 1.955869 0.271461 1.770734 0.651854 1.678268 1.524448 1.037101 1.145978 1.389460 0.743922 1.199429 1.191440 0.757983 0.793142 1.316100 0.284144 1.560076 1.056717 0.603232 1.908532 0.421243 0.513069 0.802407 0.034317 1.509015 0.000000 1.897432 0.560343 1.073624
0.846750 0.153250 1.153250 1.846750 0.829330 1.293568 1.031931 1.516705 0.070646 1.879537 1.111183 1.301175 0.983291 0.100395 0.021857 1.406004 1.683593 0.145190 1.306738 0.598855 1.933095 0.058437 1.831107 0.331834 1.245578 0.424300 0.372984 1.065467 0.956590 0.713108 1.153509 0.903139 0.705991 1.139449 1.309426 0.786468 1.818424 0.542493 1.045852 1.294200 0.194036 1.681325 1.589500 1.095025 1.931749 0.388417 1.897432 0.000000 1.542226 0.823807
0.695476 1.695476 1.304524 0.304524 1.628444 1.164207 0.510295 0.025521 1.612871 0.337311 0.431043 0.241051 0.558935 1.642621 1.520369 0.136222 0.774182 1.687416 0.235487 1.858919 0.524680 1.483789 0.288882 1.210392 1.212196 1.117926 1.915210 0.476758 0.585635 0.829118 1.304265 0.639087 1.751783 1.318325 0.232799 0.755758 0.276199 0.999733 0.496374 1.163574 1.348189 0.139099 0.047274 1.362750 0.526025 1.930643 0.560343 1.542226 0.000000 1.633967
1.670558 0.670558 0.329442 1.329442 0.005522 0.469760 1.855738 1.659488 0.753162 1.296656 1.934990 1.875018 1.807098 0.723413 0.845664 1.770189 0.859785 0.678617 1.869454 0.224952 1.109287 0.882244 1.345085 1.155641 0.421771 1.248108 0.450824 1.889275 1.780398 1.536916 0.329702 1.726946 0.117816 0.315642 1.866766 1.610276 1.357768 1.366300 1.869659 0.470393 1.017844 1.494868 1.586693 0.271217 1.107941 0.435391 1.073624 0.823807 1.633967 0.000000
