50
0.000000 1.000000 2.000000 1.000000 0.006607 1.206409 1.183853 1.870407 1.943872 0.721831 0.375100 0.945412 0.214867 0.784781 0.879446 1.393982 1.233482 0.437156 0.470235 1.480513 0.981721 1.165125 0.341453 0.970711 0.640261 0.105260 1.795562 0.576571 0.164743 1.970823 1.689959 1.405579 0.618112 0.915856 0.941459 0.291575 1.342299 1.755011 1.976785 1.056171 1.595500 0.695654 1.548255 0.807512 1.482168 0.278354 1.976704 1.167883 0.746001 0.039754
1.000000 0.000000 1.000000 2.000000 0.993393 1.793591 1.816147 0.870407 0.943872 0.278169 0.624900 0.054588 0.785133 0.215219 0.120554 0.393982 1.766518 1.437156 1.470235 0.480513 0.018279 0.165125 0.658547 1.970711 0.359739 0.894740 1.204438 0.423429 1.164743 0.970823 1.310041 1.594421 0.381888 1.915856 0.058541 0.708425 0.342299 0.755011 0.976785 1.943829 1.404500 0.304346 0.548255 0.192488 1.517832 0.721646 0.976704 0.167883 0.253999 1.039754
2.000000 1.000000 0.000000 1.000000 1.993393 0.793591 0.816147 0.129593 0.056128 1.278169 1.624900 1.054588 1.785133 1.215219 1.120554 0.606018 0.766518 1.562844 1.529765 0.519487 1.018279 0.834875 1.658547 1.029289 1.359739 1.894740 0.204438 1.423429 1.835257 0.029177 0.310041 0.594421 1.381888 1.084144 1.058541 1.708425 0.657701 0.244989 0.023215 0.943829 0.404500 1.304346 0.451745 1.192488 0.517832 1.721646 0.023296 0.832117 1.253999 1.960246
1.000000 2.000000 1.000000 0.000000 1.006607 0.206409 0.183853 1.129593 1.056128 1.721831 1.375100 1.945412 1.214867 1.784781 1.879446 1.606018 0.233482 0.562844 0.529765 1.519487 1.981721 1.834875 1.341453 0.029289 1.640261 1.105260 0.795562 1.576571 0.835257 1.029177 0.689959 0.405579 1.618112 0.084144 1.941459 1.291575 1.657701 1.244989 1.023215 0.056171 0.595500 1.695654 1.451745 1.807512 0.482168 1.278354 1.023296 1.832117 1.746001 0.960246
0.006607 0.993393 1.993393 1.006607 0.000000 1.213016 1.190460 1.863800 1.937265 0.715224 0.368493 0.938805 0.208260 0.778174 0.872839 1.387375 1.240089 0.443763 0.476842 1.473906 0.975114 1.158518 0.334846 0.977318 0.633653 0.098652 1.802169 0.569964 0.171350 1.964216 1.696566 1.412186 0.611504 0.922463 0.934852 0.284968 1.335692 1.748404 1.970178 1.062778 1.602107 0.689047 1.541648 0.800905 1.488775 0.271747 1.970097 1.161276 0.739394 0.046361
1.206409 1.793591 0.793591 0.206409 1.213016 0.000000 0.022556 0.923184 0.849719 1.928239 1.581509 1.848180 1.421276 1.991189 1.914145 1.399610 0.027073 0.769253 0.736173 1.313078 1.811870 1.628466 1.547862 0.235697 1.846669 1.311668 0.589153 1.782979 1.041666 0.822768 0.483551 0.199170 1.824520 0.290553 1.852133 1.497984 1.451292 1.038580 0.816806 0.150238 0.389092 1.902062 1.245336 1.986079 0.275759 1.484762 0.816887 1.625708 1.952409 1.166655
1.183853 1.816147 0.816147 0.183853 1.190460 0.022556 0.000000 0.945740 0.872275 1.905684 1.558953 1.870736 1.398720 1.968634 1.936701 1.422166 0.049629 0.746697 0.713617 1.335634 1.834426 1.651022 1.525306 0.213142 1.824113 1.289112 0.611709 1.760423 1.019110 0.845324 0.506106 0.221726 1.801964 0.267997 1.874688 1.475428 1.473848 1.061136 0.839362 0.127682 0.411647 1.879507 1.267892 1.991365 0.298315 1.462207 0.839443 1.648264 1.929853 1.144099
1.870407 0.870407 0.129593 1.129593 1.863800 0.923184 0.945740 0.000000 0.073465 1.148576 1.495307 0.924996 1.655540 1.085626 0.990961 0.476425 0.896111 1.692437 1.659358 0.389894 0.888686 0.705282 1.528954 1.158882 1.230147 1.765148 0.334031 1.293837 1.964850 0.100416 0.439634 0.724014 1.252296 1.213737 0.928948 1.578832 0.528108 0.115396 0.106378 1.073422 0.534093 1.174753 0.322152 1.062895 0.647425 1.592053 0.106297 0.702524 1.124406 1.910161
1.943872 0.943872 0.056128 1.056128 1.937265 0.849719 0.872275 0.073465 0.000000 1.222041 1.568772 0.998461 1.729005 1.159091 1.064426 0.549891 0.822646 1.618972 1.585892 0.463359 0.962151 0.778747 1.602419 1.085417 1.303612 1.838613 0.260566 1.367302 1.891385 0.026951 0.366169 0.650549 1.325761 1.140272 1.002413 1.652297 0.601573 0.188861 0.032913 0.999957 0.460628 1.248218 0.395617 1.136360 0.573960 1.665518 0.032832 0.775989 1.197872 1.983626
0.721831 0.278169 1.278169 1.721831 0.715224 1.928239 1.905684 1.148576 1.222041 0.000000 0.346731 0.223581 0.506963 0.062950 0.157615 0.672151 1.955313 1.158987 1.192066 0.758682 0.259891 0.443295 0.380378 1.692542 0.081570 0.616571 1.482607 0.145260 0.886573 1.248992 1.588210 1.872590 0.103719 1.637687 0.219628 0.430255 0.620468 1.033180 1.254955 1.778002 1.682669 0.026177 0.826424 0.085681 1.796001 0.443477 1.254873 0.446052 0.024170 0.761585
0.375100 0.624900 1.624900 1.375100 0.368493 1.581509 1.558953 1.495307 1.568772 0.346731 0.000000 0.570312 0.160233 0.409681 0.504346 1.018882 1.608582 0.812256 0.845335 1.105413 0.606621 0.790025 0.033647 1.345811 0.265160 0.269841 1.829338 0.201471 0.539843 1.595723 1.934941 1.780679 0.243011 1.290956 0.566359 0.083525 0.967199 1.379911 1.601685 1.431271 1.970600 0.320554 1.173155 0.432412 1.857268 0.096746 1.601604 0.792783 0.370901 0.414854
0.945412 0.054588 1.054588 1.945412 0.938805 1.848180 1.870736 0.924996 0.998461 0.223581 0.570312 0.000000 0.730544 0.160631 0.065966 0.448570 1.821106 1.382567 1.415647 0.535102 0.036310 0.219714 0.603958 1.916123 0.305151 0.840152 1.259026 0.368841 1.110154 1.025412 1.364629 1.649009 0.327300 1.861267 0.003953 0.653836 0.396888 0.809599 1.031374 1.998417 1.459088 0.249758 0.602843 0.137900 1.572420 0.667058 1.031292 0.222472 0.199411 0.985166
0.214867 0.785133 1.785133 1.214867 0.208260 1.421276 1.398720 1.655540 1.729005 0.506963 0.160233 0.730544 0.000000 0.569913 0.664579 1.179114 1.448349 0.652023 0.685103 1.265646 0.766854 0.950258 0.126586 1.185579 0.425393 0.109608 1.989571 0.361703 0.379610 1.755956 1.904827 1.620447 0.403244 1.130723 0.726591 0.076708 1.127432 1.540144 1.761918 1.271039 1.810368 0.480786 1.333388 0.592644 1.697035 0.063486 1.761836 0.953016 0.531133 0.254621
0.784781 0.215219 1.215219 1.784781 0.778174 1.991189 1.968634 1.085626 1.159091 0.062950 0.409681 0.160631 0.569913 0.000000 0.094665 0.609201 1.981737 1.221937 1.255016 0.695732 0.196941 0.380344 0.443328 1.755492 0.144520 0.679521 1.419657 0.208210 0.949524 1.186042 1.525260 1.809640 0.166669 1.700637 0.156678 0.493205 0.557518 0.970230 1.192005 1.840952 1.619719 0.089127 0.763474 0.022731 1.733051 0.506427 1.191923 0.383102 0.038780 0.824535
0.879446 0.120554 1.120554 1.879446 0.872839 1.914145 1.936701 0.990961 1.064426 0.157615 0.504346 0.065966 0.664579 0.094665 0.000000 0.514536 1.887072 1.316602 1.349681 0.601067 0.102275 0.285679 0.537993 1.850157 0.239185 0.774186 1.324992 0.302875 1.044189 1.091377 1.430595 1.714975 0.261334 1.795302 0.062013 0.587870 0.462853 0.875565 1.097339 1.935617 1.525054 0.183792 0.668809 0.071934 1.638386 0.601092 1.097258 0.288437 0.133445 0.919200
1.393982 0.393982 0.606018 1.606018 1.387375 1.399610 1.422166 0.476425 0.549891 0.672151 1.018882 0.448570 1.179114 0.609201 0.514536 0.000000 1.372536 1.831137 1.864217 0.086532 0.412260 0.228856 1.052529 1.635307 0.753721 1.288722 0.810456 0.817411 1.558724 0.576842 0.916059 1.200439 0.775870 1.690163 0.452523 1.102406 0.051683 0.361029 0.582804 1.549847 1.010518 0.698328 0.154273 0.586470 1.123850 1.115628 0.582722 0.226098 0.647981 1.433736
1.233482 1.766518 0.766518 0.233482 1.240089 0.027073 0.049629 0.896111 0.822646 1.955313 1.608582 1.821106 1.448349 1.981737 1.887072 1.372536 0.000000 0.796326 0.763247 1.286005 1.784797 1.601393 1.574935 0.262771 1.873742 1.338741 0.562080 1.810053 1.068739 0.795695 0.456477 0.172097 1.851593 0.317626 1.825059 1.525057 1.424219 1.011507 0.789733 0.177311 0.362018 1.929136 1.218263 1.959006 0.248686 1.511836 0.789814 1.598635 1.979483 1.193728
0.437156 1.437156 1.562844 0.562844 0.443763 0.769253 0.746697 1.692437 1.618972 1.158987 0.812256 1.382567 0.652023 1.221937 1.316602 1.831137 0.796326 0.000000 0.033080 1.917669 1.418877 1.602281 0.778609 0.533555 1.077416 0.542415 1.358406 1.013726 0.272413 1.592021 1.252803 0.968423 1.055267 0.478700 1.378615 0.728731 1.779455 1.807833 1.586059 0.619015 1.158344 1.132810 1.985411 1.244668 1.045012 0.715510 1.586140 1.605039 1.183156 0.397402
0.470235 1.470235 1.529765 0.529765 0.476842 0.736173 0.713617 1.659358 1.585892 1.192066 0.845335 1.415647 0.685103 1.255016 1.349681 1.864217 0.763247 0.033080 0.000000 1.950749 1.451957 1.635361 0.811688 0.500476 1.110496 0.575495 1.325327 1.046806 0.305493 1.558942 1.219724 0.935344 1.088347 0.445620 1.411694 0.761811 1.812534 1.774754 1.552979 0.585936 1.125265 1.165889 1.981510 1.277747 1.011933 0.748589 1.553061 1.638119 1.216236 0.430481
1.480513 0.480513 0.519487 1.519487 1.473906 1.313078 1.335634 0.389894 0.463359 0.758682 1.105413 0.535102 1.265646 0.695732 0.601067 0.086532 1.286005 1.917669 1.950749 0.000000 0.498792 0.315388 1.139060 1.548776 0.840253 1.375254 0.723925 0.903943 1.645256 0.490310 0.829528 1.113908 0.862402 1.603631 0.539054 1.188938 0.138214 0.274498 0.496272 1.463316 0.923987 0.784859 0.067742 0.673001 1.037319 1.202159 0.496191 0.312630 0.734513 1.520267
0.981721 0.018279 1.018279 1.981721 0.975114 1.811870 1.834426 0.888686 0.962151 0.259891 0.606621 0.036310 0.766854 0.196941 0.102275 0.412260 1.784797 1.418877 1.451957 0.498792 0.000000 0.183404 0.640268 1.952433 0.341461 0.876462 1.222717 0.405151 1.146464 0.989102 1.328319 1.612699 0.363610 1.897577 0.040263 0.690146 0.360578 0.773290 0.995064 1.962107 1.422778 0.286068 0.566534 0.174210 1.536111 0.703368 0.994982 0.186162 0.235721 1.021475
1.165125 0.165125 0.834875 1.834875 1.158518 1.628466 1.651022 0.705282 0.778747 0.443295 0.790025 0.219714 0.950258 0.380344 0.285679 0.228856 1.601393 1.602281 1.635361 0.315388 0.183404 0.000000 0.823672 1.864163 0.524865 1.059866 1.039313 0.588555 1.329868 0.805698 1.144915 1.429296 0.547014 1.919019 0.223666 0.873550 0.177174 0.589886 0.811660 1.778704 1.239374 0.469471 0.383130 0.357613 1.352707 0.886771 0.811579 0.002758 0.419125 1.204879
0.341453 0.658547 1.658547 1.341453 0.334846 1.547862 1.525306 1.528954 1.602419 0.380378 0.033647 0.603958 0.126586 0.443328 0.537993 1.052529 1.574935 0.778609 0.811688 1.139060 0.640268 0.823672 0.000000 1.312164 0.298807 0.236194 1.862985 0.235117 0.506196 1.629370 1.968588 1.747032 0.276658 1.257309 0.600006 0.049878 1.000846 1.413558 1.635332 1.397624 1.936953 0.354201 1.206802 0.466059 1.823621 0.063099 1.635251 0.826430 0.404548 0.381207
0.970711 1.970711 1.029289 0.029289 0.977318 0.235697 0.213142 1.158882 1.085417 1.692542 1.345811 1.916123 1.185579 1.755492 1.850157 1.635307 0.262771 0.533555 0.500476 1.548776 1.952433 1.864163 1.312164 0.000000 1.610972 1.075971 0.824851 1.547282 0.805969 1.058466 0.719248 0.434868 1.588823 0.054855 1.912170 1.262287 1.686990 1.274278 1.052503 0.085460 0.624789 1.666365 1.481034 1.778223 0.511457 1.249065 1.052585 1.861406 1.716712 0.930957
0.640261 0.359739 1.359739 1.640261 0.633653 1.846669 1.824113 1.230147 1.303612 0.081570 0.265160 0.305151 0.425393 0.144520 0.239185 0.753721 1.873742 1.077416 1.110496 0.840253 0.341461 0.524865 0.298807 1.610972 0.000000 0.535001 1.564178 0.063690 0.805003 1.330563 1.669780 1.954160 0.022149 1.556116 0.301198 0.348685 0.702039 1.114750 1.336525 1.696432 1.764239 0.055393 0.907994 0.167251 1.877571 0.361907 1.336443 0.527623 0.105740 0.680014
0.105260 0.894740 1.894740 1.105260 0.098652 1.311668 1.289112 1.765148 1.838613 0.616571 0.269841 0.840152 0.109608 0.679521 0.774186 1.288722 1.338741 0.542415 0.575495 1.375254 0.876462 1.059866 0.236194 1.075971 0.535001 0.000000 1.900821 0.471311 0.270002 1.865564 1.795219 1.510839 0.512852 1.021115 0.836199 0.186316 1.237040 1.649751 1.871526 1.161431 1.700760 0.590394 1.442995 0.702252 1.587428 0.173094 1.871444 1.062624 0.640741 0.145014
1.795562 1.204438 0.204438 0.795562 1.802169 0.589153 0.611709 0.334031 0.260566 1.482607 1.829338 1.259026 1.989571 1.419657 1.324992 0.810456 0.562080 1.358406 1.325327 0.723925 1.222717 1.039313 1.862985 0.824851 1.564178 1.900821 0.000000 1.627867 1.630819 0.233615 0.105603 0.389983 1.586327 0.879706 1.262979 1.912863 0.862139 0.449427 0.227653 0.739391 0.200062 1.508784 0.656183 1.396926 0.313394 1.926084 0.227734 1.036555 1.458437 1.755808
0.576571 0.423429 1.423429 1.576571 0.569964 1.782979 1.760423 1.293837 1.367302 0.145260 0.201471 0.368841 0.361703 0.208210 0.302875 0.817411 1.810053 1.013726 1.046806 0.903943 0.405151 0.588555 0.235117 1.547282 0.063690 0.471311 1.627867 0.000000 0.741313 1.394253 1.733470 1.982150 0.041541 1.492426 0.364888 0.284995 0.765729 1.178440 1.400215 1.632742 1.827929 0.119083 0.971684 0.230941 1.941261 0.298217 1.400133 0.591313 0.169430 0.616325
0.164743 1.164743 1.835257 0.835257 0.171350 1.041666 1.019110 1.964850 1.891385 0.886573 0.539843 1.110154 0.379610 0.949524 1.044189 1.558724 1.068739 0.272413 0.305493 1.645256 1.146464 1.329868 0.506196 0.805969 0.805003 0.270002 1.630819 0.741313 0.000000 1.864434 1.525217 1.240836 0.782854 0.751113 1.106201 0.456318 1.507042 1.919754 1.858472 0.891428 1.430758 0.860397 1.712998 0.972255 1.317425 0.443097 1.858553 1.332626 0.910743 0.124989
1.970823 0.970823 0.029177 1.029177 1.964216 0.822768 0.845324 0.100416 0.026951 1.248992 1.595723 1.025412 1.755956 1.186042 1.091377 0.576842 0.795695 1.592021 1.558942 0.490310 0.989102 0.805698 1.629370 1.058466 1.330563 1.865564 0.233615 1.394253 1.864434 0.000000 0.339218 0.623598 1.352712 1.113321 1.029364 1.679248 0.628524 0.215812 0.005962 0.973006 0.433677 1.275169 0.422568 1.163311 0.547009 1.692469 0.005881 0.802940 1.224823 1.989423
1.689959 1.310041 0.310041 0.689959 1.696566 0.483551 0.506106 0.439634 0.366169 1.588210 1.934941 1.364629 1.904827 1.525260 1.430595 0.916059 0.456477 1.252803 1.219724 0.829528 1.328319 1.144915 1.968588 0.719248 1.669780 1.795219 0.105603 1.733470 1.525217 0.339218 0.000000 0.284380 1.691929 0.774103 1.368582 1.981535 0.967742 0.555030 0.333255 0.633788 0.094459 1.614387 0.761786 1.502529 0.207791 1.968313 0.333337 1.142158 1.564040 1.650205
1.405579 1.594421 0.594421 0.405579 1.412186 0.199170 0.221726 0.724014 0.650549 1.872590 1.780679 1.649009 1.620447 1.809640 1.714975 1.200439 0.172097 0.968423 0.935344 1.113908 1.612699 1.429296 1.747032 0.434868 1.954160 1.510839 0.389983 1.982150 1.240836 0.623598 0.284380 0.000000 1.976309 0.489723 1.652962 1.697155 1.252122 0.839410 0.617636 0.349408 0.189921 1.898767 1.046166 1.786909 0.076589 1.683933 0.617717 1.426538 1.848420 1.365825
0.618112 0.381888 1.381888 1.618112 0.611504 1.824520 1.801964 1.252296 1.325761 0.103719 0.243011 0.327300 0.403244 0.166669 0.261334 0.775870 1.851593 1.055267 1.088347 0.862402 0.363610 0.547014 0.276658 1.588823 0.022149 0.512852 1.586327 0.041541 0.782854 1.352712 1.691929 1.976309 0.000000 1.533967 0.323347 0.326536 0.724188 1.136899 1.358674 1.674283 1.786388 0.077542 0.930143 0.189400 1.899720 0.339758 1.358592 0.549772 0.127889 0.657866
0.915856 1.915856 1.084144 0.084144 0.922463 0.290553 0.267997 1.213737 1.140272 1.637687 1.290956 1.861267 1.130723 1.700637 1.795302 1.690163 0.317626 0.478700 0.445620 1.603631 1.897577 1.919019 1.257309 0.054855 1.556116 1.021115 0.879706 1.492426 0.751113 1.113321 0.774103 0.489723 1.533967 0.000000 1.857315 1.207431 1.741845 1.329133 1.107359 0.140315 0.679644 1.611510 1.535889 1.723368 0.566312 1.194210 1.107440 1.916261 1.661856 0.876102
0.941459 0.058541 1.058541 1.941459 0.934852 1.852133 1.874688 0.928948 1.002413 0.219628 0.566359 0.003953 0.726591 0.156678 0.062013 0.452523 1.825059 1.378615 1.411694 0.539054 0.040263 0.223666 0.600006 1.912170 0.301198 0.836199 1.262979 0.364888 1.106201 1.029364 1.368582 1.652962 0.323347 1.857315 0.000000 0.649883 0.400840 0.813552 1.035327 1.997630 1.463041 0.245805 0.606796 0.133947 1.576373 0.663105 1.035245 0.226424 0.195458 0.981213
0.291575 0.708425 1.708425 1.291575 0.284968 1.497984 1.475428 1.578832 1.652297 0.430255 0.083525 0.653836 0.076708 0.493205 0.587870 1.102406 1.525057 0.728731 0.761811 1.188938 0.690146 0.873550 0.049878 1.262287 0.348685 0.186316 1.912863 0.284995 0.456318 1.679248 1.981535 1.697155 0.326536 1.207431 0.649883 0.000000 1.050724 1.463436 1.685210 1.347747 1.887076 0.404078 1.256680 0.515936 1.773744 0.013222 1.685128 0.876308 0.454425 0.331329
1.342299 0.342299 0.657701 1.657701 1.335692 1.451292 1.473848 0.528108 0.601573 0.620468 0.967199 0.396888 1.127432 0.557518 0.462853 0.051683 1.424219 1.779455 1.812534 0.138214 0.360578 0.177174 1.000846 1.686990 0.702039 1.237040 0.862139 0.765729 1.507042 0.628524 0.967742 1.252122 0.724188 1.741845 0.400840 1.050724 0.000000 0.412712 0.634486 1.601530 1.062201 0.646645 0.205956 0.534787 1.175533 1.063945 0.634405 0.174416 0.596298 1.382053
1.755011 0.755011 0.244989 1.244989 1.748404 1.038580 1.061136 0.115396 0.188861 1.033180 1.379911 0.809599 1.540144 0.970230 0.875565 0.361029 1.011507 1.807833 1.774754 0.274498 0.773290 0.589886 1.413558 1.274278 1.114750 1.649751 0.449427 1.178440 1.919754 0.215812 0.555030 0.839410 1.136899 1.329133 0.813552 1.463436 0.412712 0.000000 0.221774 1.188818 0.649489 1.059357 0.206756 0.947499 0.762821 1.476657 0.221693 0.587128 1.009010 1.794765
1.976785 0.976785 0.023215 1.023215 1.970178 0.816806 0.839362 0.106378 0.032913 1.254955 1.601685 1.031374 1.761918 1.192005 1.097339 0.582804 0.789733 1.586059 1.552979 0.496272 0.995064 0.811660 1.635332 1.052503 1.336525 1.871526 0.227653 1.400215 1.858472 0.005962 0.333255 0.617636 1.358674 1.107359 1.035327 1.685210 0.634486 0.221774 0.000000 0.967044 0.427714 1.281132 0.428530 1.169273 0.541047 1.698432 0.000081 0.808902 1.230785 1.983461
1.056171 1.943829 0.943829 0.056171 1.062778 0.150238 0.127682 1.073422 0.999957 1.778002 1.431271 1.998417 1.271039 1.840952 1.935617 1.549847 0.177311 0.619015 0.585936 1.463316 1.962107 1.778704 1.397624 0.085460 1.696432 1.161431 0.739391 1.632742 0.891428 0.973006 0.633788 0.349408 1.674283 0.140315 1.997630 1.347747 1.601530 1.188818 0.967044 0.000000 0.539329 1.751825 1.395574 1.863683 0.425997 1.334525 0.967125 1.775946 1.802172 1.016417
1.595500 1.404500 0.404500 0.595500 1.602107 0.389092 0.411647 0.534093 0.460628 1.682669 1.970600 1.459088 1.810368 1.619719 1.525054 1.010518 0.362018 1.158344 1.125265 0.923987 1.422778 1.239374 1.936953 0.624789 1.764239 1.700760 0.200062 1.827929 1.430758 0.433677 0.094459 0.189921 1.786388 0.679644 1.463041 1.887076 1.062201 0.649489 0.427714 0.539329 0.000000 1.708846 0.856245 1.596988 0.113332 1.873854 0.427796 1.236617 1.658499 1.555746
0.695654 0.304346 1.304346 1.695654 0.689047 1.902062 1.879507 1.174753 1.248218 0.026177 0.320554 0.249758 0.480786 0.089127 0.183792 0.698328 1.929136 1.132810 1.165889 0.784859 0.286068 0.469471 0.354201 1.666365 0.055393 0.590394 1.508784 0.119083 0.860397 1.275169 1.614387 1.898767 0.077542 1.611510 0.245805 0.404078 0.646645 1.059357 1.281132 1.751825 1.708846 0.000000 0.852601 0.111858 1.822178 0.417300 1.281050 0.472229 0.050347 0.735408
1.548255 0.548255 0.451745 1.451745 1.541648 1.245336 1.267892 0.322152 0.395617 0.826424 1.173155 0.602843 1.333388 0.763474 0.668809 0.154273 1.218263 1.985411 1.981510 0.067742 0.566534 0.383130 1.206802 1.481034 0.907994 1.442995 0.656183 0.971684 1.712998 0.422568 0.761786 1.046166 0.930143 1.535889 0.606796 1.256680 0.205956 0.206756 0.428530 1.395574 0.856245 0.852601 0.000000 0.740743 0.969577 1.269901 0.428449 0.380372 0.802254 1.588009
0.807512 0.192488 1.192488 1.807512 0.800905 1.986079 1.991365 1.062895 1.136360 0.085681 0.432412 0.137900 0.592644 0.022731 0.071934 0.586470 1.959006 1.244668 1.277747 0.673001 0.174210 0.357613 0.466059 1.778223 0.167251 0.702252 1.396926 0.230941 0.972255 1.163311 1.502529 1.786909 0.189400 1.723368 0.133947 0.515936 0.534787 0.947499 1.169273 1.863683 1.596988 0.111858 0.740743 0.000000 1.710320 0.529158 1.169192 0.360371 0.061511 0.847266
1.482168 1.517832 0.517832 0.482168 1.488775 0.275759 0.298315 0.647425 0.573960 1.796001 1.857268 1.572420 1.697035 1.733051 1.638386 1.123850 0.248686 1.045012 1.011933 1.037319 1.536111 1.352707 1.823621 0.511457 1.877571 1.587428 0.313394 1.941261 1.317425 0.547009 0.207791 0.076589 1.899720 0.566312 1.576373 1.773744 1.175533 0.762821 0.541047 0.425997 0.113332 1.822178 0.969577 1.710320 0.000000 1.760522 0.541128 1.349949 1.771831 1.442414
0.278354 0.721646 1.721646 1.278354 0.271747 1.484762 1.462207 1.592053 1.665518 0.443477 0.096746 0.667058 0.063486 0.506427 0.601092 1.115628 1.511836 0.715510 0.748589 1.202159 0.703368 0.886771 0.063099 1.249065 0.361907 0.173094 1.926084 0.298217 0.443097 1.692469 1.968313 1.683933 0.339758 1.194210 0.663105 0.013222 1.063945 1.476657 1.698432 1.334525 1.873854 0.417300 1.269901 0.529158 1.760522 0.000000 1.698350 0.889529 0.467647 0.318108
1.976704 0.976704 0.023296 1.023296 1.970097 0.816887 0.839443 0.106297 0.032832 1.254873 1.601604 1.031292 1.761836 1.191923 1.097258 0.582722 0.789814 1.586140 1.553061 0.496191 0.994982 0.811579 1.635251 1.052585 1.336443 1.871444 0.227734 1.400133 1.858553 0.005881 0.333337 0.617717 1.358592 1.107440 1.035245 1.685128 0.634405 0.221693 0.000081 0.967125 0.427796 1.281050 0.428449 1.169192 0.541128 1.698350 0.000000 0.808821 1.230703 1.983542
1.167883 0.167883 0.832117 1.832117 1.161276 1.625708 1.648264 0.702524 0.775989 0.446052 0.792783 0.222472 0.953016 0.383102 0.288437 0.226098 1.598635 1.605039 1.638119 0.312630 0.186162 0.002758 0.826430 1.861406 0.527623 1.062624 1.036555 0.591313 1.332626 0.802940 1.142158 1.426538 0.549772 1.916261 0.226424 0.876308 0.174416 0.587128 0.808902 1.775946 1.236617 0.472229 0.380372 0.360371 1.349949 0.889529 0.808821 0.000000 0.421883 1.207637
0.746001 0.253999 1.253999 1.746001 0.739394 1.952409 1.929853 1.124406 1.197872 0.024170 0.370901 0.199411 0.531133 0.038780 0.133445 0.647981 1.979483 1.183156 1.216236 0.734513 0.235721 0.419125 0.404548 1.716712 0.105740 0.640741 1.458437 0.169430 0.910743 1.224823 1.564040 1.848420 0.127889 1.661856 0.195458 0.454425 0.596298 1.009010 1.230785 1.802172 1.658499 0.050347 0.802254 0.061511 1.771831 0.467647 1.230703 0.421883 0.000000 0.785755
0.039754 1.039754 1.960246 0.960246 0.046361 1.166655 1.144099 1.910161 1.983626 0.761585 0.414854 0.985166 0.254621 0.824535 0.919200 1.433736 1.193728 0.397402 0.430481 1.520267 1.021475 1.204879 0.381207 0.930957 0.680014 0.145014 1.755808 0.616325 0.124989 1.989423 1.650205 1.365825 0.657866 0.876102 0.981213 0.331329 1.382053 1.794765 1.983461 1.016417 1.555746 0.735408 1.588009 0.847266 1.442414 0.318108 1.983542 1.207637 0.785755 0.000000
