45
0.000000 1.000000 2.000000 1.000000 1.949694 1.795927 1.181498 0.251664 1.515649 0.371262 0.492049 0.041007 1.511297 0.373815 1.003013 0.182335 1.575532 0.630284 1.447156 1.615114 1.151638 0.478960 1.102785 1.394818 1.720268 1.800974 1.756486 0.628487 1.761031 1.477648 1.428091 1.512168 1.000953 1.909219 0.413385 0.070628 1.577706 1.089939 0.836506 1.303677 1.604300 1.846645 1.536983 0.258631 1.886208
1.000000 0.000000 1.000000 2.000000 1.050306 1.204073 1.818502 1.251664 1.484351 1.371262 1.492049 0.958993 0.511297 0.626185 1.996987 1.182335 1.424468 1.630284 0.447156 0.615114 1.848362 1.478960 0.102785 1.605182 0.720268 0.800974 1.243514 1.628487 0.761031 1.522352 1.571909 0.512168 1.999047 0.909219 0.586615 1.070628 0.577706 0.089939 1.836506 1.696323 1.395700 1.153355 0.536983 1.258631 0.886208
2.000000 1.000000 0.000000 1.000000 0.050306 0.204073 0.818502 1.748336 0.484351 1.628738 1.507951 1.958993 0.488703 1.626185 0.996987 1.817665 0.424468 1.369716 0.552844 0.384886 0.848362 1.521040 0.897215 0.605182 0.279732 0.199026 0.243514 1.371513 0.238969 0.522352 0.571909 0.487832 0.999047 0.090781 1.586615 1.929372 0.422294 0.910061 1.163494 0.696323 0.395700 0.153355 0.463017 1.741369 0.113792
1.000000 2.000000 1.000000 0.000000 0.949694 0.795927 0.181498 0.748336 0.515649 0.628738 0.507951 1.041007 1.488703 1.373815 0.003013 0.817665 0.575532 0.369716 1.552844 1.384886 0.151638 0.521040 1.897215 0.394818 1.279732 1.199026 0.756486 0.371513 1.238969 0.477648 0.428091 1.487832 0.000953 1.090781 1.413385 0.929372 1.422294 1.910061 0.163494 0.303677 0.604300 0.846645 1.463017 0.741369 1.113792
1.949694 1.050306 0.050306 0.949694 0.000000 0.153767 0.768196 1.698030 0.434045 1.578432 1.457645 1.990701 0.539009 1.676491 0.946681 1.767359 0.374162 1.319410 0.603150 0.435192 0.798056 1.470734 0.947521 0.554876 0.330038 0.249332 0.193208 1.321207 0.289275 0.472046 0.521603 0.538138 0.948741 0.141087 1.636921 1.879066 0.472600 0.960367 1.113188 0.646017 0.345395 0.103049 0.513323 1.691063 0.164097
1.795927 1.204073 0.204073 0.795927 0.153767 0.000000 0.614430 1.544263 0.280278 1.424666 1.303878 1.836934 0.692776 1.830257 0.792915 1.613592 0.220396 1.165644 0.756917 0.588958 0.644289 1.316967 1.101288 0.401110 0.483804 0.403099 0.039441 1.167440 0.443042 0.318279 0.367836 0.691905 0.794974 0.294854 1.790688 1.725300 0.626367 1.114134 0.959422 0.492250 0.191628 0.050717 0.667090 1.537297 0.317864
1.181498 1.818502 0.818502 0.181498 0.768196 0.614430 0.000000 0.929834 0.334152 0.810236 0.689449 1.222505 1.307205 1.555313 0.178485 0.999163 0.394034 0.551214 1.371346 1.203388 0.029860 0.702538 1.715717 0.213320 1.098234 1.017528 0.574988 0.553011 1.057471 0.296150 0.246593 1.306334 0.180545 0.909283 1.594883 1.110870 1.240796 1.728564 0.344992 0.122179 0.422802 0.665147 1.281519 0.922867 0.932294
0.251664 1.251664 1.748336 0.748336 1.698030 1.544263 0.929834 0.000000 1.263985 0.119597 0.240385 0.292671 1.762961 0.625480 0.751349 0.069329 1.323867 0.378619 1.698820 1.866779 0.899974 0.227296 1.354449 1.143153 1.971933 1.947362 1.504822 0.376823 1.987305 1.225984 1.176427 1.763832 0.749289 1.839117 0.665049 0.181037 1.829370 1.341603 0.584841 1.052013 1.352635 1.594980 1.788647 0.006966 1.862127
1.515649 1.484351 0.484351 0.515649 0.434045 0.280278 0.334152 1.263985 0.000000 1.144388 1.023600 1.556656 0.973054 1.889465 0.512636 1.333314 0.059882 0.885366 1.037195 0.869236 0.364011 1.036689 1.381566 0.120832 0.764082 0.683377 0.240837 0.887162 0.723320 0.038001 0.087558 0.972183 0.514696 0.575132 1.929034 1.445022 0.906645 1.394412 0.679144 0.211972 0.088650 0.330995 0.947368 1.257019 0.598142
0.371262 1.371262 1.628738 0.628738 1.578432 1.424666 0.810236 0.119597 1.144388 0.000000 0.120787 0.412269 1.882559 0.745077 0.631751 0.188926 1.204270 0.259022 1.818418 1.986376 0.780377 0.107699 1.474047 1.023556 1.908470 1.827765 1.385224 0.257226 1.867707 1.106387 1.056829 1.883430 0.629692 1.719519 0.784647 0.300634 1.948967 1.461200 0.465244 0.932415 1.233038 1.475383 1.908245 0.112631 1.742530
0.492049 1.492049 1.507951 0.507951 1.457645 1.303878 0.689449 0.240385 1.023600 0.120787 0.000000 0.533056 1.996654 0.865864 0.510964 0.309714 1.083483 0.138234 1.939205 1.892836 0.659589 0.013089 1.594834 0.902769 1.787682 1.706977 1.264437 0.136438 1.746920 0.985599 0.936042 1.995783 0.508904 1.598732 0.905434 0.421422 1.930245 1.581988 0.344456 0.811628 1.112250 1.354595 1.970968 0.233418 1.621742
0.041007 0.958993 1.958993 1.041007 1.990701 1.836934 1.222505 0.292671 1.556656 0.412269 0.533056 0.000000 1.470290 0.332808 1.044020 0.223342 1.616539 0.671291 1.406149 1.574107 1.192645 0.519967 1.061778 1.435825 1.679261 1.759967 1.797493 0.669494 1.720024 1.518655 1.469098 1.471161 1.041960 1.868212 0.372378 0.111634 1.536699 1.048932 0.877512 1.344684 1.645306 1.887652 1.495976 0.299638 1.845202
1.511297 0.511297 0.488703 1.488703 0.539009 0.692776 1.307205 1.762961 0.973054 1.882559 1.996654 1.470290 0.000000 1.137482 1.485690 1.693632 0.913171 1.858419 0.064141 0.103817 1.337065 1.990257 0.408512 1.093885 0.208971 0.289677 0.732217 1.860216 0.249734 1.011055 1.060612 0.000871 1.487750 0.397922 1.097912 1.581924 0.066409 0.421358 1.652198 1.185026 0.884404 0.642058 0.025686 1.769928 0.374912
0.373815 0.626185 1.626185 1.373815 1.676491 1.830257 1.555313 0.625480 1.889465 0.745077 0.865864 0.332808 1.137482 0.000000 1.376828 0.556151 1.949347 1.004099 1.073341 1.241299 1.525454 0.852775 0.728970 1.768633 1.346453 1.427158 1.869699 1.002302 1.387216 1.851463 1.801906 1.138353 1.374769 1.535404 0.039570 0.444443 1.203890 0.716123 1.210321 1.677492 1.978115 1.779540 1.163168 0.632446 1.512393
1.003013 1.996987 0.996987 0.003013 0.946681 0.792915 0.178485 0.751349 0.512636 0.631751 0.510964 1.044020 1.485690 1.376828 0.000000 0.820678 0.572519 0.372729 1.549831 1.381873 0.148625 0.524053 1.894202 0.391805 1.276719 1.196013 0.753473 0.374526 1.235956 0.474635 0.425078 1.484819 0.002060 1.087768 1.416398 0.932385 1.419281 1.907048 0.166507 0.300664 0.601287 0.843632 1.460004 0.744382 1.110779
0.182335 1.182335 1.817665 0.817665 1.767359 1.613592 0.999163 0.069329 1.333314 0.188926 0.309714 0.223342 1.693632 0.556151 0.820678 0.000000 1.393196 0.447948 1.629491 1.797450 0.969303 0.296625 1.285120 1.212482 1.902604 1.983309 1.574151 0.446152 1.943366 1.295313 1.245756 1.694503 0.818618 1.908446 0.595720 0.111708 1.760041 1.272274 0.654170 1.121342 1.421964 1.664309 1.719318 0.076295 1.931456
1.575532 1.424468 0.424468 0.575532 0.374162 0.220396 0.394034 1.323867 0.059882 1.204270 1.083483 1.616539 0.913171 1.949347 0.572519 1.393196 0.000000 0.945248 0.977312 0.809354 0.423893 1.096572 1.321683 0.180714 0.704200 0.623495 0.180954 0.947045 0.663437 0.097883 0.147441 0.912300 0.574578 0.515249 1.988917 1.504904 0.846763 1.334530 0.739026 0.271855 0.028768 0.271113 0.887485 1.316901 0.538260
0.630284 1.630284 1.369716 0.369716 1.319410 1.165644 0.551214 0.378619 0.885366 0.259022 0.138234 0.671291 1.858419 1.004099 0.372729 0.447948 0.945248 0.000000 1.922560 1.754602 0.521355 0.151323 1.733068 0.764534 1.649448 1.568743 1.126202 0.001796 1.608685 0.847365 0.797807 1.857548 0.370670 1.460497 1.043669 0.559656 1.792011 1.720222 0.206222 0.673393 0.974016 1.216361 1.832733 0.371653 1.483508
1.447156 0.447156 0.552844 1.552844 0.603150 0.756917 1.371346 1.698820 1.037195 1.818418 1.939205 1.406149 0.064141 1.073341 1.549831 1.629491 0.977312 1.922560 0.000000 0.167958 1.401206 1.926116 0.344371 1.158026 0.273112 0.353818 0.796358 1.924357 0.313875 1.075196 1.124753 0.065012 1.551891 0.462063 1.033771 1.517783 0.130550 0.357217 1.716339 1.249167 0.948545 0.706199 0.089827 1.705787 0.439053
1.615114 0.615114 0.384886 1.384886 0.435192 0.588958 1.203388 1.866779 0.869236 1.986376 1.892836 1.574107 0.103817 1.241299 1.381873 1.797450 0.809354 1.754602 0.167958 0.000000 1.233247 1.905925 0.512330 0.990068 0.105154 0.185859 0.628400 1.756398 0.145917 0.907237 0.956795 0.102947 1.383932 0.294105 1.201730 1.685742 0.037409 0.525176 1.548380 1.081209 0.780586 0.538241 0.078131 1.873745 0.271094
1.151638 1.848362 0.848362 0.151638 0.798056 0.644289 0.029860 0.899974 0.364011 0.780377 0.659589 1.192645 1.337065 1.525454 0.148625 0.969303 0.423893 0.521355 1.401206 1.233247 0.000000 0.672678 1.745577 0.243179 1.128093 1.047388 0.604848 0.523151 1.087331 0.326010 0.276453 1.336194 0.150685 0.939143 1.565023 1.081011 1.270656 1.758423 0.315133 0.152039 0.452661 0.695006 1.311379 0.893008 0.962153
0.478960 1.478960 1.521040 0.521040 1.470734 1.316967 0.702538 0.227296 1.036689 0.107699 0.013089 0.519967 1.990257 0.852775 0.524053 0.296625 1.096572 0.151323 1.926116 1.905925 0.672678 0.000000 1.581745 0.915858 1.800771 1.720066 1.277526 0.149527 1.760009 0.998688 0.949131 1.991128 0.521993 1.611821 0.892345 0.408333 1.943334 1.568899 0.357545 0.824717 1.125339 1.367684 1.984057 0.220329 1.634831
1.102785 0.102785 0.897215 1.897215 0.947521 1.101288 1.715717 1.354449 1.381566 1.474047 1.594834 1.061778 0.408512 0.728970 1.894202 1.285120 1.321683 1.733068 0.344371 0.512330 1.745577 1.581745 0.000000 1.502397 0.617484 0.698189 1.140729 1.731272 0.658246 1.419567 1.469124 0.409383 1.896262 0.806434 0.689400 1.173412 0.474921 0.012846 1.939290 1.593538 1.292916 1.050571 0.434198 1.361416 0.783424
1.394818 1.605182 0.605182 0.394818 0.554876 0.401110 0.213320 1.143153 0.120832 1.023556 0.902769 1.435825 1.093885 1.768633 0.391805 1.212482 0.180714 0.764534 1.158026 0.990068 0.243179 0.915858 1.502397 0.000000 0.884914 0.804209 0.361668 0.766331 0.844151 0.082830 0.033273 1.093014 0.393864 0.695963 1.808203 1.324190 1.027477 1.515244 0.558312 0.091141 0.209482 0.451827 1.068199 1.136187 0.718974
1.720268 0.720268 0.279732 1.279732 0.330038 0.483804 1.098234 1.971933 0.764082 1.908470 1.787682 1.679261 0.208971 1.346453 1.276719 1.902604 0.704200 1.649448 0.273112 0.105154 1.128093 1.800771 0.617484 0.884914 0.000000 0.080705 0.523245 1.651244 0.040763 0.802083 0.851641 0.208101 1.278778 0.188951 1.306884 1.790896 0.142563 0.630330 1.443226 0.976054 0.675432 0.433087 0.183285 1.978899 0.165940
1.800974 0.800974 0.199026 1.199026 0.249332 0.403099 1.017528 1.947362 0.683377 1.827765 1.706977 1.759967 0.289677 1.427158 1.196013 1.983309 0.623495 1.568743 0.353818 0.185859 1.047388 1.720066 0.698189 0.804209 0.080705 0.000000 0.442540 1.570539 0.039943 0.721378 0.770935 0.288806 1.198073 0.108245 1.387589 1.871601 0.223268 0.711035 1.362521 0.895349 0.594727 0.352382 0.263991 1.940396 0.085235
1.756486 1.243514 0.243514 0.756486 0.193208 0.039441 0.574988 1.504822 0.240837 1.385224 1.264437 1.797493 0.732217 1.869699 0.753473 1.574151 0.180954 1.126202 0.796358 0.628400 0.604848 1.277526 1.140729 0.361668 0.523245 0.442540 0.000000 1.127999 0.482483 0.278838 0.328395 0.731346 0.755533 0.334295 1.830129 1.685859 0.665808 1.153575 0.919981 0.452809 0.152187 0.090159 0.706531 1.497855 0.357305
0.628487 1.628487 1.371513 0.371513 1.321207 1.167440 0.553011 0.376823 0.887162 0.257226 0.136438 0.669494 1.860216 1.002302 0.374526 0.446152 0.947045 0.001796 1.924357 1.756398 0.523151 0.149527 1.731272 0.766331 1.651244 1.570539 1.127999 0.000000 1.610482 0.849161 0.799604 1.859345 0.372466 1.462294 1.041872 0.557860 1.793807 1.718426 0.208018 0.675190 0.975812 1.218157 1.834530 0.369856 1.485304
1.761031 0.761031 0.238969 1.238969 0.289275 0.443042 1.057471 1.987305 0.723320 1.867707 1.746920 1.720024 0.249734 1.387216 1.235956 1.943366 0.663437 1.608685 0.313875 0.145917 1.087331 1.760009 0.658246 0.844151 0.040763 0.039943 0.482483 1.610482 0.000000 0.761321 0.810878 0.248863 1.238016 0.148188 1.347646 1.831659 0.183325 0.671092 1.402463 0.935292 0.634670 0.392324 0.224048 1.980338 0.125178
1.477648 1.522352 0.522352 0.477648 0.472046 0.318279 0.296150 1.225984 0.038001 1.106387 0.985599 1.518655 1.011055 1.851463 0.474635 1.295313 0.097883 0.847365 1.075196 0.907237 0.326010 0.998688 1.419567 0.082830 0.802083 0.721378 0.278838 0.849161 0.761321 0.000000 0.049557 1.010184 0.476695 0.613133 1.891033 1.407021 0.944646 1.432413 0.641143 0.173971 0.126651 0.368996 0.985369 1.219018 0.636143
1.428091 1.571909 0.571909 0.428091 0.521603 0.367836 0.246593 1.176427 0.087558 1.056829 0.936042 1.469098 1.060612 1.801906 0.425078 1.245756 0.147441 0.797807 1.124753 0.956795 0.276453 0.949131 1.469124 0.033273 0.851641 0.770935 0.328395 0.799604 0.810878 0.049557 0.000000 1.059741 0.427138 0.662690 1.841476 1.357463 0.994203 1.481970 0.591586 0.124414 0.176208 0.418554 1.034926 1.169460 0.685700
1.512168 0.512168 0.487832 1.487832 0.538138 0.691905 1.306334 1.763832 0.972183 1.883430 1.995783 1.471161 0.000871 1.138353 1.484819 1.694503 0.912300 1.857548 0.065012 0.102947 1.336194 1.991128 0.409383 1.093014 0.208101 0.288806 0.731346 1.859345 0.248863 1.010184 1.059741 0.000000 1.486879 0.397051 1.098783 1.582795 0.065538 0.422229 1.651327 1.184155 0.883533 0.641188 0.024815 1.770799 0.374041
1.000953 1.999047 0.999047 0.000953 0.948741 0.794974 0.180545 0.749289 0.514696 0.629692 0.508904 1.041960 1.487750 1.374769 0.002060 0.818618 0.574578 0.370670 1.551891 1.383932 0.150685 0.521993 1.896262 0.393864 1.278778 1.198073 0.755533 0.372466 1.238016 0.476695 0.427138 1.486879 0.000000 1.089828 1.414338 0.930326 1.421341 1.909108 0.164448 0.302724 0.603346 0.845691 1.462064 0.742323 1.112838
1.909219 0.909219 0.090781 1.090781 0.141087 0.294854 0.909283 1.839117 0.575132 1.719519 1.598732 1.868212 0.397922 1.535404 1.087768 1.908446 0.515249 1.460497 0.462063 0.294105 0.939143 1.611821 0.806434 0.695963 0.188951 0.108245 0.334295 1.462294 0.148188 0.613133 0.662690 0.397051 1.089828 0.000000 1.495834 1.979847 0.331513 0.819280 1.254276 0.787104 0.486482 0.244136 0.372236 1.832150 0.023010
0.413385 0.586615 1.586615 1.413385 1.636921 1.790688 1.594883 0.665049 1.929034 0.784647 0.905434 0.372378 1.097912 0.039570 1.416398 0.595720 1.988917 1.043669 1.033771 1.201730 1.565023 0.892345 0.689400 1.808203 1.306884 1.387589 1.830129 1.041872 1.347646 1.891033 1.841476 1.098783 1.414338 1.495834 0.000000 0.484012 1.164321 0.676554 1.249890 1.717062 1.982316 1.739971 1.123598 0.672016 1.472824
0.070628 1.070628 1.929372 0.929372 1.879066 1.725300 1.110870 0.181037 1.445022 0.300634 0.421422 0.111634 1.581924 0.444443 0.932385 0.111708 1.504904 0.559656 1.517783 1.685742 1.081011 0.408333 1.173412 1.324190 1.790896 1.871601 1.685859 0.557860 1.831659 1.407021 1.357463 1.582795 0.930326 1.979847 0.484012 0.000000 1.648333 1.160566 0.765878 1.233050 1.533672 1.776017 1.607611 0.188003 1.956836
1.577706 0.577706 0.422294 1.422294 0.472600 0.626367 1.240796 1.829370 0.906645 1.948967 1.930245 1.536699 0.066409 1.203890 1.419281 1.760041 0.846763 1.792011 0.130550 0.037409 1.270656 1.943334 0.474921 1.027477 0.142563 0.223268 0.665808 1.793807 0.183325 0.944646 0.994203 0.065538 1.421341 0.331513 1.164321 1.648333 0.000000 0.487767 1.585789 1.118617 0.817995 0.575650 0.040723 1.836336 0.308503
1.089939 0.089939 0.910061 1.910061 0.960367 1.114134 1.728564 1.341603 1.394412 1.461200 1.581988 1.048932 0.421358 0.716123 1.907048 1.272274 1.334530 1.720222 0.357217 0.525176 1.758423 1.568899 0.012846 1.515244 0.630330 0.711035 1.153575 1.718426 0.671092 1.432413 1.481970 0.422229 1.909108 0.819280 0.676554 1.160566 0.487767 0.000000 1.926444 1.606384 1.305762 1.063417 0.447044 1.348569 0.796270
0.836506 1.836506 1.163494 0.163494 1.113188 0.959422 0.344992 0.584841 0.679144 0.465244 0.344456 0.877512 1.652198 1.210321 0.166507 0.654170 0.739026 0.206222 1.716339 1.548380 0.315133 0.357545 1.939290 0.558312 1.443226 1.362521 0.919981 0.208018 1.402463 0.641143 0.591586 1.651327 0.164448 1.254276 1.249890 0.765878 1.585789 1.926444 0.000000 0.467172 0.767794 1.010139 1.626511 0.577875 1.277286
1.303677 1.696323 0.696323 0.303677 0.646017 0.492250 0.122179 1.052013 0.211972 0.932415 0.811628 1.344684 1.185026 1.677492 0.300664 1.121342 0.271855 0.673393 1.249167 1.081209 0.152039 0.824717 1.593538 0.091141 0.976054 0.895349 0.452809 0.675190 0.935292 0.173971 0.124414 1.184155 0.302724 0.787104 1.717062 1.233050 1.118617 1.606384 0.467172 0.000000 0.300622 0.542968 1.159340 1.045046 0.810114
1.604300 1.395700 0.395700 0.604300 0.345395 0.191628 0.422802 1.352635 0.088650 1.233038 1.112250 1.645306 0.884404 1.978115 0.601287 1.421964 0.028768 0.974016 0.948545 0.780586 0.452661 1.125339 1.292916 0.209482 0.675432 0.594727 0.152187 0.975812 0.634670 0.126651 0.176208 0.883533 0.603346 0.486482 1.982316 1.533672 0.817995 1.305762 0.767794 0.300622 0.000000 0.242345 0.858718 1.345669 0.509492
1.846645 1.153355 0.153355 0.846645 0.103049 0.050717 0.665147 1.594980 0.330995 1.475383 1.354595 1.887652 0.642058 1.779540 0.843632 1.664309 0.271113 1.216361 0.706199 0.538241 0.695006 1.367684 1.050571 0.451827 0.433087 0.352382 0.090159 1.218157 0.392324 0.368996 0.418554 0.641188 0.845691 0.244136 1.739971 1.776017 0.575650 1.063417 1.010139 0.542968 0.242345 0.000000 0.616372 1.588014 0.267147
1.536983 0.536983 0.463017 1.463017 0.513323 0.667090 1.281519 1.788647 0.947368 1.908245 1.970968 1.495976 0.025686 1.163168 1.460004 1.719318 0.887485 1.832733 0.089827 0.078131 1.311379 1.984057 0.434198 1.068199 0.183285 0.263991 0.706531 1.834530 0.224048 0.985369 1.034926 0.024815 1.462064 0.372236 1.123598 1.607611 0.040723 0.447044 1.626511 1.159340 0.858718 0.616372 0.000000 1.795614 0.349226
0.258631 1.258631 1.741369 0.741369 1.691063 1.537297 0.922867 0.006966 1.257019 0.112631 0.233418 0.299638 1.769928 0.632446 0.744382 0.076295 1.316901 0.371653 1.705787 1.873745 0.893008 0.220329 1.361416 1.136187 1.978899 1.940396 1.497855 0.369856 1.980338 1.219018 1.169460 1.770799 0.742323 1.832150 0.672016 0.188003 1.836336 1.348569 0.577875 1.045046 1.345669 1.588014 1.795614 0.000000 1.855161
1.886208 0.886208 0.113792 1.113792 0.164097 0.317864 0.932294 1.862127 0.598142 1.742530 1.621742 1.845202 0.374912 1.512393 1.110779 1.931456 0.538260 1.483508 0.439053 0.271094 0.962153 1.634831 0.783424 0.718974 0.165940 0.085235 0.357305 1.485304 0.125178 0.636143 0.685700 0.374041 1.112838 0.023010 1.472824 1.956836 0.308503 0.796270 1.277286 0.810114 0.509492 0.267147 0.349226 1.855161 0.000000
