35
0.000000 1.000000 2.000000 1.000000 0.290685 0.458049 1.099516 0.064665 1.799753 0.479185 1.716273 1.325831 1.437256 1.814486 0.110141 0.205110 0.197079 0.466624 0.524780 1.428471 1.303189 0.597394 0.311063 0.699296 0.681765 0.453912 1.871269 0.388786 0.746035 0.420310 0.932733 0.399664 1.969531 0.375144 1.152993
1.000000 0.000000 1.000000 2.000000 0.709315 1.458049 0.099516 0.935335 0.799753 0.520815 0.716273 0.325831 0.437256 0.814486 1.110141 1.205110 1.197079 0.533376 1.524780 0.428471 0.303189 0.402606 0.688937 0.300704 1.681765 0.546088 0.871269 1.388786 0.253965 0.579690 1.932733 0.600336 0.969531 0.624856 0.152993
2.000000 1.000000 0.000000 1.000000 1.709315 1.541951 0.900484 1.935335 0.200247 1.520815 0.283727 0.674169 0.562744 0.185514 1.889859 1.794890 1.802921 1.533376 1.475220 0.571529 0.696811 1.402606 1.688937 1.300704 1.318235 1.546088 0.128731 1.611214 1.253965 1.579690 1.067267 1.600336 0.030469 1.624856 0.847007
1.000000 2.000000 1.000000 0.000000 1.290685 0.541951 1.900484 1.064665 1.200247 1.479185 1.283727 1.674169 1.562744 1.185514 0.889859 0.794890 0.802921 1.466624 0.475220 1.571529 1.696811 1.597394 1.311063 1.699296 0.318235 1.453912 1.128731 0.611214 1.746035 1.420310 0.067267 1.399664 1.030469 1.375144 1.847007
0.290685 0.709315 1.709315 1.290685 0.000000 0.748734 0.808831 0.226020 1.509068 0.188500 1.425588 1.035146 1.146570 1.523801 0.400827 0.495795 0.487764 0.175939 0.815465 1.137786 1.012504 0.306709 0.020378 0.408611 0.972450 0.163226 1.580583 0.679471 0.455349 0.129624 1.223418 0.108979 1.678846 0.084459 0.862308
0.458049 1.458049 1.541951 0.541951 0.748734 0.000000 1.557565 0.522714 1.742198 0.937234 1.825678 1.783880 1.895305 1.727465 0.347908 0.252939 0.260970 0.924673 0.066731 1.886520 1.761238 1.055443 0.769112 1.157345 0.223716 0.911961 1.670682 0.069263 1.204084 0.878359 0.474684 0.857713 1.572420 0.833194 1.611042
1.099516 0.099516 0.900484 1.900484 0.808831 1.557565 0.000000 1.034851 0.700237 0.620330 0.616757 0.226315 0.337740 0.714971 1.209657 1.304626 1.296595 0.632892 1.624295 0.328956 0.203673 0.502122 0.788453 0.400220 1.781281 0.645604 0.771753 1.488302 0.353481 0.679206 1.967751 0.699852 0.870015 0.724371 0.053477
0.064665 0.935335 1.935335 1.064665 0.226020 0.522714 1.034851 0.000000 1.735088 0.414520 1.651608 1.261166 1.372590 1.749821 0.174807 0.269775 0.261744 0.401959 0.589445 1.363806 1.238524 0.532729 0.246398 0.634631 0.746430 0.389247 1.806604 0.453451 0.681370 0.355645 0.997398 0.334999 1.904866 0.310479 1.088328
1.799753 0.799753 0.200247 1.200247 1.509068 1.742198 0.700237 1.735088 0.000000 1.320568 0.083480 0.473922 0.362498 0.014733 1.909895 1.995137 1.996832 1.333129 1.675467 0.371282 0.496564 1.202359 1.488690 1.100457 1.518482 1.345842 0.071515 1.811461 1.053718 1.379444 1.267514 1.400089 0.169778 1.424609 0.646760
0.479185 0.520815 1.520815 1.479185 0.188500 0.937234 0.620330 0.414520 1.320568 0.000000 1.237087 0.846646 0.958070 1.335301 0.589327 0.684295 0.676264 0.012561 1.003965 0.949286 0.824004 0.118208 0.168122 0.220111 1.160950 0.025274 1.392083 0.867971 0.266849 0.058876 1.411918 0.079521 1.490346 0.104041 0.673808
1.716273 0.716273 0.283727 1.283727 1.425588 1.825678 0.616757 1.651608 0.083480 1.237087 0.000000 0.390442 0.279017 0.098214 1.826414 1.921383 1.913352 1.249649 1.758948 0.287801 0.413084 1.118879 1.405210 1.016977 1.601962 1.262361 0.154996 1.894941 0.970238 1.295963 1.350994 1.316609 0.253258 1.341128 0.563280
1.325831 0.325831 0.674169 1.674169 1.035146 1.783880 0.226315 1.261166 0.473922 0.846646 0.390442 0.000000 0.111425 0.488655 1.435972 1.530941 1.522910 0.859207 1.850611 0.102640 0.022642 0.728437 1.014768 0.626535 1.992404 0.871919 0.545438 1.714617 0.579796 0.905521 1.741436 0.926167 0.643700 0.950687 0.172838
1.437256 0.437256 0.562744 1.562744 1.146570 1.895305 0.337740 1.372590 0.362498 0.958070 0.279017 0.111425 0.000000 0.377231 1.547397 1.642365 1.634334 0.970632 1.962035 0.008784 0.134067 0.839862 1.126193 0.737959 1.880979 0.983344 0.434013 1.826042 0.691221 1.016946 1.630011 1.037591 0.532275 1.062111 0.284262
1.814486 0.814486 0.185514 1.185514 1.523801 1.727465 0.714971 1.749821 0.014733 1.335301 0.098214 0.488655 0.377231 0.000000 1.924628 1.980404 1.988435 1.347862 1.660734 0.386015 0.511297 1.217093 1.503423 1.115190 1.503749 1.360575 0.056782 1.796728 1.068452 1.394177 1.252781 1.414822 0.155045 1.439342 0.661493
0.110141 1.110141 1.889859 0.889859 0.400827 0.347908 1.209657 0.174807 1.909895 0.589327 1.826414 1.435972 1.547397 1.924628 0.000000 0.094968 0.086937 0.576765 0.414638 1.538613 1.413330 0.707535 0.421204 0.809438 0.571624 0.564053 1.981410 0.278645 0.856176 0.530451 0.822592 0.509806 1.920328 0.485286 1.263135
0.205110 1.205110 1.794890 0.794890 0.495795 0.252939 1.304626 0.269775 1.995137 0.684295 1.921383 1.530941 1.642365 1.980404 0.094968 0.000000 0.008031 0.671734 0.319670 1.633581 1.508299 0.802504 0.516173 0.904406 0.476655 0.659022 1.923621 0.183676 0.951145 0.625420 0.727623 0.604774 1.825359 0.580254 1.358103
0.197079 1.197079 1.802921 0.802921 0.487764 0.260970 1.296595 0.261744 1.996832 0.676264 1.913352 1.522910 1.634334 1.988435 0.086937 0.008031 0.000000 0.663703 0.327701 1.625550 1.500268 0.794473 0.508142 0.896375 0.484686 0.650991 1.931652 0.191707 0.943114 0.617389 0.735654 0.596743 1.833390 0.572223 1.350072
0.466624 0.533376 1.533376 1.466624 0.175939 0.924673 0.632892 0.401959 1.333129 0.012561 1.249649 0.859207 0.970632 1.347862 0.576765 0.671734 0.663703 0.000000 0.991404 0.961847 0.836565 0.130770 0.155561 0.232672 1.148389 0.012712 1.404645 0.855410 0.279411 0.046314 1.399357 0.066960 1.502907 0.091480 0.686369
0.524780 1.524780 1.475220 0.475220 0.815465 0.066731 1.624295 0.589445 1.675467 1.003965 1.758948 1.850611 1.962035 1.660734 0.414638 0.319670 0.327701 0.991404 0.000000 1.953251 1.827969 1.122173 0.835843 1.224076 0.156985 0.978691 1.603952 0.135994 1.270814 0.945089 0.407953 0.924444 1.505689 0.899924 1.677773
1.428471 0.428471 0.571529 1.571529 1.137786 1.886520 0.328956 1.363806 0.371282 0.949286 0.287801 0.102640 0.008784 0.386015 1.538613 1.633581 1.625550 0.961847 1.953251 0.000000 0.125282 0.831078 1.117408 0.729175 1.889764 0.974560 0.442797 1.817257 0.682437 1.008162 1.638796 1.028807 0.541060 1.053327 0.275478
1.303189 0.303189 0.696811 1.696811 1.012504 1.761238 0.203673 1.238524 0.496564 0.824004 0.413084 0.022642 0.134067 0.511297 1.413330 1.508299 1.500268 0.836565 1.827969 0.125282 0.000000 0.705795 0.992126 0.603893 1.984954 0.849277 0.568080 1.691975 0.557154 0.882879 1.764078 0.903525 0.666342 0.928044 0.150196
0.597394 0.402606 1.402606 1.597394 0.306709 1.055443 0.502122 0.532729 1.202359 0.118208 1.118879 0.728437 0.839862 1.217093 0.707535 0.802504 0.794473 0.130770 1.122173 0.831078 0.705795 0.000000 0.286331 0.101902 1.279159 0.143482 1.273875 0.986180 0.148641 0.177084 1.530127 0.197730 1.372137 0.222249 0.555599
0.311063 0.688937 1.688937 1.311063 0.020378 0.769112 0.788453 0.246398 1.488690 0.168122 1.405210 1.014768 1.126193 1.503423 0.421204 0.516173 0.508142 0.155561 0.835843 1.117408 0.992126 0.286331 0.000000 0.388233 0.992828 0.142849 1.560206 0.699849 0.434972 0.109247 1.243796 0.088601 1.658468 0.064081 0.841930
0.699296 0.300704 1.300704 1.699296 0.408611 1.157345 0.400220 0.634631 1.100457 0.220111 1.016977 0.626535 0.737959 1.115190 0.809438 0.904406 0.896375 0.232672 1.224076 0.729175 0.603893 0.101902 0.388233 0.000000 1.381061 0.245384 1.171973 1.088082 0.046739 0.278986 1.632029 0.299632 1.270235 0.324152 0.453697
0.681765 1.681765 1.318235 0.318235 0.972450 0.223716 1.781281 0.746430 1.518482 1.160950 1.601962 1.992404 1.880979 1.503749 0.571624 0.476655 0.484686 1.148389 0.156985 1.889764 1.984954 1.279159 0.992828 1.381061 0.000000 1.135677 1.446966 0.292979 1.427800 1.102075 0.250968 1.081429 1.348704 1.056910 1.834758
0.453912 0.546088 1.546088 1.453912 0.163226 0.911961 0.645604 0.389247 1.345842 0.025274 1.262361 0.871919 0.983344 1.360575 0.564053 0.659022 0.650991 0.012712 0.978691 0.974560 0.849277 0.143482 0.142849 0.245384 1.135677 0.000000 1.417357 0.842698 0.292123 0.033602 1.386645 0.054248 1.515619 0.078767 0.699081
1.871269 0.871269 0.128731 1.128731 1.580583 1.670682 0.771753 1.806604 0.071515 1.392083 0.154996 0.545438 0.434013 0.056782 1.981410 1.923621 1.931652 1.404645 1.603952 0.442797 0.568080 1.273875 1.560206 1.171973 1.446966 1.417357 0.000000 1.739945 1.125234 1.450959 1.195998 1.471605 0.098262 1.496124 0.718276
0.388786 1.388786 1.611214 0.611214 0.679471 0.069263 1.488302 0.453451 1.811461 0.867971 1.894941 1.714617 1.826042 1.796728 0.278645 0.183676 0.191707 0.855410 0.135994 1.817257 1.691975 0.986180 0.699849 1.088082 0.292979 0.842698 1.739945 0.000000 1.134821 0.809096 0.543947 0.788450 1.641683 0.763930 1.541779
0.746035 0.253965 1.253965 1.746035 0.455349 1.204084 0.353481 0.681370 1.053718 0.266849 0.970238 0.579796 0.691221 1.068452 0.856176 0.951145 0.943114 0.279411 1.270814 0.682437 0.557154 0.148641 0.434972 0.046739 1.427800 0.292123 1.125234 1.134821 0.000000 0.325725 1.678768 0.346371 1.223496 0.370890 0.406958
0.420310 0.579690 1.579690 1.420310 0.129624 0.878359 0.679206 0.355645 1.379444 0.058876 1.295963 0.905521 1.016946 1.394177 0.530451 0.625420 0.617389 0.046314 0.945089 1.008162 0.882879 0.177084 0.109247 0.278986 1.102075 0.033602 1.450959 0.809096 0.325725 0.000000 1.353043 0.020646 1.549221 0.045165 0.732683
0.932733 1.932733 1.067267 0.067267 1.223418 0.474684 1.967751 0.997398 1.267514 1.411918 1.350994 1.741436 1.630011 1.252781 0.822592 0.727623 0.735654 1.399357 0.407953 1.638796 1.764078 1.530127 1.243796 1.632029 0.250968 1.386645 1.195998 0.543947 1.678768 1.353043 0.000000 1.332397 1.097736 1.307877 1.914274
0.399664 0.600336 1.600336 1.399664 0.108979 0.857713 0.699852 0.334999 1.400089 0.079521 1.316609 0.926167 1.037591 1.414822 0.509806 0.604774 0.596743 0.066960 0.924444 1.028807 0.903525 0.197730 0.088601 0.299632 1.081429 0.054248 1.471605 0.788450 0.346371 0.020646 1.332397 0.000000 1.569867 0.024520 0.753329
1.969531 0.969531 0.030469 1.030469 1.678846 1.572420 0.870015 1.904866 0.169778 1.490346 0.253258 0.643700 0.532275 0.155045 1.920328 1.825359 1.833390 1.502907 1.505689 0.541060 0.666342 1.372137 1.658468 1.270235 1.348704 1.515619 0.098262 1.641683 1.223496 1.549221 1.097736 1.569867 0.000000 1.594387 0.816538
0.375144 0.624856 1.624856 1.375144 0.084459 0.833194 0.724371 0.310479 1.424609 0.104041 1.341128 0.950687 1.062111 1.439342 0.485286 0.580254 0.572223 0.091480 0.899924 1.053327 0.928044 0.222249 0.064081 0.324152 1.056910 0.078767 1.496124 0.763930 0.370890 0.045165 1.307877 0.024520 1.594387 0.000000 0.777849
1.152993 0.152993 0.847007 1.847007 0.862308 1.611042 0.053477 1.088328 0.646760 0.673808 0.563280 0.172838 0.284262 0.661493 1.263135 1.358103 1.350072 0.686369 1.677773 0.275478 0.150196 0.555599 0.841930 0.453697 1.834758 0.699081 0.718276 1.541779 0.406958 0.732683 1.914274 0.753329 0.816538 0.777849 0.000000
