15
0.000000 1.000000 2.000000 1.000000 0.398201 0.045360 0.992994 0.109538 0.946487 1.370928 1.424107 1.750950 1.769499 0.888935 1.257424
1.000000 0.000000 1.000000 2.000000 0.601799 1.045360 1.992994 0.890462 0.053513 1.629072 0.424107 1.249050 1.230501 0.111065 0.257424
2.000000 1.000000 0.000000 1.000000 1.601799 1.954640 1.007006 1.890462 1.053513 0.629072 0.575893 0.249050 0.230501 1.111065 0.742576
1.000000 2.000000 1.000000 0.000000 1.398201 0.954640 0.007006 1.109538 1.946487 0.370928 1.575893 0.750950 0.769499 1.888935 1.742576
0.398201 0.601799 1.601799 1.398201 0.000000 0.443561 1.391195 0.288663 0.548286 1.769130 1.025906 1.850849 1.832300 0.490734 0.859223
0.045360 1.045360 1.954640 0.954640 0.443561 0.000000 0.947634 0.154898 0.991847 1.325569 1.469467 1.705590 1.724139 0.934295 1.302784
0.992994 1.992994 1.007006 0.007006 1.391195 0.947634 0.000000 1.102532 1.939481 0.377934 1.582899 0.757956 0.776504 1.881929 1.749582
0.109538 0.890462 1.890462 1.109538 0.288663 0.154898 1.102532 0.000000 0.836949 1.480467 1.314569 1.860488 1.879037 0.779396 1.147886
0.946487 0.053513 1.053513 1.946487 0.548286 0.991847 1.939481 0.836949 0.000000 1.682584 0.477620 1.302563 1.284014 0.057552 0.310937
1.370928 1.629072 0.629072 0.370928 1.769130 1.325569 0.377934 1.480467 1.682584 0.000000 1.204964 0.380022 0.398570 1.740137 1.371648
1.424107 0.424107 0.575893 1.575893 1.025906 1.469467 1.582899 1.314569 0.477620 1.204964 0.000000 0.824943 0.806394 0.535173 0.166683
1.750950 1.249050 0.249050 0.750950 1.850849 1.705590 0.757956 1.860488 1.302563 0.380022 0.824943 0.000000 0.018548 1.360115 0.991626
1.769499 1.230501 0.230501 0.769499 1.832300 1.724139 0.776504 1.879037 1.284014 0.398570 0.806394 0.018548 0.000000 1.341567 0.973078
0.888935 0.111065 1.111065 1.888935 0.490734 0.934295 1.881929 0.779396 0.057552 1.740137 0.535173 1.360115 1.341567 0.000000 0.368489
1.257424 0.257424 0.742576 1.742576 0.859223 1.302784 1.749582 1.147886 0.310937 1.371648 0.166683 0.991626 0.973078 0.368489 0.000000
