30
0.000000 1.000000 2.000000 1.000000 0.382572 1.175726 1.443649 1.003438 1.339969 0.541580 0.500572 0.794056 0.541522 1.488342 0.899920 1.162494 0.968156 0.908583 1.661012 0.851031 1.064505 1.859180 0.670418 1.075871 1.099906 0.492196 0.045627 0.002367 0.255363 1.441434
1.000000 0.000000 1.000000 2.000000 0.617428 1.824274 1.556351 0.003438 1.660031 0.458420 1.500572 1.794056 0.458478 1.511658 1.899920 1.837506 0.031844 0.091417 0.661012 1.851031 1.935495 0.859180 1.670418 0.075871 0.099906 0.507804 1.045627 1.002367 0.744637 1.558566
2.000000 1.000000 0.000000 1.000000 1.617428 0.824274 0.556351 0.996562 0.660031 1.458420 1.499428 1.205944 1.458478 0.511658 1.100080 0.837506 1.031844 1.091417 0.338988 1.148969 0.935495 0.140820 1.329582 0.924129 0.900094 1.507804 1.954373 1.997633 1.744637 0.558566
1.000000 2.000000 1.000000 0.000000 1.382572 0.175726 0.443649 1.996562 0.339969 1.541580 0.499428 0.205944 1.541522 0.488342 0.100080 0.162494 1.968156 1.908583 1.338988 0.148969 0.064505 1.140820 0.329582 1.924129 1.900094 1.492196 0.954373 0.997633 1.255363 0.441434
0.382572 0.617428 1.617428 1.382572 0.000000 1.558298 1.826221 0.620866 1.722542 0.159008 0.883145 1.176628 0.158950 1.870914 1.282492 1.545066 0.585583 0.526011 1.278440 1.233604 1.447077 1.476608 1.052990 0.693299 0.717334 0.109624 0.428199 0.384939 0.127209 1.824006
1.175726 1.824274 0.824274 0.175726 1.558298 0.000000 0.267923 1.820836 0.164243 1.717306 0.675154 0.381670 1.717248 0.312616 0.275806 0.013232 1.856118 1.915691 1.163262 0.324695 0.111221 0.965094 0.505308 1.748403 1.724368 1.667922 1.130099 1.173359 1.431089 0.265708
1.443649 1.556351 0.556351 0.443649 1.826221 0.267923 0.000000 1.552913 0.103680 1.985229 0.943077 0.649593 1.985171 0.044693 0.543729 0.281155 1.588195 1.647768 0.895339 0.592618 0.379144 0.697171 0.773231 1.480480 1.456445 1.935845 1.398022 1.441282 1.699012 0.002215
1.003438 0.003438 0.996562 1.996562 0.620866 1.820836 1.552913 0.000000 1.656592 0.461858 1.504011 1.797494 0.461916 1.508220 1.903358 1.834068 0.035283 0.094855 0.657574 1.854470 1.932057 0.855742 1.673856 0.072433 0.096468 0.511242 1.049065 1.005805 0.748075 1.555128
1.339969 1.660031 0.660031 0.339969 1.722542 0.164243 0.103680 1.656592 0.000000 1.881549 0.839397 0.545913 1.881491 0.148372 0.440049 0.177475 1.691875 1.751448 0.999018 0.488938 0.275465 0.800851 0.669552 1.584160 1.560124 1.832165 1.294342 1.337602 1.595332 0.101465
0.541580 0.458420 1.458420 1.541580 0.159008 1.717306 1.985229 0.461858 1.881549 0.000000 1.042152 1.335636 0.000058 1.970078 1.441500 1.704074 0.426576 0.367003 1.119432 1.392611 1.606085 1.317600 1.211998 0.534291 0.558326 0.049384 0.587207 0.543947 0.286217 1.983014
0.500572 1.500572 1.499428 0.499428 0.883145 0.675154 0.943077 1.504011 0.839397 1.042152 0.000000 0.293484 1.042095 0.987769 0.399347 0.661922 1.468728 1.409155 1.838415 0.350459 0.563932 1.640248 0.169845 1.576443 1.600479 0.992768 0.454945 0.498205 0.755935 0.940862
0.794056 1.794056 1.205944 0.205944 1.176628 0.381670 0.649593 1.797494 0.545913 1.335636 0.293484 0.000000 1.335578 0.694286 0.105864 0.368438 1.762212 1.702639 1.544932 0.056975 0.270449 1.346764 0.123638 1.869927 1.893962 1.286252 0.748429 0.791689 1.049419 0.647378
0.541522 0.458478 1.458478 1.541522 0.158950 1.717248 1.985171 0.461916 1.881491 0.000058 1.042095 1.335578 0.000000 1.970136 1.441442 1.704016 0.426633 0.367061 1.119490 1.392554 1.606027 1.317658 1.211940 0.534349 0.558384 0.049326 0.587149 0.543889 0.286159 1.982956
1.488342 1.511658 0.511658 0.488342 1.870914 0.312616 0.044693 1.508220 0.148372 1.970078 0.987769 0.694286 1.970136 0.000000 0.588422 0.325848 1.543503 1.603075 0.850646 0.637310 0.423837 0.652478 0.817924 1.435787 1.411752 1.980538 1.442715 1.485975 1.743705 0.046908
0.899920 1.899920 1.100080 0.100080 1.282492 0.275806 0.543729 1.903358 0.440049 1.441500 0.399347 0.105864 1.441442 0.588422 0.000000 0.262574 1.868075 1.808503 1.439068 0.048888 0.164585 1.240900 0.229502 1.975791 1.999826 1.392116 0.854293 0.897553 1.155283 0.541514
1.162494 1.837506 0.837506 0.162494 1.545066 0.013232 0.281155 1.834068 0.177475 1.704074 0.661922 0.368438 1.704016 0.325848 0.262574 0.000000 1.869350 1.928923 1.176494 0.311463 0.097989 0.978326 0.492076 1.761635 1.737600 1.654690 1.116867 1.160127 1.417857 0.278940
0.968156 0.031844 1.031844 1.968156 0.585583 1.856118 1.588195 0.035283 1.691875 0.426576 1.468728 1.762212 0.426633 1.543503 1.868075 1.869350 0.000000 0.059573 0.692857 1.819187 1.967340 0.891024 1.638573 0.107715 0.131751 0.475959 1.013783 0.970523 0.712793 1.590410
0.908583 0.091417 1.091417 1.908583 0.526011 1.915691 1.647768 0.094855 1.751448 0.367003 1.409155 1.702639 0.367061 1.603075 1.808503 1.928923 0.059573 0.000000 0.752429 1.759614 1.973088 0.950597 1.579001 0.167288 0.191323 0.416387 0.954210 0.910950 0.653220 1.649983
1.661012 0.661012 0.338988 1.338988 1.278440 1.163262 0.895339 0.657574 0.999018 1.119432 1.838415 1.544932 1.119490 0.850646 1.439068 1.176494 0.692857 0.752429 0.000000 1.487956 1.274483 0.198168 1.668570 0.585141 0.561106 1.168816 1.706639 1.663379 1.405649 0.897554
0.851031 1.851031 1.148969 0.148969 1.233604 0.324695 0.592618 1.854470 0.488938 1.392611 0.350459 0.056975 1.392554 0.637310 0.048888 0.311463 1.819187 1.759614 1.487956 0.000000 0.213473 1.289789 0.180614 1.926902 1.950938 1.343228 0.805404 0.848664 1.106394 0.590402
1.064505 1.935495 0.935495 0.064505 1.447077 0.111221 0.379144 1.932057 0.275465 1.606085 0.563932 0.270449 1.606027 0.423837 0.164585 0.097989 1.967340 1.973088 1.274483 0.213473 0.000000 1.076315 0.394087 1.859624 1.835589 1.556701 1.018878 1.062138 1.319868 0.376929
1.859180 0.859180 0.140820 1.140820 1.476608 0.965094 0.697171 0.855742 0.800851 1.317600 1.640248 1.346764 1.317658 0.652478 1.240900 0.978326 0.891024 0.950597 0.198168 1.289789 1.076315 0.000000 1.470403 0.783309 0.759274 1.366984 1.904807 1.861547 1.603817 0.699386
0.670418 1.670418 1.329582 0.329582 1.052990 0.505308 0.773231 1.673856 0.669552 1.211998 0.169845 0.123638 1.211940 0.817924 0.229502 0.492076 1.638573 1.579001 1.668570 0.180614 0.394087 1.470403 0.000000 1.746289 1.770324 1.162614 0.624791 0.668050 0.925781 0.771016
1.075871 0.075871 0.924129 1.924129 0.693299 1.748403 1.480480 0.072433 1.584160 0.534291 1.576443 1.869927 0.534349 1.435787 1.975791 1.761635 0.107715 0.167288 0.585141 1.926902 1.859624 0.783309 1.746289 0.000000 0.024035 0.583675 1.121498 1.078238 0.820508 1.482695
1.099906 0.099906 0.900094 1.900094 0.717334 1.724368 1.456445 0.096468 1.560124 0.558326 1.600479 1.893962 0.558384 1.411752 1.999826 1.737600 0.131751 0.191323 0.561106 1.950938 1.835589 0.759274 1.770324 0.024035 0.000000 0.607710 1.145533 1.102273 0.844543 1.458660
0.492196 0.507804 1.507804 1.492196 0.109624 1.667922 1.935845 0.511242 1.832165 0.049384 0.992768 1.286252 0.049326 1.980538 1.392116 1.654690 0.475959 0.416387 1.168816 1.343228 1.556701 1.366984 1.162614 0.583675 0.607710 0.000000 0.537823 0.494563 0.236833 1.933630
0.045627 1.045627 1.954373 0.954373 0.428199 1.130099 1.398022 1.049065 1.294342 0.587207 0.454945 0.748429 0.587149 1.442715 0.854293 1.116867 1.013783 0.954210 1.706639 0.805404 1.018878 1.904807 0.624791 1.121498 1.145533 0.537823 0.000000 0.043260 0.300990 1.395807
0.002367 1.002367 1.997633 0.997633 0.384939 1.173359 1.441282 1.005805 1.337602 0.543947 0.498205 0.791689 0.543889 1.485975 0.897553 1.160127 0.970523 0.910950 1.663379 0.848664 1.062138 1.861547 0.668050 1.078238 1.102273 0.494563 0.043260 0.000000 0.257730 1.439067
0.255363 0.744637 1.744637 1.255363 0.127209 1.431089 1.699012 0.748075 1.595332 0.286217 0.755935 1.049419 0.286159 1.743705 1.155283 1.417857 0.712793 0.653220 1.405649 1.106394 1.319868 1.603817 0.925781 0.820508 0.844543 0.236833 0.300990 0.257730 0.000000 1.696797
1.441434 1.558566 0.558566 0.441434 1.824006 0.265708 0.002215 1.555128 0.101465 1.983014 0.940862 0.647378 1.982956 0.046908 0.541514 0.278940 1.590410 1.649983 0.897554 0.590402 0.376929 0.699386 0.771016 1.482695 1.458660 1.933630 1.395807 1.439067 1.696797 0.000000
