10
0.000000 1.000000 2.000000 1.000000 0.145107 0.852263 1.330692 1.731022 0.369299 0.217840
1.000000 0.000000 1.000000 2.000000 0.854893 1.852263 0.330692 1.268978 1.369299 0.782160
2.000000 1.000000 0.000000 1.000000 1.854893 1.147737 0.669308 0.268978 1.630701 1.782160
1.000000 2.000000 1.000000 0.000000 1.145107 0.147737 1.669308 0.731022 0.630701 1.217840
0.145107 0.854893 1.854893 1.145107 0.000000 0.997370 1.185585 1.876128 0.514406 0.072733
0.852263 1.852263 1.147737 0.147737 0.997370 0.000000 1.817045 0.878759 0.482964 1.070102
1.330692 0.330692 0.669308 1.669308 1.185585 1.817045 0.000000 0.938286 1.699991 1.112853
1.731022 1.268978 0.268978 0.731022 1.876128 0.878759 0.938286 0.000000 1.361723 1.948861
0.369299 1.369299 1.630701 0.630701 0.514406 0.482964 1.699991 1.361723 0.000000 0.587138
0.217840 0.782160 1.782160 1.217840 0.072733 1.070102 1.112853 1.948861 0.587138 0.000000
