10
0.000000 1.000000 2.000000 1.000000 0.842376 1.356296 0.315058 1.502538 0.983863 0.317615
1.000000 0.000000 1.000000 2.000000 0.157624 0.356296 1.315058 1.497462 1.983863 1.317615
2.000000 1.000000 0.000000 1.000000 1.157624 0.643704 1.684942 0.497462 1.016137 1.682385
1.000000 2.000000 1.000000 0.000000 1.842376 1.643704 0.684942 0.502538 0.016137 0.682385
0.842376 0.157624 1.157624 1.842376 0.000000 0.513920 1.157434 1.655086 1.826238 1.159991
1.356296 0.356296 0.643704 1.643704 0.513920 0.000000 1.671354 1.141166 1.659841 1.673911
0.315058 1.315058 1.684942 0.684942 1.157434 1.671354 0.000000 1.187480 0.668805 0.002557
1.502538 1.497462 0.497462 0.502538 1.655086 1.141166 1.187480 0.000000 0.518675 1.184923
0.983863 1.983863 1.016137 0.016137 1.826238 1.659841 0.668805 0.518675 0.000000 0.666247
0.317615 1.317615 1.682385 0.682385 1.159991 1.673911 0.002557 1.184923 0.666247 0.000000
