25
0.000000 1.000000 2.000000 1.000000 1.253264 1.946899 0.293578 1.285666 1.764292 1.139068 1.910960 0.892848 1.593607 1.514514 1.051567 1.602211 0.281213 1.031008 1.909020 1.291433 1.318176 0.355841 0.506287 1.851671 0.230165
1.000000 0.000000 1.000000 2.000000 0.253264 0.946899 1.293578 0.285666 1.235708 0.139068 0.910960 0.107152 0.593607 1.485486 0.051567 0.602211 0.718787 0.031008 1.090980 0.291433 0.318176 1.355841 1.506287 1.148329 1.230165
2.000000 1.000000 0.000000 1.000000 0.746736 0.053101 1.706422 0.714334 0.235708 0.860932 0.089040 1.107152 0.406393 0.485486 0.948433 0.397789 1.718787 0.968992 0.090980 0.708567 0.681824 1.644159 1.493713 0.148329 1.769835
1.000000 2.000000 1.000000 0.000000 1.746736 1.053101 0.706422 1.714334 0.764292 1.860932 1.089040 1.892848 1.406393 0.514514 1.948433 1.397789 1.281213 1.968992 0.909020 1.708567 1.681824 0.644159 0.493713 0.851671 0.769835
1.253264 0.253264 0.746736 1.746736 0.000000 0.693636 1.546842 0.032403 0.982445 0.114195 0.657696 0.360416 0.340344 1.232223 0.201696 0.348947 0.972051 0.222256 0.837717 0.038169 0.064912 1.609105 1.759550 0.895066 1.483428
1.946899 0.946899 0.053101 1.053101 0.693636 0.000000 1.759522 0.661233 0.288809 0.807831 0.035940 1.054051 0.353292 0.538587 0.895332 0.344689 1.665687 0.915892 0.144081 0.655467 0.628724 1.697259 1.546814 0.201430 1.822936
0.293578 1.293578 1.706422 0.706422 1.546842 1.759522 0.000000 1.579245 1.470713 1.432647 1.795462 1.186426 1.887186 1.220935 1.345145 1.895789 0.574791 1.324586 1.615441 1.585011 1.611754 0.062263 0.212708 1.558092 0.063414
1.285666 0.285666 0.714334 1.714334 0.032403 0.661233 1.579245 0.000000 0.950042 0.146598 0.625293 0.392818 0.307941 1.199820 0.234099 0.316544 1.004454 0.254659 0.805314 0.005766 0.032509 1.641507 1.791953 0.862663 1.515831
1.764292 1.235708 0.235708 0.764292 0.982445 0.288809 1.470713 0.950042 0.000000 1.096640 0.324749 1.342860 0.642101 0.249778 1.184141 0.633498 1.954495 1.204700 0.144728 0.944276 0.917533 1.408451 1.258005 0.087379 1.534127
1.139068 0.139068 0.860932 1.860932 0.114195 0.807831 1.432647 0.146598 1.096640 0.000000 0.771891 0.246220 0.454539 1.346418 0.087501 0.463142 0.857856 0.108061 0.951912 0.152364 0.179107 1.494910 1.645355 1.009261 1.369233
1.910960 0.910960 0.089040 1.089040 0.657696 0.035940 1.795462 0.625293 0.324749 0.771891 0.000000 1.018112 0.317352 0.574527 0.859393 0.308749 1.629747 0.879952 0.180021 0.619527 0.592784 1.733199 1.582754 0.237370 1.858876
0.892848 0.107152 1.107152 1.892848 0.360416 1.054051 1.186426 0.392818 1.342860 0.246220 1.018112 0.000000 0.700759 1.592638 0.158719 0.709363 0.611635 0.138160 1.198132 0.398585 0.425328 1.248689 1.399135 1.255482 1.123013
1.593607 0.593607 0.406393 1.406393 0.340344 0.353292 1.887186 0.307941 0.642101 0.454539 0.317352 0.700759 0.000000 0.891879 0.542040 0.008603 1.312395 0.562600 0.497373 0.302175 0.275432 1.949448 1.900106 0.554722 1.823772
1.514514 1.485486 0.485486 0.514514 1.232223 0.538587 1.220935 1.199820 0.249778 1.346418 0.574527 1.592638 0.891879 0.000000 1.433919 0.883275 1.795727 1.454478 0.394506 1.194054 1.167311 1.158673 1.008227 0.337157 1.284349
1.051567 0.051567 0.948433 1.948433 0.201696 0.895332 1.345145 0.234099 1.184141 0.087501 0.859393 0.158719 0.542040 1.433919 0.000000 0.550644 0.770354 0.020559 1.039413 0.239865 0.266609 1.407408 1.557854 1.096762 1.281732
1.602211 0.602211 0.397789 1.397789 0.348947 0.344689 1.895789 0.316544 0.633498 0.463142 0.308749 0.709363 0.008603 0.883275 0.550644 0.000000 1.320998 0.571203 0.488770 0.310778 0.284035 1.958052 1.891503 0.546119 1.832376
0.281213 0.718787 1.718787 1.281213 0.972051 1.665687 0.574791 1.004454 1.954495 0.857856 1.629747 0.611635 1.312395 1.795727 0.770354 1.320998 0.000000 0.749795 1.809768 1.010220 1.036963 0.637054 0.787499 1.867117 0.511378
1.031008 0.031008 0.968992 1.968992 0.222256 0.915892 1.324586 0.254659 1.204700 0.108061 0.879952 0.138160 0.562600 1.454478 0.020559 0.571203 0.749795 0.000000 1.059972 0.260425 0.287168 1.386849 1.537294 1.117322 1.261173
1.909020 1.090980 0.090980 0.909020 0.837717 0.144081 1.615441 0.805314 0.144728 0.951912 0.180021 1.198132 0.497373 0.394506 1.039413 0.488770 1.809768 1.059972 0.000000 0.799548 0.772805 1.553179 1.402733 0.057349 1.678855
1.291433 0.291433 0.708567 1.708567 0.038169 0.655467 1.585011 0.005766 0.944276 0.152364 0.619527 0.398585 0.302175 1.194054 0.239865 0.310778 1.010220 0.260425 0.799548 0.000000 0.026743 1.647274 1.797719 0.856897 1.521597
1.318176 0.318176 0.681824 1.681824 0.064912 0.628724 1.611754 0.032509 0.917533 0.179107 0.592784 0.425328 0.275432 1.167311 0.266609 0.284035 1.036963 0.287168 0.772805 0.026743 0.000000 1.674017 1.824462 0.830154 1.548340
0.355841 1.355841 1.644159 0.644159 1.609105 1.697259 0.062263 1.641507 1.408451 1.494910 1.733199 1.248689 1.949448 1.158673 1.407408 1.958052 0.637054 1.386849 1.553179 1.647274 1.674017 0.000000 0.150446 1.495829 0.125676
0.506287 1.506287 1.493713 0.493713 1.759550 1.546814 0.212708 1.791953 1.258005 1.645355 1.582754 1.399135 1.900106 1.008227 1.557854 1.891503 0.787499 1.537294 1.402733 1.797719 1.824462 0.150446 0.000000 1.345384 0.276122
1.851671 1.148329 0.148329 0.851671 0.895066 0.201430 1.558092 0.862663 0.087379 1.009261 0.237370 1.255482 0.554722 0.337157 1.096762 0.546119 1.867117 1.117322 0.057349 0.856897 0.830154 1.495829 1.345384 0.000000 1.621506
0.230165 1.230165 1.769835 0.769835 1.483428 1.822936 0.063414 1.515831 1.534127 1.369233 1.858876 1.123013 1.823772 1.284349 1.281732 1.832376 0.511378 1.261173 1.678855 1.521597 1.548340 0.125676 0.276122 1.621506 0.000000
