10
0.000000 1.000000 2.000000 1.000000 1.935579 1.048422 0.508317 1.987455 1.797707 0.873345
1.000000 0.000000 1.000000 2.000000 0.935579 1.951578 0.491683 0.987455 0.797707 1.873345
2.000000 1.000000 0.000000 1.000000 0.064421 0.951578 1.491683 0.012545 0.202293 1.126655
1.000000 2.000000 1.000000 0.000000 1.064421 0.048422 1.508317 1.012545 1.202293 0.126655
1.935579 0.935579 0.064421 1.064421 0.000000 1.015999 1.427262 0.051876 0.137873 1.191076
1.048422 1.951578 0.951578 0.048422 1.015999 0.000000 1.556739 0.964123 1.153871 0.175078
0.508317 0.491683 1.491683 1.508317 1.427262 1.556739 0.000000 1.479138 1.289389 1.381662
1.987455 0.987455 0.012545 1.012545 0.051876 0.964123 1.479138 0.000000 0.189748 1.139200
1.797707 0.797707 0.202293 1.202293 0.137873 1.153871 1.289389 0.189748 0.000000 1.328949
0.873345 1.873345 1.126655 0.126655 1.191076 0.175078 1.381662 1.139200 1.328949 0.000000
