15
0.000000 1.000000 2.000000 1.000000 0.160736 1.598015 1.121152 1.124326 0.554359 0.703286 1.066537 1.883483 1.669698 0.928853 0.597282
1.000000 0.000000 1.000000 2.000000 1.160736 0.598015 1.878848 1.875674 1.554359 1.703286 1.933463 1.116517 0.669698 1.928853 1.597282
2.000000 1.000000 0.000000 1.000000 1.839264 0.401985 0.878848 0.875674 1.445641 1.296714 0.933463 0.116517 0.330302 1.071147 1.402718
1.000000 2.000000 1.000000 0.000000 0.839264 1.401985 0.121152 0.124326 0.445641 0.296714 0.066537 0.883483 1.330302 0.071147 0.402718
0.160736 1.160736 1.839264 0.839264 0.000000 1.758751 0.960416 0.963590 0.393623 0.542550 0.905801 1.722747 1.830434 0.768117 0.436546
1.598015 0.598015 0.401985 1.401985 1.758751 0.000000 1.280833 1.277659 1.847627 1.698699 1.335448 0.518502 0.071683 1.473133 1.804703
1.121152 1.878848 0.878848 0.121152 0.960416 1.280833 0.000000 0.003174 0.566793 0.417866 0.054615 0.762331 1.209150 0.192300 0.523870
1.124326 1.875674 0.875674 0.124326 0.963590 1.277659 0.003174 0.000000 0.569968 0.421040 0.057789 0.759157 1.205976 0.195474 0.527044
0.554359 1.554359 1.445641 0.445641 0.393623 1.847627 0.566793 0.569968 0.000000 0.148927 0.512179 1.329125 1.775943 0.374494 0.042924
0.703286 1.703286 1.296714 0.296714 0.542550 1.698699 0.417866 0.421040 0.148927 0.000000 0.363251 1.180197 1.627016 0.225566 0.106004
1.066537 1.933463 0.933463 0.066537 0.905801 1.335448 0.054615 0.057789 0.512179 0.363251 0.000000 0.816946 1.263765 0.137685 0.469255
1.883483 1.116517 0.116517 0.883483 1.722747 0.518502 0.762331 0.759157 1.329125 1.180197 0.816946 0.000000 0.446818 0.954631 1.286201
1.669698 0.669698 0.330302 1.330302 1.830434 0.071683 1.209150 1.205976 1.775943 1.627016 1.263765 0.446818 0.000000 1.401449 1.733019
0.928853 1.928853 1.071147 0.071147 0.768117 1.473133 0.192300 0.195474 0.374494 0.225566 0.137685 0.954631 1.401449 0.000000 0.331570
0.597282 1.597282 1.402718 0.402718 0.436546 1.804703 0.523870 0.527044 0.042924 0.106004 0.469255 1.286201 1.733019 0.331570 0.000000
