50
0.000000 1.000000 2.000000 1.000000 1.994183 0.876496 0.136025 0.106367 1.774386 1.647613 1.323691 1.818549 1.340783 0.707073 1.804407 0.688892 0.729941 0.343426 1.599425 1.460503 0.616439 1.092469 1.516761 0.419297 0.993919 0.879545 0.605180 0.437150 1.379471 1.336420 1.087771 0.344873 1.122997 1.600696 0.960896 1.115700 0.700123 0.654027 1.537213 1.561723 1.633575 0.588355 1.064421 0.692375 0.726896 0.666890 0.788963 1.359914 0.849253 1.644168
1.000000 0.000000 1.000000 2.000000 1.005817 0.123504 1.136025 1.106367 0.774386 0.647613 1.676309 1.181451 1.659217 0.292927 1.195593 1.688892 1.729941 1.343426 0.599425 0.460503 1.616439 0.092469 0.516761 0.580703 0.006081 0.120455 0.394820 0.562850 1.620529 1.663580 0.087771 0.655127 0.122997 1.399304 0.039104 1.884300 1.700123 0.345973 0.537213 1.438277 0.633575 0.411645 0.064421 0.307625 1.726896 0.333110 0.211037 1.640086 0.150747 1.355832
2.000000 1.000000 0.000000 1.000000 0.005817 1.123504 1.863975 1.893633 0.225614 0.352387 0.676309 0.181451 0.659217 1.292927 0.195593 1.311108 1.270059 1.656574 0.400575 0.539497 1.383561 0.907531 0.483239 1.580703 1.006081 1.120455 1.394820 1.562850 0.620529 0.663580 0.912229 1.655127 0.877003 0.399304 1.039104 0.884300 1.299877 1.345973 0.462787 0.438277 0.366425 1.411645 0.935579 1.307625 1.273104 1.333110 1.211037 0.640086 1.150747 0.355832
1.000000 2.000000 1.000000 0.000000 0.994183 1.876496 0.863975 0.893633 1.225614 1.352387 0.323691 0.818549 0.340783 1.707073 0.804407 0.311108 0.270059 0.656574 1.400575 1.539497 0.383561 1.907531 1.483239 1.419297 1.993919 1.879545 1.605180 1.437150 0.379471 0.336420 1.912229 1.344873 1.877003 0.600696 1.960896 0.115700 0.299877 1.654027 1.462787 0.561723 1.366425 1.588355 1.935579 1.692375 0.273104 1.666890 1.788963 0.359914 1.849253 0.644168
1.994183 1.005817 0.005817 0.994183 0.000000 1.129321 1.858158 1.887817 0.231431 0.358203 0.670492 0.175634 0.653401 1.298744 0.189776 1.305291 1.264243 1.650758 0.406392 0.545314 1.377745 0.913348 0.489055 1.586520 1.011898 1.126271 1.400637 1.568666 0.614713 0.657763 0.918046 1.660944 0.882820 0.393487 1.044921 0.878483 1.294061 1.351789 0.468603 0.432460 0.372242 1.417462 0.941396 1.313442 1.267288 1.338927 1.216854 0.634270 1.156564 0.350016
0.876496 0.123504 1.123504 1.876496 1.129321 0.000000 1.012521 0.982862 0.897890 0.771117 1.799813 1.304955 1.782722 0.169423 1.319097 1.565388 1.606437 1.219922 0.722929 0.584007 1.492935 0.215973 0.640266 0.457199 0.117423 0.003049 0.271316 0.439345 1.744034 1.787084 0.211275 0.531623 0.246501 1.522808 0.084400 1.992196 1.576618 0.222469 0.660717 1.561781 0.757079 0.288141 0.187925 0.184121 1.603392 0.209606 0.087533 1.763590 0.027243 1.479336
0.136025 1.136025 1.863975 0.863975 1.858158 1.012521 0.000000 0.029659 1.910411 1.783638 1.187666 1.682524 1.204757 0.843098 1.668382 0.552867 0.593916 0.207401 1.735450 1.596528 0.480414 1.228494 1.652787 0.555322 1.129944 1.015570 0.741205 0.573176 1.243445 1.200395 1.223796 0.480898 1.259022 1.464671 1.096921 0.979675 0.564097 0.790052 1.673238 1.425698 1.769600 0.724380 1.200446 0.828400 0.590871 0.802915 0.924988 1.223889 0.985278 1.508143
0.106367 1.106367 1.893633 0.893633 1.887817 0.982862 0.029659 0.000000 1.880752 1.753980 1.217324 1.712183 1.234416 0.813439 1.698041 0.582526 0.623574 0.237059 1.705791 1.566869 0.510072 1.198836 1.623128 0.525663 1.100285 0.985912 0.711546 0.543517 1.273104 1.230054 1.194138 0.451239 1.229363 1.494330 1.067262 1.009334 0.593756 0.760394 1.643580 1.455356 1.739941 0.694722 1.170788 0.798741 0.620529 0.773256 0.895329 1.253547 0.955619 1.537801
1.774386 0.774386 0.225614 1.225614 0.231431 0.897890 1.910411 1.880752 0.000000 0.126772 0.901923 0.407065 0.884832 1.067313 0.421207 1.536722 1.495674 1.882189 0.174961 0.313883 1.609176 0.681917 0.257624 1.355089 0.780467 0.894840 1.169206 1.337235 0.846144 0.889194 0.686614 1.429513 0.651389 0.624918 0.813490 1.109914 1.525492 1.120358 0.237172 0.663891 0.140811 1.186031 0.709965 1.082011 1.498719 1.107496 0.985423 0.865701 0.925133 0.581447
1.647613 0.647613 0.352387 1.352387 0.358203 0.771117 1.783638 1.753980 0.126772 0.000000 1.028696 0.533838 1.011604 0.940541 0.547979 1.663494 1.622446 1.991039 0.048189 0.187111 1.735948 0.555144 0.130852 1.228317 0.653695 0.768068 1.042434 1.210463 0.972916 1.015966 0.559842 1.302741 0.524617 0.751690 0.686718 1.236686 1.652264 0.993586 0.110400 0.790664 0.014039 1.059258 0.583192 0.955239 1.625491 0.980724 0.858651 0.992473 0.798361 0.708219
1.323691 1.676309 0.676309 0.323691 0.670492 1.799813 1.187666 1.217324 0.901923 1.028696 0.000000 0.494858 0.017092 1.969236 0.480716 0.634799 0.593750 0.980265 1.076884 1.215806 0.707252 1.583840 1.159548 1.742988 1.682390 1.796764 1.928871 1.760841 0.055780 0.012729 1.588538 1.668564 1.553312 0.277005 1.715413 0.207991 0.623568 1.977718 1.139096 0.238032 1.042734 1.912046 1.611888 1.983934 0.596795 1.990581 1.887346 0.036223 1.827056 0.320477
1.818549 1.181451 0.181451 0.818549 0.175634 1.304955 1.682524 1.712183 0.407065 0.533838 0.494858 0.000000 0.477767 1.474378 0.014142 1.129657 1.088608 1.475123 0.582026 0.720948 1.202110 1.088982 0.664689 1.762154 1.187532 1.301906 1.576271 1.744300 0.439079 0.482129 1.093680 1.836578 1.058454 0.217853 1.220555 0.702849 1.118427 1.527424 0.644238 0.256826 0.547876 1.593096 1.117030 1.489076 1.091653 1.514561 1.392488 0.458635 1.332198 0.174381
1.340783 1.659217 0.659217 0.340783 0.653401 1.782722 1.204757 1.234416 0.884832 1.011604 0.017092 0.477767 0.000000 1.952145 0.463625 0.651890 0.610842 0.997357 1.059793 1.198715 0.724344 1.566748 1.142456 1.760079 1.665299 1.779672 1.945962 1.777933 0.038688 0.004362 1.571446 1.685655 1.536221 0.259914 1.698322 0.225082 0.640660 1.994810 1.122004 0.220940 1.025643 1.929138 1.594797 1.966843 0.613887 1.992328 1.870255 0.019131 1.809965 0.303385
0.707073 0.292927 1.292927 1.707073 1.298744 0.169423 0.843098 0.813439 1.067313 0.940541 1.969236 1.474378 1.952145 0.000000 1.488520 1.395965 1.437013 1.050499 0.892352 0.753430 1.323512 0.385396 0.809689 0.287776 0.286846 0.172473 0.101893 0.269922 1.913457 1.956507 0.380698 0.362200 0.415924 1.692231 0.253823 1.822773 1.407195 0.053045 0.830140 1.731204 0.926502 0.118718 0.357348 0.014698 1.433969 0.040183 0.081890 1.933013 0.142180 1.648759
1.804407 1.195593 0.195593 0.804407 0.189776 1.319097 1.668382 1.698041 0.421207 0.547979 0.480716 0.014142 0.463625 1.488520 0.000000 1.115515 1.074466 1.460981 0.596168 0.735090 1.187968 1.103124 0.678831 1.776296 1.201674 1.316048 1.590413 1.758442 0.424937 0.467987 1.107822 1.850720 1.072596 0.203711 1.234697 0.688707 1.104285 1.541565 0.658380 0.242684 0.562018 1.607238 1.131172 1.503218 1.077511 1.528703 1.406630 0.444493 1.346340 0.160239
0.688892 1.688892 1.311108 0.311108 1.305291 1.565388 0.552867 0.582526 1.536722 1.663494 0.634799 1.129657 0.651890 1.395965 1.115515 0.000000 0.041048 0.345466 1.711683 1.850605 0.072453 1.781361 1.794346 1.108189 1.682811 1.568438 1.294072 1.126043 0.690578 0.647528 1.776663 1.033765 1.811889 0.911804 1.649788 0.426808 0.011230 1.342920 1.773895 0.872831 1.677533 1.277247 1.753313 1.381267 0.038004 1.355782 1.477855 0.671021 1.538145 0.955276
0.729941 1.729941 1.270059 0.270059 1.264243 1.606437 0.593916 0.623574 1.495674 1.622446 0.593750 1.088608 0.610842 1.437013 1.074466 0.041048 0.000000 0.386515 1.670635 1.809556 0.113502 1.822410 1.753298 1.149237 1.723859 1.609486 1.335121 1.167091 0.649530 0.606480 1.817712 1.074813 1.852937 0.870755 1.690836 0.385760 0.029818 1.383968 1.732846 0.831782 1.636485 1.318296 1.794362 1.422315 0.003045 1.396830 1.518904 0.629973 1.579194 0.914227
0.343426 1.343426 1.656574 0.656574 1.650758 1.219922 0.207401 0.237059 1.882189 1.991039 0.980265 1.475123 0.997357 1.050499 1.460981 0.345466 0.386515 0.000000 1.942851 1.803929 0.273013 1.435895 1.860187 0.762722 1.337344 1.222971 0.948606 0.780576 1.036045 0.992995 1.431197 0.688299 1.466422 1.257270 1.304321 0.772275 0.356697 0.997453 1.880639 1.218297 1.977001 0.931781 1.407847 1.035800 0.383470 1.010315 1.132389 1.016488 1.192679 1.300742
1.599425 0.599425 0.400575 1.400575 0.406392 0.722929 1.735450 1.705791 0.174961 0.048189 1.076884 0.582026 1.059793 0.892352 0.596168 1.711683 1.670635 1.942851 0.000000 0.138922 1.784136 0.506956 0.082663 1.180128 0.605506 0.719879 0.994245 1.162274 1.021105 1.064155 0.511654 1.254552 0.476428 0.799879 0.638529 1.284875 1.700453 0.945397 0.062211 0.838852 0.034150 1.011070 0.535004 0.907050 1.673680 0.932535 0.810462 1.040662 0.750172 0.756408
1.460503 0.460503 0.539497 1.539497 0.545314 0.584007 1.596528 1.566869 0.313883 0.187111 1.215806 0.720948 1.198715 0.753430 0.735090 1.850605 1.809556 1.803929 0.138922 0.000000 1.923058 0.368034 0.056259 1.041206 0.466584 0.580958 0.855323 1.023352 1.160027 1.203077 0.372732 1.115630 0.337506 0.938801 0.499607 1.423797 1.839375 0.806476 0.076710 0.977774 0.173072 0.872148 0.396082 0.768128 1.812601 0.793613 0.671540 1.179583 0.611250 0.895329
0.616439 1.616439 1.383561 0.383561 1.377745 1.492935 0.480414 0.510072 1.609176 1.735948 0.707252 1.202110 0.724344 1.323512 1.187968 0.072453 0.113502 0.273013 1.784136 1.923058 0.000000 1.708908 1.866800 1.035735 1.610357 1.495984 1.221619 1.053589 0.763032 0.719981 1.704210 0.961312 1.739435 0.984257 1.577335 0.499261 0.083684 1.270466 1.846348 0.945284 1.749986 1.204794 1.680860 1.308813 0.110457 1.283328 1.405402 0.743475 1.465692 1.027729
1.092469 0.092469 0.907531 1.907531 0.913348 0.215973 1.228494 1.198836 0.681917 0.555144 1.583840 1.088982 1.566748 0.385396 1.103124 1.781361 1.822410 1.435895 0.506956 0.368034 1.708908 0.000000 0.424292 0.673172 0.098550 0.212924 0.487289 0.655319 1.528060 1.571111 0.004698 0.747596 0.030528 1.306835 0.131573 1.791831 1.792592 0.438442 0.444744 1.345808 0.541106 0.504114 0.028048 0.400094 1.819365 0.425579 0.303506 1.547617 0.243216 1.263363
1.516761 0.516761 0.483239 1.483239 0.489055 0.640266 1.652787 1.623128 0.257624 0.130852 1.159548 0.664689 1.142456 0.809689 0.678831 1.794346 1.753298 1.860187 0.082663 0.056259 1.866800 0.424292 0.000000 1.097465 0.522843 0.637216 0.911582 1.079611 1.103768 1.146818 0.428990 1.171889 0.393765 0.882542 0.555866 1.367538 1.783116 0.862734 0.020452 0.921516 0.116813 0.928406 0.452341 0.824387 1.756343 0.849872 0.727799 1.123325 0.667509 0.839071
0.419297 0.580703 1.580703 1.419297 1.586520 0.457199 0.555322 0.525663 1.355089 1.228317 1.742988 1.762154 1.760079 0.287776 1.776296 1.108189 1.149237 0.762722 1.180128 1.041206 1.035735 0.673172 1.097465 0.000000 0.574622 0.460249 0.185883 0.017854 1.798767 1.755717 0.668475 0.074424 0.703700 1.980007 0.541599 1.534997 1.119419 0.234731 1.117917 1.981020 1.214278 0.169058 0.645124 0.273078 1.146192 0.247593 0.369666 1.779210 0.429956 1.936536
0.993919 0.006081 1.006081 1.993919 1.011898 0.117423 1.129944 1.100285 0.780467 0.653695 1.682390 1.187532 1.665299 0.286846 1.201674 1.682811 1.723859 1.337344 0.605506 0.466584 1.610357 0.098550 0.522843 0.574622 0.000000 0.114373 0.388739 0.556768 1.626611 1.669661 0.093852 0.649046 0.129078 1.405385 0.033023 1.890381 1.694041 0.339891 0.543295 1.444358 0.639656 0.405564 0.070502 0.301544 1.720814 0.327029 0.204956 1.646168 0.144666 1.361914
0.879545 0.120455 1.120455 1.879545 1.126271 0.003049 1.015570 0.985912 0.894840 0.768068 1.796764 1.301906 1.779672 0.172473 1.316048 1.568438 1.609486 1.222971 0.719879 0.580958 1.495984 0.212924 0.637216 0.460249 0.114373 0.000000 0.274365 0.442395 1.740984 1.784034 0.208226 0.534673 0.243451 1.519758 0.081350 1.995246 1.579668 0.225518 0.657668 1.558732 0.754029 0.291190 0.184876 0.187171 1.606441 0.212656 0.090583 1.760541 0.030292 1.476287
0.605180 0.394820 1.394820 1.605180 1.400637 0.271316 0.741205 0.711546 1.169206 1.042434 1.928871 1.576271 1.945962 0.101893 1.590413 1.294072 1.335121 0.948606 0.994245 0.855323 1.221619 0.487289 0.911582 0.185883 0.388739 0.274365 0.000000 0.168029 1.984650 1.941600 0.482591 0.260307 0.517817 1.794124 0.355716 1.720880 1.305302 0.048848 0.932033 1.833097 1.028395 0.016825 0.459241 0.087195 1.332076 0.061710 0.183783 1.965094 0.244073 1.750652
0.437150 0.562850 1.562850 1.437150 1.568666 0.439345 0.573176 0.543517 1.337235 1.210463 1.760841 1.744300 1.777933 0.269922 1.758442 1.126043 1.167091 0.780576 1.162274 1.023352 1.053589 0.655319 1.079611 0.017854 0.556768 0.442395 0.168029 0.000000 1.816621 1.773571 0.650621 0.092278 0.685846 1.962153 0.523745 1.552851 1.137273 0.216877 1.100063 1.998873 1.196424 0.151205 0.627270 0.255224 1.164046 0.229739 0.351812 1.797064 0.412102 1.918682
1.379471 1.620529 0.620529 0.379471 0.614713 1.744034 1.243445 1.273104 0.846144 0.972916 0.055780 0.439079 0.038688 1.913457 0.424937 0.690578 0.649530 1.036045 1.021105 1.160027 0.763032 1.528060 1.103768 1.798767 1.626611 1.740984 1.984650 1.816621 0.000000 0.043050 1.532758 1.724343 1.497533 0.221226 1.659634 0.263770 0.679348 1.966502 1.083316 0.182252 0.986955 1.967826 1.556109 1.928155 0.652575 1.953640 1.831567 0.019557 1.771277 0.264697
1.336420 1.663580 0.663580 0.336420 0.657763 1.787084 1.200395 1.230054 0.889194 1.015966 0.012729 0.482129 0.004362 1.956507 0.467987 0.647528 0.606480 0.992995 1.064155 1.203077 0.719981 1.571111 1.146818 1.755717 1.669661 1.784034 1.941600 1.773571 0.043050 0.000000 1.575809 1.681293 1.540583 0.264276 1.702684 0.220720 0.636298 1.990448 1.126366 0.225303 1.030005 1.924775 1.599159 1.971205 0.609525 1.996690 1.874617 0.023493 1.814327 0.307747
1.087771 0.087771 0.912229 1.912229 0.918046 0.211275 1.223796 1.194138 0.686614 0.559842 1.588538 1.093680 1.571446 0.380698 1.107822 1.776663 1.817712 1.431197 0.511654 0.372732 1.704210 0.004698 0.428990 0.668475 0.093852 0.208226 0.482591 0.650621 1.532758 1.575809 0.000000 0.742898 0.035225 1.311533 0.126875 1.796529 1.787894 0.433744 0.449442 1.350506 0.545804 0.499416 0.023350 0.395397 1.814667 0.420881 0.298808 1.552315 0.238518 1.268061
0.344873 0.655127 1.655127 1.344873 1.660944 0.531623 0.480898 0.451239 1.429513 1.302741 1.668564 1.836578 1.685655 0.362200 1.850720 1.033765 1.074813 0.688299 1.254552 1.115630 0.961312 0.747596 1.171889 0.074424 0.649046 0.534673 0.260307 0.092278 1.724343 1.681293 0.742898 0.000000 0.778124 1.945569 0.616023 1.460573 1.044995 0.309155 1.192340 1.906596 1.288702 0.243482 0.719548 0.347502 1.071769 0.322017 0.444090 1.704786 0.504380 1.989041
1.122997 0.122997 0.877003 1.877003 0.882820 0.246501 1.259022 1.229363 0.651389 0.524617 1.553312 1.058454 1.536221 0.415924 1.072596 1.811889 1.852937 1.466422 0.476428 0.337506 1.739435 0.030528 0.393765 0.703700 0.129078 0.243451 0.517817 0.685846 1.497533 1.540583 0.035225 0.778124 0.000000 1.276307 0.162101 1.761303 1.823119 0.468969 0.414217 1.315280 0.510578 0.534642 0.058576 0.430622 1.849892 0.456107 0.334034 1.517090 0.273744 1.232836
1.600696 1.399304 0.399304 0.600696 0.393487 1.522808 1.464671 1.494330 0.624918 0.751690 0.277005 0.217853 0.259914 1.692231 0.203711 0.911804 0.870755 1.257270 0.799879 0.938801 0.984257 1.306835 0.882542 1.980007 1.405385 1.519758 1.794124 1.962153 0.221226 0.264276 1.311533 1.945569 1.276307 0.000000 1.438408 0.484996 0.900574 1.745276 0.862091 0.038973 0.765729 1.810949 1.334883 1.706929 0.873800 1.732414 1.610341 0.240782 1.550051 0.043472
0.960896 0.039104 1.039104 1.960896 1.044921 0.084400 1.096921 1.067262 0.813490 0.686718 1.715413 1.220555 1.698322 0.253823 1.234697 1.649788 1.690836 1.304321 0.638529 0.499607 1.577335 0.131573 0.555866 0.541599 0.033023 0.081350 0.355716 0.523745 1.659634 1.702684 0.126875 0.616023 0.162101 1.438408 0.000000 1.923404 1.661018 0.306868 0.576318 1.477381 0.672679 0.372541 0.103525 0.268521 1.687791 0.294006 0.171933 1.679191 0.111643 1.394937
1.115700 1.884300 0.884300 0.115700 0.878483 1.992196 0.979675 1.009334 1.109914 1.236686 0.207991 0.702849 0.225082 1.822773 0.688707 0.426808 0.385760 0.772275 1.284875 1.423797 0.499261 1.791831 1.367538 1.534997 1.890381 1.995246 1.720880 1.552851 0.263770 0.220720 1.796529 1.460573 1.761303 0.484996 1.923404 0.000000 0.415578 1.769728 1.347086 0.446023 1.250725 1.704055 1.819879 1.808075 0.388805 1.782590 1.904663 0.244213 1.964953 0.528467
0.700123 1.700123 1.299877 0.299877 1.294061 1.576618 0.564097 0.593756 1.525492 1.652264 0.623568 1.118427 0.640660 1.407195 1.104285 0.011230 0.029818 0.356697 1.700453 1.839375 0.083684 1.792592 1.783116 1.119419 1.694041 1.579668 1.305302 1.137273 0.679348 0.636298 1.787894 1.044995 1.823119 0.900574 1.661018 0.415578 0.000000 1.354150 1.762664 0.861600 1.666303 1.288478 1.764543 1.392497 0.026773 1.367012 1.489085 0.659791 1.549375 0.944045
0.654027 0.345973 1.345973 1.654027 1.351789 0.222469 0.790052 0.760394 1.120358 0.993586 1.977718 1.527424 1.994810 0.053045 1.541565 1.342920 1.383968 0.997453 0.945397 0.806476 1.270466 0.438442 0.862734 0.234731 0.339891 0.225518 0.048848 0.216877 1.966502 1.990448 0.433744 0.309155 0.468969 1.745276 0.306868 1.769728 1.354150 0.000000 0.883186 1.784250 0.979547 0.065672 0.410394 0.038347 1.380923 0.012862 0.134935 1.986059 0.195225 1.701805
1.537213 0.537213 0.462787 1.462787 0.468603 0.660717 1.673238 1.643580 0.237172 0.110400 1.139096 0.644238 1.122004 0.830140 0.658380 1.773895 1.732846 1.880639 0.062211 0.076710 1.846348 0.444744 0.020452 1.117917 0.543295 0.657668 0.932033 1.100063 1.083316 1.126366 0.449442 1.192340 0.414217 0.862091 0.576318 1.347086 1.762664 0.883186 0.000000 0.901064 0.096362 0.948858 0.472792 0.844839 1.735891 0.870324 0.748250 1.102873 0.687960 0.818619
1.561723 1.438277 0.438277 0.561723 0.432460 1.561781 1.425698 1.455356 0.663891 0.790664 0.238032 0.256826 0.220940 1.731204 0.242684 0.872831 0.831782 1.218297 0.838852 0.977774 0.945284 1.345808 0.921516 1.981020 1.444358 1.558732 1.833097 1.998873 0.182252 0.225303 1.350506 1.906596 1.315280 0.038973 1.477381 0.446023 0.861600 1.784250 0.901064 0.000000 0.804702 1.849922 1.373856 1.745902 0.834827 1.771387 1.649314 0.201809 1.589024 0.082445
1.633575 0.633575 0.366425 1.366425 0.372242 0.757079 1.769600 1.739941 0.140811 0.014039 1.042734 0.547876 1.025643 0.926502 0.562018 1.677533 1.636485 1.977001 0.034150 0.173072 1.749986 0.541106 0.116813 1.214278 0.639656 0.754029 1.028395 1.196424 0.986955 1.030005 0.545804 1.288702 0.510578 0.765729 0.672679 1.250725 1.666303 0.979547 0.096362 0.804702 0.000000 1.045220 0.569154 0.941200 1.639529 0.966685 0.844612 1.006512 0.784322 0.722257
0.588355 0.411645 1.411645 1.588355 1.417462 0.288141 0.724380 0.694722 1.186031 1.059258 1.912046 1.593096 1.929138 0.118718 1.607238 1.277247 1.318296 0.931781 1.011070 0.872148 1.204794 0.504114 0.928406 0.169058 0.405564 0.291190 0.016825 0.151205 1.967826 1.924775 0.499416 0.243482 0.534642 1.810949 0.372541 1.704055 1.288478 0.065672 0.948858 1.849922 1.045220 0.000000 0.476066 0.104020 1.315251 0.078535 0.200608 1.948269 0.260898 1.767477
1.064421 0.064421 0.935579 1.935579 0.941396 0.187925 1.200446 1.170788 0.709965 0.583192 1.611888 1.117030 1.594797 0.357348 1.131172 1.753313 1.794362 1.407847 0.535004 0.396082 1.680860 0.028048 0.452341 0.645124 0.070502 0.184876 0.459241 0.627270 1.556109 1.599159 0.023350 0.719548 0.058576 1.334883 0.103525 1.819879 1.764543 0.410394 0.472792 1.373856 0.569154 0.476066 0.000000 0.372046 1.791317 0.397531 0.275458 1.575665 0.215168 1.291411
0.692375 0.307625 1.307625 1.692375 1.313442 0.184121 0.828400 0.798741 1.082011 0.955239 1.983934 1.489076 1.966843 0.014698 1.503218 1.381267 1.422315 1.035800 0.907050 0.768128 1.308813 0.400094 0.824387 0.273078 0.301544 0.187171 0.087195 0.255224 1.928155 1.971205 0.395397 0.347502 0.430622 1.706929 0.268521 1.808075 1.392497 0.038347 0.844839 1.745902 0.941200 0.104020 0.372046 0.000000 1.419270 0.025485 0.096588 1.947712 0.156878 1.663458
0.726896 1.726896 1.273104 0.273104 1.267288 1.603392 0.590871 0.620529 1.498719 1.625491 0.596795 1.091653 0.613887 1.433969 1.077511 0.038004 0.003045 0.383470 1.673680 1.812601 0.110457 1.819365 1.756343 1.146192 1.720814 1.606441 1.332076 1.164046 0.652575 0.609525 1.814667 1.071769 1.849892 0.873800 1.687791 0.388805 0.026773 1.380923 1.735891 0.834827 1.639529 1.315251 1.791317 1.419270 0.000000 1.393785 1.515859 0.633018 1.576149 0.917272
0.666890 0.333110 1.333110 1.666890 1.338927 0.209606 0.802915 0.773256 1.107496 0.980724 1.990581 1.514561 1.992328 0.040183 1.528703 1.355782 1.396830 1.010315 0.932535 0.793613 1.283328 0.425579 0.849872 0.247593 0.327029 0.212656 0.061710 0.229739 1.953640 1.996690 0.420881 0.322017 0.456107 1.732414 0.294006 1.782590 1.367012 0.012862 0.870324 1.771387 0.966685 0.078535 0.397531 0.025485 1.393785 0.000000 0.122073 1.973197 0.182363 1.688943
0.788963 0.211037 1.211037 1.788963 1.216854 0.087533 0.924988 0.895329 0.985423 0.858651 1.887346 1.392488 1.870255 0.081890 1.406630 1.477855 1.518904 1.132389 0.810462 0.671540 1.405402 0.303506 0.727799 0.369666 0.204956 0.090583 0.183783 0.351812 1.831567 1.874617 0.298808 0.444090 0.334034 1.610341 0.171933 1.904663 1.489085 0.134935 0.748250 1.649314 0.844612 0.200608 0.275458 0.096588 1.515859 0.122073 0.000000 1.851123 0.060290 1.566869
1.359914 1.640086 0.640086 0.359914 0.634270 1.763590 1.223889 1.253547 0.865701 0.992473 0.036223 0.458635 0.019131 1.933013 0.444493 0.671021 0.629973 1.016488 1.040662 1.179583 0.743475 1.547617 1.123325 1.779210 1.646168 1.760541 1.965094 1.797064 0.019557 0.023493 1.552315 1.704786 1.517090 0.240782 1.679191 0.244213 0.659791 1.986059 1.102873 0.201809 1.006512 1.948269 1.575665 1.947712 0.633018 1.973197 1.851123 0.000000 1.790833 0.284254
0.849253 0.150747 1.150747 1.849253 1.156564 0.027243 0.985278 0.955619 0.925133 0.798361 1.827056 1.332198 1.809965 0.142180 1.346340 1.538145 1.579194 1.192679 0.750172 0.611250 1.465692 0.243216 0.667509 0.429956 0.144666 0.030292 0.244073 0.412102 1.771277 1.814327 0.238518 0.504380 0.273744 1.550051 0.111643 1.964953 1.549375 0.195225 0.687960 1.589024 0.784322 0.260898 0.215168 0.156878 1.576149 0.182363 0.060290 1.790833 0.000000 1.506579
1.644168 1.355832 0.355832 0.644168 0.350016 1.479336 1.508143 1.537801 0.581447 0.708219 0.320477 0.174381 0.303385 1.648759 0.160239 0.955276 0.914227 1.300742 0.756408 0.895329 1.027729 1.263363 0.839071 1.936536 1.361914 1.476287 1.750652 1.918682 0.264697 0.307747 1.268061 1.989041 1.232836 0.043472 1.394937 0.528467 0.944045 1.701805 0.818619 0.082445 0.722257 1.767477 1.291411 1.663458 0.917272 1.688943 1.566869 0.284254 1.506579 0.000000
