30
0.000000 1.000000 2.000000 1.000000 0.209571 0.399463 1.804322 1.677626 1.663979 1.039200 0.143959 1.103299 1.075053 1.180504 1.133158 0.053077 0.344148 0.125084 1.115483 1.006851 0.843776 1.564646 0.528027 1.980716 1.716550 1.680211 1.838671 0.193722 1.003678 1.455171
1.000000 0.000000 1.000000 2.000000 1.209571 1.399463 0.804322 0.677626 1.336021 1.960800 1.143959 0.103299 1.924947 1.819496 1.866842 0.946923 0.655852 0.874916 1.884517 0.006851 0.156224 1.435354 1.528027 1.019284 1.283450 1.319789 1.161329 1.193722 1.996322 0.455171
2.000000 1.000000 0.000000 1.000000 1.790429 1.600537 0.195678 0.322374 0.336021 0.960800 1.856041 0.896701 0.924947 0.819496 0.866842 1.946923 1.655852 1.874916 0.884517 0.993149 1.156224 0.435354 1.471973 0.019284 0.283450 0.319789 0.161329 1.806278 0.996322 0.544829
1.000000 2.000000 1.000000 0.000000 0.790429 0.600537 1.195678 1.322374 0.663979 0.039200 0.856041 1.896701 0.075053 0.180504 0.133158 1.053077 1.344148 1.125084 0.115483 1.993149 1.843776 0.564646 0.471973 0.980716 0.716550 0.680211 0.838671 0.806278 0.003678 1.544829
0.209571 1.209571 1.790429 0.790429 0.000000 0.189891 1.986107 1.887197 1.454408 0.829629 0.065612 1.312871 0.865482 0.970932 0.923586 0.262648 0.553719 0.334655 0.905912 1.216422 1.053347 1.355075 0.318455 1.771144 1.506979 1.470640 1.629099 0.015849 0.794107 1.664743
0.399463 1.399463 1.600537 0.600537 0.189891 0.000000 1.796216 1.922911 1.264517 0.639738 0.255503 1.502762 0.675590 0.781041 0.733695 0.452540 0.743611 0.524546 0.716021 1.406313 1.243238 1.165184 0.128564 1.581253 1.317087 1.280749 1.439208 0.205741 0.604216 1.854634
1.804322 0.804322 0.195678 1.195678 1.986107 1.796216 0.000000 0.126696 0.531699 1.156478 1.948281 0.701022 1.120625 1.015175 1.062521 1.751245 1.460174 1.679238 1.080195 0.797471 0.960546 0.631032 1.667652 0.214963 0.479129 0.515467 0.357008 1.998044 1.192000 0.349150
1.677626 0.677626 0.322374 1.322374 1.887197 1.922911 0.126696 0.000000 0.658395 1.283174 1.821585 0.574326 1.247321 1.141871 1.189217 1.624549 1.333478 1.552542 1.206891 0.670775 0.833850 0.757728 1.794348 0.341659 0.605824 0.642163 0.483704 1.871348 1.318696 0.222454
1.663979 1.336021 0.336021 0.663979 1.454408 1.264517 0.531699 0.658395 0.000000 0.624779 1.520020 1.232721 0.588926 0.483476 0.530822 1.717056 1.991873 1.789063 0.548496 1.329170 1.492245 0.099333 1.135953 0.316736 0.052570 0.016232 0.174691 1.470257 0.660301 0.880849
1.039200 1.960800 0.960800 0.039200 0.829629 0.639738 1.156478 1.283174 0.624779 0.000000 0.895241 1.857500 0.035853 0.141303 0.093957 1.092277 1.383348 1.164284 0.076283 1.953949 1.882976 0.525446 0.511174 0.941515 0.677350 0.641011 0.799470 0.845478 0.035522 1.505628
0.143959 1.143959 1.856041 0.856041 0.065612 0.255503 1.948281 1.821585 1.520020 0.895241 0.000000 1.247259 0.931094 1.036544 0.989198 0.197036 0.488107 0.269043 0.971524 1.150810 0.987735 1.420687 0.384067 1.836756 1.572591 1.536252 1.694711 0.049763 0.859719 1.599131
1.103299 0.103299 0.896701 1.896701 1.312871 1.502762 0.701022 0.574326 1.232721 1.857500 1.247259 0.000000 1.821648 1.716197 1.763543 1.050223 0.759152 0.978216 1.781217 0.096449 0.259524 1.332054 1.631326 0.915985 1.180151 1.216489 1.058030 1.297021 1.893022 0.351872
1.075053 1.924947 0.924947 0.075053 0.865482 0.675590 1.120625 1.247321 0.588926 0.035853 0.931094 1.821648 0.000000 0.105450 0.058105 1.128130 1.419201 1.200137 0.040430 1.918096 1.918829 0.489593 0.547027 0.905663 0.641497 0.605158 0.763618 0.881331 0.071375 1.469776
1.180504 1.819496 0.819496 0.180504 0.970932 0.781041 1.015175 1.141871 0.483476 0.141303 1.036544 1.716197 0.105450 0.000000 0.047346 1.233580 1.524651 1.305587 0.065020 1.812646 1.975721 0.384143 0.652477 0.800212 0.536046 0.499708 0.658167 0.986781 0.176825 1.364325
1.133158 1.866842 0.866842 0.133158 0.923586 0.733695 1.062521 1.189217 0.530822 0.093957 0.989198 1.763543 0.058105 0.047346 0.000000 1.186234 1.477305 1.258241 0.017674 1.859992 1.976933 0.431489 0.605131 0.847558 0.583392 0.547054 0.705513 0.939435 0.129479 1.411671
0.053077 0.946923 1.946923 1.053077 0.262648 0.452540 1.751245 1.624549 1.717056 1.092277 0.197036 1.050223 1.128130 1.233580 1.186234 0.000000 0.291071 0.072007 1.168560 0.953774 0.790699 1.617723 0.581103 1.966208 1.769627 1.733288 1.891747 0.246799 1.056755 1.402095
0.344148 0.655852 1.655852 1.344148 0.553719 0.743611 1.460174 1.333478 1.991873 1.383348 0.488107 0.759152 1.419201 1.524651 1.477305 0.291071 0.000000 0.219064 1.459631 0.662703 0.499628 1.908794 0.872174 1.675136 1.939302 1.975641 1.817182 0.537870 1.347826 1.111024
0.125084 0.874916 1.874916 1.125084 0.334655 0.524546 1.679238 1.552542 1.789063 1.164284 0.269043 0.978216 1.200137 1.305587 1.258241 0.072007 0.219064 0.000000 1.240567 0.881767 0.718692 1.689730 0.653110 1.894201 1.841634 1.805295 1.963754 0.318806 1.128762 1.330088
1.115483 1.884517 0.884517 0.115483 0.905912 0.716021 1.080195 1.206891 0.548496 0.076283 0.971524 1.781217 0.040430 0.065020 0.017674 1.168560 1.459631 1.240567 0.000000 1.877666 1.959259 0.449163 0.587457 0.865232 0.601066 0.564728 0.723187 0.921761 0.111805 1.429345
1.006851 0.006851 0.993149 1.993149 1.216422 1.406313 0.797471 0.670775 1.329170 1.953949 1.150810 0.096449 1.918096 1.812646 1.859992 0.953774 0.662703 0.881767 1.877666 0.000000 0.163075 1.428503 1.534877 1.012434 1.276599 1.312938 1.154479 1.200573 1.989471 0.448321
0.843776 0.156224 1.156224 1.843776 1.053347 1.243238 0.960546 0.833850 1.492245 1.882976 0.987735 0.259524 1.918829 1.975721 1.976933 0.790699 0.499628 0.718692 1.959259 0.163075 0.000000 1.591578 1.371802 1.175509 1.439674 1.476013 1.317554 1.037498 1.847454 0.611396
1.564646 1.435354 0.435354 0.564646 1.355075 1.165184 0.631032 0.757728 0.099333 0.525446 1.420687 1.332054 0.489593 0.384143 0.431489 1.617723 1.908794 1.689730 0.449163 1.428503 1.591578 0.000000 1.036620 0.416069 0.151904 0.115565 0.274024 1.370924 0.560968 0.980182
0.528027 1.528027 1.471973 0.471973 0.318455 0.128564 1.667652 1.794348 1.135953 0.511174 0.384067 1.631326 0.547027 0.652477 0.605131 0.581103 0.872174 0.653110 0.587457 1.534877 1.371802 1.036620 0.000000 1.452689 1.188523 1.152185 1.310644 0.334304 0.475652 1.983198
1.980716 1.019284 0.019284 0.980716 1.771144 1.581253 0.214963 0.341659 0.316736 0.941515 1.836756 0.915985 0.905663 0.800212 0.847558 1.966208 1.675136 1.894201 0.865232 1.012434 1.175509 0.416069 1.452689 0.000000 0.264166 0.300504 0.142045 1.786994 0.977037 0.564113
1.716550 1.283450 0.283450 0.716550 1.506979 1.317087 0.479129 0.605824 0.052570 0.677350 1.572591 1.180151 0.641497 0.536046 0.583392 1.769627 1.939302 1.841634 0.601066 1.276599 1.439674 0.151904 1.188523 0.264166 0.000000 0.036339 0.122121 1.522828 0.712872 0.828279
1.680211 1.319789 0.319789 0.680211 1.470640 1.280749 0.515467 0.642163 0.016232 0.641011 1.536252 1.216489 0.605158 0.499708 0.547054 1.733288 1.975641 1.805295 0.564728 1.312938 1.476013 0.115565 1.152185 0.300504 0.036339 0.000000 0.158459 1.486489 0.676533 0.864617
1.838671 1.161329 0.161329 0.838671 1.629099 1.439208 0.357008 0.483704 0.174691 0.799470 1.694711 1.058030 0.763618 0.658167 0.705513 1.891747 1.817182 1.963754 0.723187 1.154479 1.317554 0.274024 1.310644 0.142045 0.122121 0.158459 0.000000 1.644948 0.834992 0.706158
0.193722 1.193722 1.806278 0.806278 0.015849 0.205741 1.998044 1.871348 1.470257 0.845478 0.049763 1.297021 0.881331 0.986781 0.939435 0.246799 0.537870 0.318806 0.921761 1.200573 1.037498 1.370924 0.334304 1.786994 1.522828 1.486489 1.644948 0.000000 0.809956 1.648893
1.003678 1.996322 0.996322 0.003678 0.794107 0.604216 1.192000 1.318696 0.660301 0.035522 0.859719 1.893022 0.071375 0.176825 0.129479 1.056755 1.347826 1.128762 0.111805 1.989471 1.847454 0.560968 0.475652 0.977037 0.712872 0.676533 0.834992 0.809956 0.000000 1.541150
1.455171 0.455171 0.544829 1.544829 1.664743 1.854634 0.349150 0.222454 0.880849 1.505628 1.599131 0.351872 1.469776 1.364325 1.411671 1.402095 1.111024 1.330088 1.429345 0.448321 0.611396 0.980182 1.983198 0.564113 0.828279 0.864617 0.706158 1.648893 1.541150 0.000000
