15
0.000000 1.000000 2.000000 1.000000 0.857079 1.911641 0.992181 0.342835 1.461081 0.877922 1.193311 0.394813 1.518808 0.958381 1.473197
1.000000 0.000000 1.000000 2.000000 0.142921 1.088359 0.007819 1.342835 1.538919 0.122078 0.193311 0.605187 1.481192 0.041619 1.526803
2.000000 1.000000 0.000000 1.000000 1.142921 0.088359 1.007819 1.657165 0.538919 1.122078 0.806689 1.605187 0.481192 1.041619 0.526803
1.000000 2.000000 1.000000 0.000000 1.857079 0.911641 1.992181 0.657165 0.461081 1.877922 1.806689 1.394813 0.518808 1.958381 0.473197
0.857079 0.142921 1.142921 1.857079 0.000000 1.231281 0.135103 1.199913 1.681840 0.020844 0.336233 0.462266 1.624114 0.101303 1.669725
1.911641 1.088359 0.088359 0.911641 1.231281 0.000000 1.096178 1.568806 0.450559 1.210437 0.895048 1.693547 0.392833 1.129978 0.438444
0.992181 0.007819 1.007819 1.992181 0.135103 1.096178 0.000000 1.335016 1.546738 0.114259 0.201130 0.597368 1.489011 0.033800 1.534622
0.342835 1.342835 1.657165 0.657165 1.199913 1.568806 1.335016 0.000000 1.118247 1.220757 1.536146 0.737647 1.175973 1.301216 1.130362
1.461081 1.538919 0.538919 0.461081 1.681840 0.450559 1.546738 1.118247 0.000000 1.660997 1.345608 1.855894 0.057727 1.580538 0.012116
0.877922 0.122078 1.122078 1.877922 0.020844 1.210437 0.114259 1.220757 1.660997 0.000000 0.315389 0.483110 1.603270 0.080459 1.648881
1.193311 0.193311 0.806689 1.806689 0.336233 0.895048 0.201130 1.536146 1.345608 0.315389 0.000000 0.798499 1.287881 0.234930 1.333492
0.394813 0.605187 1.605187 1.394813 0.462266 1.693547 0.597368 0.737647 1.855894 0.483110 0.798499 0.000000 1.913620 0.563569 1.868009
1.518808 1.481192 0.481192 0.518808 1.624114 0.392833 1.489011 1.175973 0.057727 1.603270 1.287881 1.913620 0.000000 1.522811 0.045611
0.958381 0.041619 1.041619 1.958381 0.101303 1.129978 0.033800 1.301216 1.580538 0.080459 0.234930 0.563569 1.522811 0.000000 1.568422
1.473197 1.526803 0.526803 0.473197 1.669725 0.438444 1.534622 1.130362 0.012116 1.648881 1.333492 1.868009 0.045611 1.568422 0.000000
