50
0.000000 1.000000 2.000000 1.000000 0.599264 1.887861 0.776825 1.056238 0.196334 1.050200 1.572643 1.306824 0.645046 1.095085 1.593310 0.010218 1.514772 0.811426 0.173769 1.907608 1.685110 1.119237 1.096805 1.155703 0.794442 0.673864 0.070567 0.577458 0.805967 0.929181 0.130802 1.359050 0.323155 0.211897 0.247766 0.254087 1.913470 0.997977 0.118966 0.114474 0.143806 0.631000 0.825195 1.883311 0.850609 1.241583 1.099213 0.150835 1.255087 1.220670
1.000000 0.000000 1.000000 2.000000 0.400736 1.112139 0.223175 0.056238 0.803666 1.949800 1.427357 1.693176 1.645046 0.095085 0.593310 1.010218 1.485228 0.188574 1.173769 1.092392 1.314890 0.119237 0.096805 0.155703 0.205558 0.326136 1.070567 0.422542 1.805967 1.929181 1.130802 1.640950 1.323155 0.788103 0.752234 0.745913 0.913470 1.997977 0.881034 1.114474 0.856194 0.369000 0.174805 0.883311 1.850609 1.758417 0.099213 1.150835 1.744913 1.779330
2.000000 1.000000 0.000000 1.000000 1.400736 0.112139 1.223175 0.943762 1.803666 0.949800 0.427357 0.693176 1.354954 0.904915 0.406690 1.989782 0.485228 1.188574 1.826231 0.092392 0.314890 0.880763 0.903195 0.844297 1.205558 1.326136 1.929433 1.422542 1.194033 1.070819 1.869198 0.640950 1.676845 1.788103 1.752234 1.745913 0.086530 1.002023 1.881034 1.885526 1.856194 1.369000 1.174805 0.116689 1.149391 0.758417 0.900787 1.849165 0.744913 0.779330
1.000000 2.000000 1.000000 0.000000 1.599264 0.887861 1.776825 1.943762 1.196334 0.050200 0.572643 0.306824 0.354954 1.904915 1.406690 0.989782 0.514772 1.811426 0.826231 0.907608 0.685110 1.880763 1.903195 1.844297 1.794442 1.673864 0.929433 1.577458 0.194033 0.070819 0.869198 0.359050 0.676845 1.211897 1.247766 1.254087 1.086530 0.002023 1.118966 0.885526 1.143806 1.631000 1.825195 1.116689 0.149391 0.241583 1.900787 0.849165 0.255087 0.220670
0.599264 0.400736 1.400736 1.599264 0.000000 1.512875 0.177561 0.456975 0.402930 1.649464 1.828093 1.906088 1.244310 0.495821 0.994046 0.609482 1.885964 0.212162 0.773033 1.493128 1.715626 0.519973 0.497541 0.556439 0.195178 0.074600 0.669831 0.021806 1.405231 1.528445 0.730066 1.958314 0.922419 0.387367 0.351498 0.345177 1.314206 1.597241 0.480298 0.713738 0.455458 0.031736 0.225931 1.284047 1.449873 1.840847 0.499949 0.750099 1.854351 1.819934
1.887861 1.112139 0.112139 0.887861 1.512875 0.000000 1.335314 1.055901 1.915806 0.837661 0.315217 0.581037 1.242815 1.017054 0.518829 1.877643 0.373089 1.300713 1.714092 0.019747 0.202751 0.992902 1.015335 0.956436 1.317698 1.438276 1.817294 1.534681 1.081894 0.958680 1.757059 0.528811 1.564706 1.900242 1.864373 1.858052 0.198670 0.889884 1.993174 1.773387 1.968333 1.481140 1.286945 0.228828 1.037252 0.646277 1.012927 1.737025 0.632773 0.667190
0.776825 0.223175 1.223175 1.776825 0.177561 1.335314 0.000000 0.279414 0.580491 1.827025 1.650532 1.916351 1.421871 0.318260 0.816485 0.787043 1.708403 0.034601 0.950594 1.315567 1.538065 0.342412 0.319980 0.378878 0.017617 0.102961 0.847392 0.199367 1.582792 1.706005 0.907627 1.864125 1.099980 0.564928 0.529059 0.522738 1.136645 1.774802 0.657859 0.891299 0.633019 0.145825 0.048370 1.106486 1.627433 1.981592 0.322388 0.927660 1.968088 1.997495
1.056238 0.056238 0.943762 1.943762 0.456975 1.055901 0.279414 0.000000 0.859905 1.893562 1.371118 1.636938 1.701284 0.038846 0.537072 1.066456 1.428989 0.244813 1.230007 1.036153 1.258652 0.062999 0.040566 0.099465 0.261797 0.382375 1.126805 0.478781 1.862205 1.985419 1.187040 1.584712 1.379393 0.844342 0.808472 0.802151 0.857231 1.945785 0.937273 1.170713 0.912433 0.425239 0.231044 0.827073 1.906847 1.702178 0.042974 1.207074 1.688674 1.723091
0.196334 0.803666 1.803666 1.196334 0.402930 1.915806 0.580491 0.859905 0.000000 1.246533 1.768977 1.503157 0.841379 0.898751 1.396977 0.206551 1.711106 0.615092 0.370102 1.896058 1.881443 0.922904 0.900471 0.959370 0.598108 0.477530 0.266901 0.381124 1.002300 1.125514 0.327135 1.555383 0.519488 0.015563 0.051433 0.057754 1.717136 1.194310 0.077368 0.310808 0.052528 0.434666 0.628861 1.686978 1.046942 1.437917 0.902879 0.347169 1.451421 1.417004
1.050200 1.949800 0.949800 0.050200 1.649464 0.837661 1.827025 1.893562 1.246533 0.000000 0.522443 0.256624 0.405154 1.854715 1.356490 1.039982 0.464572 1.861626 0.876431 0.857408 0.634910 1.830563 1.852995 1.794097 1.844642 1.724064 0.979633 1.627658 0.244233 0.121019 0.919398 0.308850 0.727045 1.262097 1.297966 1.304287 1.036330 0.052223 1.169166 0.935726 1.194006 1.681200 1.875395 1.066489 0.199591 0.191384 1.850587 0.899365 0.204887 0.170471
1.572643 1.427357 0.427357 0.572643 1.828093 0.315217 1.650532 1.371118 1.768977 0.522443 0.000000 0.265820 0.927597 1.332272 0.834046 1.562426 0.057871 1.615931 1.398875 0.334965 0.112467 1.308119 1.330552 1.271653 1.632915 1.753493 1.502076 1.849899 0.766677 0.643463 1.441842 0.213593 1.249489 1.784540 1.820410 1.826731 0.513887 0.574667 1.691609 1.458169 1.716449 1.796357 1.602162 0.544045 0.722035 0.331060 1.328144 1.421808 0.317556 0.351973
1.306824 1.693176 0.693176 0.306824 1.906088 0.581037 1.916351 1.636938 1.503157 0.256624 0.265820 0.000000 0.661778 1.598091 1.099866 1.296606 0.207948 1.881750 1.133055 0.600784 0.378286 1.573939 1.596371 1.537473 1.898735 1.980688 1.236257 1.884282 0.500857 0.377643 1.176022 0.052226 0.983669 1.518721 1.554590 1.560911 0.779706 0.308847 1.425790 1.192350 1.450630 1.937824 1.867981 0.809865 0.456215 0.065240 1.593964 1.155988 0.051737 0.086153
0.645046 1.645046 1.354954 0.354954 1.244310 1.242815 1.421871 1.701284 0.841379 0.405154 0.927597 0.661778 0.000000 1.740131 1.761644 0.634828 0.869726 1.456472 0.471277 1.262562 1.040064 1.764283 1.741851 1.800749 1.439487 1.318910 0.574479 1.222504 0.160921 0.284135 0.514244 0.714004 0.321891 0.856943 0.892812 0.899133 1.441484 0.352931 0.764012 0.530572 0.788852 1.276046 1.470241 1.471643 0.205563 0.596538 1.744259 0.494210 0.610041 0.575625
1.095085 0.095085 0.904915 1.904915 0.495821 1.017054 0.318260 0.038846 0.898751 1.854715 1.332272 1.598091 1.740131 0.000000 0.498225 1.105303 1.390143 0.283659 1.268854 0.997307 1.219805 0.024152 0.001720 0.060618 0.300643 0.421221 1.165652 0.517627 1.901052 1.975734 1.225887 1.545865 1.418240 0.883188 0.847319 0.840998 0.818385 1.906938 0.976119 1.209559 0.951279 0.464085 0.269890 0.788226 1.945694 1.663332 0.004128 1.245920 1.649828 1.684245
1.593310 0.593310 0.406690 1.406690 0.994046 0.518829 0.816485 0.537072 1.396977 1.356490 0.834046 1.099866 1.761644 0.498225 0.000000 1.603528 0.891918 0.781884 1.767079 0.499082 0.721580 0.474073 0.496505 0.437607 0.798869 0.919447 1.663877 1.015852 1.600723 1.477509 1.724112 1.047640 1.916465 1.381413 1.345544 1.339223 0.320160 1.408713 1.474344 1.707784 1.449504 0.962310 0.768116 0.290001 1.556081 1.165106 0.494098 1.744146 1.151603 1.186019
0.010218 1.010218 1.989782 0.989782 0.609482 1.877643 0.787043 1.066456 0.206551 1.039982 1.562426 1.296606 0.634828 1.105303 1.603528 0.000000 1.504554 0.821644 0.163551 1.897390 1.674892 1.129455 1.107023 1.165921 0.804659 0.684081 0.060349 0.587676 0.795749 0.918963 0.120584 1.348832 0.312937 0.222115 0.257984 0.264305 1.923688 0.987759 0.129184 0.104256 0.154024 0.641217 0.835412 1.893529 0.840391 1.231366 1.109430 0.140618 1.244869 1.210453
1.514772 1.485228 0.485228 0.514772 1.885964 0.373089 1.708403 1.428989 1.711106 0.464572 0.057871 0.207948 0.869726 1.390143 0.891918 1.504554 0.000000 1.673802 1.341003 0.392836 0.170338 1.365990 1.388423 1.329525 1.690786 1.811364 1.444205 1.907770 0.708805 0.585592 1.383970 0.155722 1.191617 1.726669 1.762538 1.768859 0.571758 0.516795 1.633738 1.400298 1.658578 1.854228 1.660033 0.601917 0.664164 0.273189 1.386015 1.363937 0.259685 0.294102
0.811426 0.188574 1.188574 1.811426 0.212162 1.300713 0.034601 0.244813 0.615092 1.861626 1.615931 1.881750 1.456472 0.283659 0.781884 0.821644 1.673802 0.000000 0.985195 1.280966 1.503464 0.307812 0.285379 0.344277 0.016984 0.137562 0.881993 0.233968 1.617393 1.740606 0.942228 1.829524 1.134581 0.599529 0.563660 0.557339 1.102044 1.809403 0.692460 0.925900 0.667620 0.180426 0.013769 1.071885 1.662034 1.946991 0.287787 0.962261 1.933487 1.967904
0.173769 1.173769 1.826231 0.826231 0.773033 1.714092 0.950594 1.230007 0.370102 0.876431 1.398875 1.133055 0.471277 1.268854 1.767079 0.163551 1.341003 0.985195 0.000000 1.733839 1.511341 1.293006 1.270574 1.329472 0.968210 0.847632 0.103202 0.751227 0.632198 0.755412 0.042967 1.185281 0.149386 0.385666 0.421535 0.427856 1.912761 0.824208 0.292735 0.059295 0.317575 0.804768 0.998963 1.942920 0.676840 1.067815 1.272981 0.022933 1.081318 1.046902
1.907608 1.092392 0.092392 0.907608 1.493128 0.019747 1.315567 1.036153 1.896058 0.857408 0.334965 0.600784 1.262562 0.997307 0.499082 1.897390 0.392836 1.280966 1.733839 0.000000 0.222498 0.973154 0.995587 0.936689 1.297950 1.418528 1.837041 1.514934 1.101641 0.978428 1.776806 0.548558 1.584453 1.880495 1.844626 1.838305 0.178922 0.909631 1.973426 1.793134 1.948586 1.461392 1.267197 0.209081 1.057000 0.666025 0.993179 1.756773 0.652521 0.686938
1.685110 1.314890 0.314890 0.685110 1.715626 0.202751 1.538065 1.258652 1.881443 0.634910 0.112467 0.378286 1.040064 1.219805 0.721580 1.674892 0.170338 1.503464 1.511341 0.222498 0.000000 1.195653 1.218085 1.159187 1.520449 1.641026 1.614543 1.737432 0.879143 0.755929 1.554308 0.326060 1.361955 1.897007 1.932876 1.939197 0.401420 0.687133 1.804076 1.570636 1.828916 1.683890 1.489695 0.431579 0.834501 0.443526 1.215677 1.534274 0.430023 0.464439
1.119237 0.119237 0.880763 1.880763 0.519973 0.992902 0.342412 0.062999 0.922904 1.830563 1.308119 1.573939 1.764283 0.024152 0.474073 1.129455 1.365990 0.307812 1.293006 0.973154 1.195653 0.000000 0.022433 0.036466 0.324796 0.445374 1.189804 0.541780 1.925204 1.951582 1.250039 1.521713 1.442392 0.907341 0.871471 0.865150 0.794232 1.882786 1.000272 1.233712 0.975432 0.488238 0.294043 0.764074 1.969846 1.639179 0.020025 1.270073 1.625675 1.660092
1.096805 0.096805 0.903195 1.903195 0.497541 1.015335 0.319980 0.040566 0.900471 1.852995 1.330552 1.596371 1.741851 0.001720 0.496505 1.107023 1.388423 0.285379 1.270574 0.995587 1.218085 0.022433 0.000000 0.058898 0.302363 0.422941 1.167372 0.519347 1.902772 1.974015 1.227607 1.544145 1.419959 0.884908 0.849038 0.842717 0.816665 1.905219 0.977839 1.211279 0.952999 0.465805 0.271610 0.786506 1.947413 1.661612 0.002408 1.247640 1.648108 1.682525
1.155703 0.155703 0.844297 1.844297 0.556439 0.956436 0.378878 0.099465 0.959370 1.794097 1.271653 1.537473 1.800749 0.060618 0.437607 1.165921 1.329525 0.344277 1.329472 0.936689 1.159187 0.036466 0.058898 0.000000 0.361262 0.481840 1.226270 0.578245 1.961670 1.915116 1.286505 1.485247 1.478858 0.943806 0.907937 0.901616 0.757767 1.846320 1.036737 1.270177 1.011897 0.524704 0.330509 0.727608 1.993688 1.602713 0.056491 1.306539 1.589210 1.623626
0.794442 0.205558 1.205558 1.794442 0.195178 1.317698 0.017617 0.261797 0.598108 1.844642 1.632915 1.898735 1.439487 0.300643 0.798869 0.804659 1.690786 0.016984 0.968210 1.297950 1.520449 0.324796 0.302363 0.361262 0.000000 0.120578 0.865009 0.216984 1.600408 1.723622 0.925243 1.846509 1.117596 0.582545 0.546675 0.540354 1.119028 1.792418 0.675476 0.908916 0.650636 0.163442 0.030753 1.088870 1.645050 1.963975 0.304771 0.945277 1.950471 1.984888
0.673864 0.326136 1.326136 1.673864 0.074600 1.438276 0.102961 0.382375 0.477530 1.724064 1.753493 1.980688 1.318910 0.421221 0.919447 0.684081 1.811364 0.137562 0.847632 1.418528 1.641026 0.445374 0.422941 0.481840 0.120578 0.000000 0.744431 0.096406 1.479831 1.603044 0.804665 1.967086 0.997018 0.461967 0.426097 0.419776 1.239606 1.671840 0.554898 0.788338 0.530058 0.042864 0.151331 1.209447 1.524472 1.915447 0.425349 0.824699 1.928951 1.894534
0.070567 1.070567 1.929433 0.929433 0.669831 1.817294 0.847392 1.126805 0.266901 0.979633 1.502076 1.236257 0.574479 1.165652 1.663877 0.060349 1.444205 0.881993 0.103202 1.837041 1.614543 1.189804 1.167372 1.226270 0.865009 0.744431 0.000000 0.648025 0.735400 0.858614 0.060235 1.288483 0.252588 0.282464 0.318333 0.324654 1.984037 0.927410 0.189533 0.043907 0.214373 0.701567 0.895762 1.953878 0.780042 1.171017 1.169780 0.080268 1.184520 1.150103
0.577458 0.422542 1.422542 1.577458 0.021806 1.534681 0.199367 0.478781 0.381124 1.627658 1.849899 1.884282 1.222504 0.517627 1.015852 0.587676 1.907770 0.233968 0.751227 1.514934 1.737432 0.541780 0.519347 0.578245 0.216984 0.096406 0.648025 0.000000 1.383425 1.506638 0.708260 1.936508 0.900613 0.365561 0.329692 0.323371 1.336012 1.575434 0.458492 0.691932 0.433652 0.053542 0.247737 1.305853 1.428066 1.819041 0.521755 0.728293 1.832545 1.798128
0.805967 1.805967 1.194033 0.194033 1.405231 1.081894 1.582792 1.862205 1.002300 0.244233 0.766677 0.500857 0.160921 1.901052 1.600723 0.795749 0.708805 1.617393 0.632198 1.101641 0.879143 1.925204 1.902772 1.961670 1.600408 1.479831 0.735400 1.383425 0.000000 0.123214 0.675165 0.553083 0.482812 1.017864 1.053733 1.060054 1.280563 0.192010 0.924933 0.691493 0.949773 1.436967 1.631161 1.310722 0.044642 0.435617 1.905179 0.655131 0.449120 0.414704
0.929181 1.929181 1.070819 0.070819 1.528445 0.958680 1.706005 1.985419 1.125514 0.121019 0.643463 0.377643 0.284135 1.975734 1.477509 0.918963 0.585592 1.740606 0.755412 0.978428 0.755929 1.951582 1.974015 1.915116 1.723622 1.603044 0.858614 1.506638 0.123214 0.000000 0.798379 0.429869 0.606026 1.141077 1.176947 1.183268 1.157350 0.068796 1.048146 0.814706 1.072986 1.560180 1.754375 1.187508 0.078572 0.312403 1.971607 0.778345 0.325907 0.291490
0.130802 1.130802 1.869198 0.869198 0.730066 1.757059 0.907627 1.187040 0.327135 0.919398 1.441842 1.176022 0.514244 1.225887 1.724112 0.120584 1.383970 0.942228 0.042967 1.776806 1.554308 1.250039 1.227607 1.286505 0.925243 0.804665 0.060235 0.708260 0.675165 0.798379 0.000000 1.228248 0.192353 0.342699 0.378568 0.384889 1.955728 0.867175 0.249768 0.016328 0.274608 0.761801 0.955996 1.985887 0.719807 1.110782 1.230014 0.020034 1.124285 1.089869
1.359050 1.640950 0.640950 0.359050 1.958314 0.528811 1.864125 1.584712 1.555383 0.308850 0.213593 0.052226 0.714004 1.545865 1.047640 1.348832 0.155722 1.829524 1.185281 0.548558 0.326060 1.521713 1.544145 1.485247 1.846509 1.967086 1.288483 1.936508 0.553083 0.429869 1.228248 0.000000 1.035895 1.570947 1.606816 1.613137 0.727480 0.361073 1.478016 1.244576 1.502856 1.990050 1.815755 0.757639 0.508441 0.117466 1.541737 1.208214 0.103963 0.138379
0.323155 1.323155 1.676845 0.676845 0.922419 1.564706 1.099980 1.379393 0.519488 0.727045 1.249489 0.983669 0.321891 1.418240 1.916465 0.312937 1.191617 1.134581 0.149386 1.584453 1.361955 1.442392 1.419959 1.478858 1.117596 0.997018 0.252588 0.900613 0.482812 0.606026 0.192353 1.035895 0.000000 0.535052 0.570921 0.577242 1.763376 0.674822 0.442120 0.208681 0.466961 0.954154 1.148349 1.793534 0.527454 0.918429 1.422367 0.172319 0.931933 0.897516
0.211897 0.788103 1.788103 1.211897 0.387367 1.900242 0.564928 0.844342 0.015563 1.262097 1.784540 1.518721 0.856943 0.883188 1.381413 0.222115 1.726669 0.599529 0.385666 1.880495 1.897007 0.907341 0.884908 0.943806 0.582545 0.461967 0.282464 0.365561 1.017864 1.141077 0.342699 1.570947 0.535052 0.000000 0.035869 0.042190 1.701573 1.209874 0.092931 0.326371 0.068091 0.419103 0.613298 1.671414 1.062505 1.453480 0.887316 0.362732 1.466984 1.432567
0.247766 0.752234 1.752234 1.247766 0.351498 1.864373 0.529059 0.808472 0.051433 1.297966 1.820410 1.554590 0.892812 0.847319 1.345544 0.257984 1.762538 0.563660 0.421535 1.844626 1.932876 0.871471 0.849038 0.907937 0.546675 0.426097 0.318333 0.329692 1.053733 1.176947 0.378568 1.606816 0.570921 0.035869 0.000000 0.006321 1.665703 1.245743 0.128801 0.362240 0.103960 0.383233 0.577428 1.635545 1.098375 1.489350 0.851446 0.398602 1.502854 1.468437
0.254087 0.745913 1.745913 1.254087 0.345177 1.858052 0.522738 0.802151 0.057754 1.304287 1.826731 1.560911 0.899133 0.840998 1.339223 0.264305 1.768859 0.557339 0.427856 1.838305 1.939197 0.865150 0.842717 0.901616 0.540354 0.419776 0.324654 0.323371 1.060054 1.183268 0.384889 1.613137 0.577242 0.042190 0.006321 0.000000 1.659382 1.252064 0.135122 0.368561 0.110281 0.376912 0.571107 1.629224 1.104696 1.495671 0.845125 0.404923 1.509175 1.474758
1.913470 0.913470 0.086530 1.086530 1.314206 0.198670 1.136645 0.857231 1.717136 1.036330 0.513887 0.779706 1.441484 0.818385 0.320160 1.923688 0.571758 1.102044 1.912761 0.178922 0.401420 0.794232 0.816665 0.757767 1.119028 1.239606 1.984037 1.336012 1.280563 1.157350 1.955728 0.727480 1.763376 1.701573 1.665703 1.659382 0.000000 1.088554 1.794504 1.972056 1.769664 1.282470 1.088275 0.030159 1.235922 0.844947 0.814257 1.935695 0.831443 0.865860
0.997977 1.997977 1.002023 0.002023 1.597241 0.889884 1.774802 1.945785 1.194310 0.052223 0.574667 0.308847 0.352931 1.906938 1.408713 0.987759 0.516795 1.809403 0.824208 0.909631 0.687133 1.882786 1.905219 1.846320 1.792418 1.671840 0.927410 1.575434 0.192010 0.068796 0.867175 0.361073 0.674822 1.209874 1.245743 1.252064 1.088554 0.000000 1.116942 0.883503 1.141783 1.628976 1.823171 1.118712 0.147368 0.243607 1.902811 0.847141 0.257111 0.222694
0.118966 0.881034 1.881034 1.118966 0.480298 1.993174 0.657859 0.937273 0.077368 1.169166 1.691609 1.425790 0.764012 0.976119 1.474344 0.129184 1.633738 0.692460 0.292735 1.973426 1.804076 1.000272 0.977839 1.036737 0.675476 0.554898 0.189533 0.458492 0.924933 1.048146 0.249768 1.478016 0.442120 0.092931 0.128801 0.135122 1.794504 1.116942 0.000000 0.233440 0.024840 0.512034 0.706229 1.764345 0.969574 1.360549 0.980247 0.269801 1.374053 1.339636
0.114474 1.114474 1.885526 0.885526 0.713738 1.773387 0.891299 1.170713 0.310808 0.935726 1.458169 1.192350 0.530572 1.209559 1.707784 0.104256 1.400298 0.925900 0.059295 1.793134 1.570636 1.233712 1.211279 1.270177 0.908916 0.788338 0.043907 0.691932 0.691493 0.814706 0.016328 1.244576 0.208681 0.326371 0.362240 0.368561 1.972056 0.883503 0.233440 0.000000 0.258280 0.745474 0.939669 1.997785 0.736134 1.127109 1.213687 0.036361 1.140613 1.106196
0.143806 0.856194 1.856194 1.143806 0.455458 1.968333 0.633019 0.912433 0.052528 1.194006 1.716449 1.450630 0.788852 0.951279 1.449504 0.154024 1.658578 0.667620 0.317575 1.948586 1.828916 0.975432 0.952999 1.011897 0.650636 0.530058 0.214373 0.433652 0.949773 1.072986 0.274608 1.502856 0.466961 0.068091 0.103960 0.110281 1.769664 1.141783 0.024840 0.258280 0.000000 0.487194 0.681389 1.739505 0.994414 1.385389 0.955407 0.294641 1.398893 1.364476
0.631000 0.369000 1.369000 1.631000 0.031736 1.481140 0.145825 0.425239 0.434666 1.681200 1.796357 1.937824 1.276046 0.464085 0.962310 0.641217 1.854228 0.180426 0.804768 1.461392 1.683890 0.488238 0.465805 0.524704 0.163442 0.042864 0.701567 0.053542 1.436967 1.560180 0.761801 1.990050 0.954154 0.419103 0.383233 0.376912 1.282470 1.628976 0.512034 0.745474 0.487194 0.000000 0.194195 1.252311 1.481608 1.872583 0.468213 0.781835 1.886087 1.851670
0.825195 0.174805 1.174805 1.825195 0.225931 1.286945 0.048370 0.231044 0.628861 1.875395 1.602162 1.867981 1.470241 0.269890 0.768116 0.835412 1.660033 0.013769 0.998963 1.267197 1.489695 0.294043 0.271610 0.330509 0.030753 0.151331 0.895762 0.247737 1.631161 1.754375 0.955996 1.815755 1.148349 0.613298 0.577428 0.571107 1.088275 1.823171 0.706229 0.939669 0.681389 0.194195 0.000000 1.058117 1.675803 1.933222 0.274018 0.976030 1.919718 1.954135
1.883311 0.883311 0.116689 1.116689 1.284047 0.228828 1.106486 0.827073 1.686978 1.066489 0.544045 0.809865 1.471643 0.788226 0.290001 1.893529 0.601917 1.071885 1.942920 0.209081 0.431579 0.764074 0.786506 0.727608 1.088870 1.209447 1.953878 1.305853 1.310722 1.187508 1.985887 0.757639 1.793534 1.671414 1.635545 1.629224 0.030159 1.118712 1.764345 1.997785 1.739505 1.252311 1.058117 0.000000 1.266080 0.875105 0.784099 1.965853 0.861602 0.896018
0.850609 1.850609 1.149391 0.149391 1.449873 1.037252 1.627433 1.906847 1.046942 0.199591 0.722035 0.456215 0.205563 1.945694 1.556081 0.840391 0.664164 1.662034 0.676840 1.057000 0.834501 1.969846 1.947413 1.993688 1.645050 1.524472 0.780042 1.428066 0.044642 0.078572 0.719807 0.508441 0.527454 1.062505 1.098375 1.104696 1.235922 0.147368 0.969574 0.736134 0.994414 1.481608 1.675803 1.266080 0.000000 0.390975 1.949821 0.699773 0.404479 0.370062
1.241583 1.758417 0.758417 0.241583 1.840847 0.646277 1.981592 1.702178 1.437917 0.191384 0.331060 0.065240 0.596538 1.663332 1.165106 1.231366 0.273189 1.946991 1.067815 0.666025 0.443526 1.639179 1.661612 1.602713 1.963975 1.915447 1.171017 1.819041 0.435617 0.312403 1.110782 0.117466 0.918429 1.453480 1.489350 1.495671 0.844947 0.243607 1.360549 1.127109 1.385389 1.872583 1.933222 0.875105 0.390975 0.000000 1.659204 1.090748 0.013504 0.020913
1.099213 0.099213 0.900787 1.900787 0.499949 1.012927 0.322388 0.042974 0.902879 1.850587 1.328144 1.593964 1.744259 0.004128 0.494098 1.109430 1.386015 0.287787 1.272981 0.993179 1.215677 0.020025 0.002408 0.056491 0.304771 0.425349 1.169780 0.521755 1.905179 1.971607 1.230014 1.541737 1.422367 0.887316 0.851446 0.845125 0.814257 1.902811 0.980247 1.213687 0.955407 0.468213 0.274018 0.784099 1.949821 1.659204 0.000000 1.250048 1.645700 1.680117
0.150835 1.150835 1.849165 0.849165 0.750099 1.737025 0.927660 1.207074 0.347169 0.899365 1.421808 1.155988 0.494210 1.245920 1.744146 0.140618 1.363937 0.962261 0.022933 1.756773 1.534274 1.270073 1.247640 1.306539 0.945277 0.824699 0.080268 0.728293 0.655131 0.778345 0.020034 1.208214 0.172319 0.362732 0.398602 0.404923 1.935695 0.847141 0.269801 0.036361 0.294641 0.781835 0.976030 1.965853 0.699773 1.090748 1.250048 0.000000 1.104252 1.069835
1.255087 1.744913 0.744913 0.255087 1.854351 0.632773 1.968088 1.688674 1.451421 0.204887 0.317556 0.051737 0.610041 1.649828 1.151603 1.244869 0.259685 1.933487 1.081318 0.652521 0.430023 1.625675 1.648108 1.589210 1.950471 1.928951 1.184520 1.832545 0.449120 0.325907 1.124285 0.103963 0.931933 1.466984 1.502854 1.509175 0.831443 0.257111 1.374053 1.140613 1.398893 1.886087 1.919718 0.861602 0.404479 0.013504 1.645700 1.104252 0.000000 0.034417
1.220670 1.779330 0.779330 0.220670 1.819934 0.667190 1.997495 1.723091 1.417004 0.170471 0.351973 0.086153 0.575625 1.684245 1.186019 1.210453 0.294102 1.967904 1.046902 0.686938 0.464439 1.660092 1.682525 1.623626 1.984888 1.894534 1.150103 1.798128 0.414704 0.291490 1.089869 0.138379 0.897516 1.432567 1.468437 1.474758 0.865860 0.222694 1.339636 1.106196 1.364476 1.851670 1.954135 0.896018 0.370062 0.020913 1.680117 1.069835 0.034417 0.000000
