10
0.000000 1.000000 2.000000 1.000000 1.950162 1.123432 0.768929 0.132340 1.132363 1.907082
1.000000 0.000000 1.000000 2.000000 0.950162 1.876568 1.768929 1.132340 0.132363 0.907082
2.000000 1.000000 0.000000 1.000000 0.049838 0.876568 1.231071 1.867660 0.867637 0.092918
1.000000 2.000000 1.000000 0.000000 1.049838 0.123432 0.231071 0.867660 1.867637 1.092918
1.950162 0.950162 0.049838 1.049838 0.000000 0.926405 1.280909 1.917498 0.817800 0.043080
1.123432 1.876568 0.876568 0.123432 0.926405 0.000000 0.354503 0.991092 1.744205 0.969486
0.768929 1.768929 1.231071 0.231071 1.280909 0.354503 0.000000 0.636589 1.901292 1.323989
0.132340 1.132340 1.867660 0.867660 1.917498 0.991092 0.636589 0.000000 1.264703 1.960578
1.132363 0.132363 0.867637 1.867637 0.817800 1.744205 1.901292 1.264703 0.000000 0.774720
1.907082 0.907082 0.092918 1.092918 0.043080 0.969486 1.323989 1.960578 0.774720 0.000000
