35
0.000000 1.000000 2.000000 1.000000 1.346034 0.653283 0.754955 1.704950 1.477047 0.420570 1.244600 0.184832 1.533329 0.563906 1.250369 0.111742 0.079729 1.096797 0.739933 0.289212 1.311295 0.027775 0.529603 0.420333 0.103357 1.490239 0.286485 0.760233 1.804880 1.971947 1.900209 0.352705 1.280052 1.533779 1.293380
1.000000 0.000000 1.000000 2.000000 1.653966 1.653283 0.245045 1.295050 0.477047 0.579430 1.755400 1.184832 0.533329 0.436094 0.250369 1.111742 1.079729 0.096797 1.739933 0.710788 1.688705 0.972225 0.470397 1.420333 0.896643 1.509761 0.713515 1.760233 0.804880 0.971947 1.099791 1.352705 1.719948 1.466221 0.293380
2.000000 1.000000 0.000000 1.000000 0.653966 1.346717 1.245045 0.295050 0.522953 1.579430 0.755400 1.815168 0.466671 1.436094 0.749631 1.888258 1.920271 0.903203 1.260067 1.710788 0.688705 1.972225 1.470397 1.579667 1.896643 0.509761 1.713515 1.239767 0.195120 0.028053 0.099791 1.647295 0.719948 0.466221 0.706620
1.000000 2.000000 1.000000 0.000000 0.346034 0.346717 1.754955 0.704950 1.522953 1.420570 0.244600 0.815168 1.466671 1.563906 1.749631 0.888258 0.920271 1.903203 0.260067 1.289212 0.311295 1.027775 1.529603 0.579667 1.103357 0.490239 1.286485 0.239767 1.195120 1.028053 0.900209 0.647295 0.280052 0.533779 1.706620
1.346034 1.653966 0.653966 0.346034 0.000000 0.692751 1.899011 0.358916 1.176918 1.766604 0.101434 1.161202 1.120637 1.909940 1.403597 1.234292 1.266306 1.557169 0.606101 1.635246 0.034739 1.373810 1.875637 0.925701 1.449391 0.144204 1.632519 0.585801 0.849085 0.682019 0.554174 0.993329 0.065982 0.187745 1.360586
0.653283 1.653283 1.346717 0.346717 0.692751 0.000000 1.408238 1.051667 1.869670 1.073853 0.591317 0.468451 1.813388 1.217189 1.903652 0.541541 0.573554 1.750080 0.086650 0.942495 0.658012 0.681058 1.182886 0.232950 0.756640 0.836956 0.939768 0.106950 1.541837 1.374770 1.246926 0.300578 0.626769 0.880496 1.946663
0.754955 0.245045 1.245045 1.754955 1.899011 1.408238 0.000000 1.540095 0.722092 0.334385 1.999555 0.939787 0.778373 0.191049 0.495414 0.866698 0.834684 0.341842 1.494889 0.465743 1.933750 0.727180 0.225352 1.175288 0.651599 1.754806 0.468470 1.515188 1.049925 1.216991 1.344836 1.107660 1.964993 1.711265 0.538425
1.704950 1.295050 0.295050 0.704950 0.358916 1.051667 1.540095 0.000000 0.818003 1.874480 0.460350 1.520118 0.761721 1.731144 1.044681 1.593208 1.625221 1.198253 0.965017 1.994162 0.393655 1.732725 1.765447 1.284617 1.808307 0.214711 1.991435 0.944717 0.490170 0.323103 0.195259 1.352245 0.424898 0.171171 1.001670
1.477047 0.477047 0.522953 1.522953 1.176918 1.869670 0.722092 0.818003 0.000000 1.056477 1.278353 1.661879 0.056281 0.913141 0.226678 1.588790 1.556776 0.380251 1.783019 1.187835 1.211658 1.449272 0.947444 1.897380 1.373691 1.032714 1.190562 1.762720 0.327833 0.494899 0.622744 1.829753 1.242901 0.989173 0.183668
0.420570 0.579430 1.579430 1.420570 1.766604 1.073853 0.334385 1.874480 1.056477 0.000000 1.665170 0.605402 1.112759 0.143336 0.829799 0.532312 0.500299 0.676227 1.160503 0.131358 1.731865 0.392795 0.109033 0.840903 0.317213 1.910809 0.134085 1.180803 1.384310 1.551377 1.679221 0.773275 1.700622 1.954349 0.872810
1.244600 1.755400 0.755400 0.244600 0.101434 0.591317 1.999555 0.460350 1.278353 1.665170 0.000000 1.059768 1.222071 1.808506 1.505031 1.132858 1.164871 1.658603 0.504667 1.533812 0.066695 1.272376 1.774203 0.824267 1.347957 0.245638 1.531085 0.484367 0.950520 0.783453 0.655608 0.891895 0.035452 0.289179 1.462020
0.184832 1.184832 1.815168 0.815168 1.161202 0.468451 0.939787 1.520118 1.661879 0.605402 1.059768 0.000000 1.718161 0.748738 1.435201 0.073090 0.105103 1.281629 0.555101 0.474044 1.126463 0.212607 0.714435 0.235501 0.288189 1.305407 0.471317 0.575401 1.989712 1.843221 1.715376 0.167873 1.095220 1.348947 1.478212
1.533329 0.533329 0.466671 1.466671 1.120637 1.813388 0.778373 0.761721 0.056281 1.112759 1.222071 1.718161 0.000000 0.969423 0.282960 1.645071 1.613057 0.436532 1.726738 1.244116 1.155376 1.505553 1.003726 1.953661 1.429972 0.976433 1.246843 1.706438 0.271552 0.438618 0.566463 1.886034 1.186620 0.932892 0.239949
0.563906 0.436094 1.436094 1.563906 1.909940 1.217189 0.191049 1.731144 0.913141 0.143336 1.808506 0.748738 0.969423 0.000000 0.686463 0.675648 0.643635 0.532891 1.303839 0.274694 1.875201 0.536131 0.034303 0.984239 0.460549 1.945855 0.277421 1.324139 1.240974 1.408041 1.535885 0.916611 1.843958 1.902315 0.729474
1.250369 0.250369 0.749631 1.749631 1.403597 1.903652 0.495414 1.044681 0.226678 0.829799 1.505031 1.435201 0.282960 0.686463 0.000000 1.362111 1.330098 0.153572 1.990302 0.961157 1.438336 1.222593 0.720766 1.670702 1.147012 1.259393 0.963884 1.989398 0.554511 0.721578 0.849423 1.603074 1.469579 1.215852 0.043011
0.111742 1.111742 1.888258 0.888258 1.234292 0.541541 0.866698 1.593208 1.588790 0.532312 1.132858 0.073090 1.645071 0.675648 1.362111 0.000000 0.032014 1.208539 0.628191 0.400955 1.199553 0.139518 0.641345 0.308590 0.215099 1.378496 0.398228 0.648491 1.916623 1.916311 1.788466 0.240963 1.168309 1.422037 1.405122
0.079729 1.079729 1.920271 0.920271 1.266306 0.573554 0.834684 1.625221 1.556776 0.500299 1.164871 0.105103 1.613057 0.643635 1.330098 0.032014 0.000000 1.176526 0.660205 0.368941 1.231566 0.107504 0.609332 0.340604 0.183085 1.410510 0.366214 0.680504 1.884609 1.948325 1.820480 0.272976 1.200323 1.454051 1.373108
1.096797 0.096797 0.903203 1.903203 1.557169 1.750080 0.341842 1.198253 0.380251 0.676227 1.658603 1.281629 0.436532 0.532891 0.153572 1.208539 1.176526 0.000000 1.836730 0.807585 1.591908 1.069021 0.567194 1.517130 0.993440 1.412965 0.810312 1.857030 0.708084 0.875150 1.002995 1.449502 1.623151 1.369424 0.196583
0.739933 1.739933 1.260067 0.260067 0.606101 0.086650 1.494889 0.965017 1.783019 1.160503 0.504667 0.555101 1.726738 1.303839 1.990302 0.628191 0.660205 1.836730 0.000000 1.029145 0.571362 0.767709 1.269536 0.319601 0.843290 0.750305 1.026418 0.020300 1.455186 1.288120 1.160275 0.387228 0.540119 0.793846 1.966687
0.289212 0.710788 1.710788 1.289212 1.635246 0.942495 0.465743 1.994162 1.187835 0.131358 1.533812 0.474044 1.244116 0.274694 0.961157 0.400955 0.368941 0.807585 1.029145 0.000000 1.600507 0.261437 0.240391 0.709545 0.185856 1.779451 0.002727 1.049445 1.515668 1.682735 1.810579 0.641917 1.569264 1.822992 1.004168
1.311295 1.688705 0.688705 0.311295 0.034739 0.658012 1.933750 0.393655 1.211658 1.731865 0.066695 1.126463 1.155376 1.875201 1.438336 1.199553 1.231566 1.591908 0.571362 1.600507 0.000000 1.339070 1.840898 0.890962 1.414652 0.178944 1.597780 0.551062 0.883825 0.716758 0.588913 0.958590 0.031243 0.222484 1.395325
0.027775 0.972225 1.972225 1.027775 1.373810 0.681058 0.727180 1.732725 1.449272 0.392795 1.272376 0.212607 1.505553 0.536131 1.222593 0.139518 0.107504 1.069021 0.767709 0.261437 1.339070 0.000000 0.501828 0.448108 0.075581 1.518014 0.258710 0.788008 1.777105 1.944171 1.927984 0.380481 1.307827 1.561555 1.265604
0.529603 0.470397 1.470397 1.529603 1.875637 1.182886 0.225352 1.765447 0.947444 0.109033 1.774203 0.714435 1.003726 0.034303 0.720766 0.641345 0.609332 0.567194 1.269536 0.240391 1.840898 0.501828 0.000000 0.949936 0.426246 1.980158 0.243118 1.289836 1.275277 1.442344 1.570188 0.882308 1.809655 1.936618 0.763777
0.420333 1.420333 1.579667 0.579667 0.925701 0.232950 1.175288 1.284617 1.897380 0.840903 0.824267 0.235501 1.953661 0.984239 1.670702 0.308590 0.340604 1.517130 0.319601 0.709545 0.890962 0.448108 0.949936 0.000000 0.523689 1.069906 0.706818 0.339900 1.774787 1.607721 1.479876 0.067628 0.859719 1.113447 1.713713
0.103357 0.896643 1.896643 1.103357 1.449391 0.756640 0.651599 1.808307 1.373691 0.317213 1.347957 0.288189 1.429972 0.460549 1.147012 0.215099 0.183085 0.993440 0.843290 0.185856 1.414652 0.075581 0.426246 0.523689 0.000000 1.593595 0.183129 0.863590 1.701524 1.868590 1.996435 0.456062 1.383408 1.637136 1.190023
1.490239 1.509761 0.509761 0.490239 0.144204 0.836956 1.754806 0.214711 1.032714 1.910809 0.245638 1.305407 0.976433 1.945855 1.259393 1.378496 1.410510 1.412965 0.750305 1.779451 0.178944 1.518014 1.980158 1.069906 1.593595 0.000000 1.776724 0.730006 0.704881 0.537815 0.409970 1.137533 0.210187 0.043541 1.216382
0.286485 0.713515 1.713515 1.286485 1.632519 0.939768 0.468470 1.991435 1.190562 0.134085 1.531085 0.471317 1.246843 0.277421 0.963884 0.398228 0.366214 0.810312 1.026418 0.002727 1.597780 0.258710 0.243118 0.706818 0.183129 1.776724 0.000000 1.046718 1.518395 1.685461 1.813306 0.639190 1.566537 1.820265 1.006895
0.760233 1.760233 1.239767 0.239767 0.585801 0.106950 1.515188 0.944717 1.762720 1.180803 0.484367 0.575401 1.706438 1.324139 1.989398 0.648491 0.680504 1.857030 0.020300 1.049445 0.551062 0.788008 1.289836 0.339900 0.863590 0.730006 1.046718 0.000000 1.434887 1.267820 1.139976 0.407528 0.519819 0.773546 1.946387
1.804880 0.804880 0.195120 1.195120 0.849085 1.541837 1.049925 0.490170 0.327833 1.384310 0.950520 1.989712 0.271552 1.240974 0.554511 1.916623 1.884609 0.708084 1.455186 1.515668 0.883825 1.777105 1.275277 1.774787 1.701524 0.704881 1.518395 1.434887 0.000000 0.167066 0.294911 1.842414 0.915068 0.661340 0.511501
1.971947 0.971947 0.028053 1.028053 0.682019 1.374770 1.216991 0.323103 0.494899 1.551377 0.783453 1.843221 0.438618 1.408041 0.721578 1.916311 1.948325 0.875150 1.288120 1.682735 0.716758 1.944171 1.442344 1.607721 1.868590 0.537815 1.685461 1.267820 0.167066 0.000000 0.127845 1.675348 0.748001 0.494274 0.678567
1.900209 1.099791 0.099791 0.900209 0.554174 1.246926 1.344836 0.195259 0.622744 1.679221 0.655608 1.715376 0.566463 1.535885 0.849423 1.788466 1.820480 1.002995 1.160275 1.810579 0.588913 1.927984 1.570188 1.479876 1.996435 0.409970 1.813306 1.139976 0.294911 0.127845 0.000000 1.547503 0.620157 0.366429 0.806412
0.352705 1.352705 1.647295 0.647295 0.993329 0.300578 1.107660 1.352245 1.829753 0.773275 0.891895 0.167873 1.886034 0.916611 1.603074 0.240963 0.272976 1.449502 0.387228 0.641917 0.958590 0.380481 0.882308 0.067628 0.456062 1.137533 0.639190 0.407528 1.842414 1.675348 1.547503 0.000000 0.927347 1.181074 1.646085
1.280052 1.719948 0.719948 0.280052 0.065982 0.626769 1.964993 0.424898 1.242901 1.700622 0.035452 1.095220 1.186620 1.843958 1.469579 1.168309 1.200323 1.623151 0.540119 1.569264 0.031243 1.307827 1.809655 0.859719 1.383408 0.210187 1.566537 0.519819 0.915068 0.748001 0.620157 0.927347 0.000000 0.253728 1.426568
1.533779 1.466221 0.466221 0.533779 0.187745 0.880496 1.711265 0.171171 0.989173 1.954349 0.289179 1.348947 0.932892 1.902315 1.215852 1.422037 1.454051 1.369424 0.793846 1.822992 0.222484 1.561555 1.936618 1.113447 1.637136 0.043541 1.820265 0.773546 0.661340 0.494274 0.366429 1.181074 0.253728 0.000000 1.172841
1.293380 0.293380 0.706620 1.706620 1.360586 1.946663 0.538425 1.001670 0.183668 0.872810 1.462020 1.478212 0.239949 0.729474 0.043011 1.405122 1.373108 0.196583 1.966687 1.004168 1.395325 1.265604 0.763777 1.713713 1.190023 1.216382 1.006895 1.946387 0.511501 0.678567 0.806412 1.646085 1.426568 1.172841 0.000000
